13152	9
13600	9
14575	9
12998	8
12006	7
10069	6
11714	6
11849	6
11870	6
12329	6
13106	6
14227	6
14549	6
10128	5
10278	5
10727	5
11089	5
11112	5
11237	5
11246	5
11387	5
11736	5
11838	5
11892	5
11950	5
12797	5
13326	5
13650	5
13659	5
14138	5
14254	5
14520	5
14734	5
10038	4
10082	4
10192	4
10643	4
10810	4
11120	4
11702	4
11952	4
12170	4
12230	4
12264	4
12281	4
12320	4
12615	4
12838	4
12853	4
12872	4
12875	4
13221	4
13429	4
13465	4
13589	4
14074	4
14100	4
14112	4
14158	4
14159	4
14162	4
14192	4
14482	4
10185	3
10219	3
10598	3
10611	3
10640	3
10778	3
10995	3
11016	3
11038	3
11306	3
11502	3
11633	3
11726	3
11916	3
11960	3
11978	3
12147	3
12192	3
12238	3
12433	3
12485	3
12640	3
12670	3
12793	3
12877	3
12903	3
12912	3
12918	3
12933	3
13183	3
13216	3
13245	3
13645	3
13742	3
13749	3
13785	3
14246	3
14369	3
14820	3
14936	3
14967	3
10026	2
10120	2
10302	2
10307	2
10772	2
10862	2
11305	2
11402	2
11473	2
11494	2
11602	2
11770	2
11848	2
11941	2
11962	2
12375	2
12447	2
12589	2
12594	2
12694	2
12813	2
12905	2
12955	2
13143	2
14084	2
14107	2
14521	2
14757	2
14813	2
14893	2
14927	2
11562	1
11815	1
12219	1
12606	1
12653	1
12922	1
13292	1
13769	1
