idEmpleado	idDepartamento	ventas	importe	
24023	4	29	933.188338416251	
15828	2	10	360.700771082519	
11373	4	5	210.140426741047	
12270	8	8	307.475433530042	
28130	2	13	470.513873170369	
29706	3	50	1590.27187000507	
19228	2	18	620.137711307098	
23397	2	20	670.64671279427	
24429	6	11	384.817528829359	
11872	4	12	417.397581495995	
19456	10	9	352.021950908015	
23869	5	39	1245.10840179637	
15050	6	23	762.868330573136	
17228	10	25	817.146697462139	
21325	2	33	1078.81659237613	
25911	2	23	754.815917962611	
24902	5	24	807.099171805707	
10178	5	4	197.312853353709	
16187	10	37	1196.4072762413	
8707	2	32	1048.82630959564	
27142	10	12	421.211784231109	
18213	2	32	1031.7379905245	
9842	5	12	439.408628102117	
27490	2	18	597.894073556128	
17666	9	48	1524.14502032294	
11578	5	24	781.555171674842	
29235	10	32	1050.29156253221	
18877	8	47	1480.55327830862	
29443	1	24	799.844931252229	
23488	5	25	815.182160891212	
18969	1	6	258.560790763498	
12644	7	35	1125.00032112235	
11473	10	11	393.837281052879	
13647	3	43	1369.64848444315	
14192	5	15	511.556947544011	
13905	4	33	1074.81897679848	
12128	4	49	1556.89359785844	
26419	3	29	931.484572129084	
16881	6	41	1312.38428609091	
18242	3	34	1112.51820690582	
24374	8	18	603.862915879052	
14802	5	32	1051.29526138832	
20207	9	29	948.483266787829	
19014	7	19	642.159483284764	
28924	8	42	1354.36782400793	
26280	6	4	200.397236775792	
19012	3	31	999.010729956911	
15945	3	24	789.732579137074	
23435	2	14	495.69215391562	
21538	1	16	550.385596859448	
29243	6	25	810.333923478766	
19555	2	49	1561.44766720079	
13117	8	17	592.727349304001	
19730	1	46	1470.72589916677	
17523	8	49	1541.44603201255	
11846	7	47	1501.45034789175	
18868	1	48	1521.2921429804	
8350	9	38	1212.24635318492	
13835	9	10	383.3304132071	
14858	3	40	1288.95870149553	
26706	3	18	619.980307472861	
21677	8	22	739.584432998479	
21031	6	46	1470.80178154204	
9487	8	36	1169.63536793815	
18359	7	6	238.836790732498	
19831	2	25	827.021629785663	
10693	1	29	931.271120743487	
17133	3	31	993.219846129985	
13768	6	11	385.589749918128	
13365	2	1	83.9976155776519	
25990	3	24	797.922320104168	
15946	1	46	1475.61459967662	
8480	3	14	484.928567262799	
17656	8	3	163.889069335483	
15521	4	15	524.96339371659	
23600	3	30	969.916522842793	
19569	8	3	163.254723736669	
13354	4	44	1397.24914481735	
12851	8	26	843.5262495482	
10638	9	44	1403.74778354715	
14802	5	43	1382.54444171793	
27276	10	9	340.558983395136	
26901	7	33	1064.861124393	
22458	5	9	329.45933439278	
10191	3	1	84.8482374124454	
28289	8	8	297.113123562705	
12593	6	18	612.272971818351	
11715	4	15	523.111381886113	
10769	4	45	1428.2024524306	
28404	10	18	610.106599652258	
21596	2	36	1153.52683381807	
24861	7	12	424.647244673524	
20765	3	19	628.154158921984	
14454	8	1	103.425584595383	
22807	7	17	572.537899432954	
16196	5	46	1464.27848288057	
23984	5	37	1180.49347984628	
17400	3	43	1378.84789884968	
22568	9	14	483.322692552266	
13059	4	18	607.346194222265	
14579	10	26	869.126116032305	
26185	10	1	85.7908838269258	
21173	8	14	484.142829218946	
20144	3	14	491.694538337968	
24208	5	42	1352.46327675528	
16814	3	29	934.719323802143	
19691	2	36	1156.51909993799	
28035	8	15	508.838279968518	
14056	9	32	1025.76250545018	
12396	9	19	651.529509169762	
21489	1	45	1418.19562415508	
13641	8	5	204.04299816305	
10909	8	13	448.720103636719	
17676	8	17	579.58262965995	
16939	4	47	1506.4142597776	
19887	5	10	359.421324077724	
20685	8	40	1274.72330860548	
21668	9	38	1221.34244714926	
11794	8	36	1164.7871305257	
13240	3	49	1541.72366716979	
14106	1	8	294.748657967313	
21147	6	14	488.159738857374	
19630	1	36	1165.01739369939	
24280	1	43	1375.48315026587	
17020	9	15	530.470781759578	
12973	6	13	453.275075430644	
29061	9	28	927.460440754639	
28521	5	13	461.502982667416	
26243	2	37	1191.35116990253	
29094	4	20	660.684910836017	
8460	2	44	1389.42304299652	
9269	10	11	384.406824886988	
16288	3	31	993.926452265087	
9199	5	8	316.180055325935	
17550	9	18	614.621667514845	
28670	4	43	1376.753557891	
13252	1	46	1456.41615417619	
9433	3	19	653.166586055032	
20243	7	17	576.9960576375	
25722	4	23	750.128913610302	
20289	5	22	740.594023624712	
17584	4	4	183.434691849833	
16120	1	34	1097.34887643594	
19684	8	26	856.672943260834	
28698	8	24	791.910975497174	
26372	4	32	1029.48383565502	
16298	9	50	1575.9271410368	
28230	1	2	128.571529262034	
24648	5	4	197.011324817786	
22650	8	8	293.11657535523	
9390	4	7	269.555174275094	
20122	10	49	1559.15103269701	
8085	5	8	294.060768323979	
28941	6	16	541.599025382474	
27035	5	11	392.597536254952	
18296	10	13	460.966377174932	
18156	1	15	520.773490127536	
16281	6	21	708.659678953076	
19205	7	49	1561.22375657839	
26147	5	30	979.188201324636	
21344	10	1	87.2588830475038	
14088	6	23	775.016117270578	
21746	6	28	917.487110065989	
29000	10	13	445.077594614158	
11758	7	26	862.106466173244	
25972	7	35	1113.7887992681	
20298	5	25	810.116545897963	
25733	10	5	212.540048310785	
20924	1	49	1564.96096214511	
16783	7	5	209.660701886593	
14676	10	14	503.005169901534	
8088	4	21	701.556722550446	
12515	5	22	724.346389511761	
15965	10	14	494.6582169154	
12749	4	27	881.129643545081	
16236	2	4	191.31396611748	
13077	7	30	990.810862421436	
23189	5	11	388.344450438556	
23809	2	20	663.572174768696	
14263	8	34	1100.98694610455	
8103	1	14	477.34793439384	
21924	5	27	878.888911492605	
22391	2	9	344.49165784963	
25181	1	30	978.234594547299	
22913	10	13	471.129736560923	
14454	8	45	1430.2720102995	
23682	4	3	170.34605656301	
10512	10	15	532.327426882613	
13923	7	48	1523.58251907098	
26132	3	6	233.655290339913	
16695	10	29	935.980067763468	
24957	10	25	827.756475223115	
23300	6	21	691.942829476643	
10216	7	37	1197.80785631286	
13034	2	22	742.870030562799	
21867	8	49	1565.57790635413	
21344	10	26	865.947581783844	
27214	3	22	732.27128182178	
19642	7	50	1594.56647708759	
14676	10	40	1278.12217622908	
26974	2	8	299.367289757061	
28853	8	45	1443.38709272602	
11127	9	3	163.610567116929	
27588	4	50	1587.35062293119	
26938	3	44	1390.1114054537	
26187	9	36	1167.99845172465	
29585	1	28	914.804643185253	
9176	10	44	1399.40255140858	
12632	1	39	1260.46938183739	
21356	7	7	281.283570137473	
26860	3	33	1070.1555147535	
25654	8	5	212.429039688981	
10972	10	2	125.08750418438	
14663	3	16	540.236810473835	
27938	6	17	581.840266930796	
10218	8	24	808.369971554899	
8693	3	15	510.524459420948	
18002	5	49	1539.25251551869	
10963	4	50	1573.94785805324	
16811	5	32	1031.83445587374	
21231	5	32	1023.44274270509	
23080	10	10	357.78911901535	
10944	3	7	288.957529239802	
28793	10	44	1411.30567180519	
15923	1	27	873.680634123124	
21672	6	40	1275.24869467842	
14725	9	1	89.6138930738037	
12724	5	35	1126.5385331989	
23130	9	42	1351.7881863526	
11081	1	28	915.551737190947	
29000	10	28	925.366384333636	
18036	7	9	338.539580599656	
19362	4	11	393.777973350965	
29868	7	30	985.449998539616	
21670	7	27	881.619656347493	
25462	1	19	633.96084166782	
8530	10	24	795.278344375677	
15050	6	10	357.141034918437	
26659	8	37	1188.1231890936	
14365	7	28	903.131284836275	
10331	10	17	595.467367114251	
20021	6	10	370.943505154431	
9572	4	27	871.85804504522	
27181	1	41	1322.29894893351	
17554	6	23	763.499775586417	
25339	5	24	803.551028074488	
19699	7	24	782.668971038735	
15377	1	5	231.706019002807	
13745	5	21	695.967589382067	
12580	10	48	1534.5000590079	
26069	10	35	1135.05344693319	
29860	3	28	926.695066265154	
14925	5	23	758.323423768544	
26882	1	19	642.73202121385	
12784	7	9	334.679433523994	
15945	3	49	1541.57817074171	
23532	9	38	1234.42956348622	
24693	10	9	352.304895311736	
26687	2	24	793.669988808068	
18868	1	4	194.862710775278	
9782	3	36	1158.38455865084	
15794	3	44	1388.26610998635	
27152	1	2	127.614365055978	
12128	4	12	424.917644646446	
8116	5	29	955.917185803837	
10148	9	25	811.61593415384	
25847	6	45	1418.65106633802	
17457	9	22	739.637505644764	
23532	9	39	1258.61715412634	
16811	5	49	1547.87942526298	
26274	6	1	93.091627179222	
15488	2	6	233.38342450251	
18544	1	12	431.129326425087	
21046	2	23	750.81657321696	
16236	2	15	516.367088759489	
19115	4	22	732.499237550655	
12147	5	34	1085.93107397013	
15854	9	17	566.658580306293	
23339	7	22	727.805896218776	
16822	10	3	150.129606048637	
18736	5	17	572.579723639684	
13234	3	46	1457.907874071	
9358	5	15	510.570943816831	
19190	1	44	1417.2881273447	
29323	2	43	1380.49829025776	
29576	2	50	1598.67131806848	
13805	4	37	1180.21615683111	
25154	7	42	1351.04595213712	
18965	9	22	730.770565015623	
26652	2	29	940.041485605781	
9957	4	31	999.531278181603	
23412	2	15	522.973449063941	
27863	6	36	1163.47104611037	
22486	4	33	1073.26047831832	
9519	10	42	1344.74672618543	
29839	5	24	807.201257127897	
29553	5	9	323.329140098453	
18524	7	15	526.940400398774	
26513	9	13	446.381763129673	
14218	10	49	1551.88384143258	
24646	1	30	984.899961736472	
29613	9	2	123.031465393971	
19900	7	17	573.088864876464	
16692	1	22	748.088164119091	
10960	8	48	1521.40843182868	
22571	7	30	981.670022430676	
26750	7	17	575.565739840067	
21744	1	1	87.5068505515842	
19089	5	5	206.364932454361	
8190	3	37	1202.18019597334	
10575	9	15	535.647096771582	
17839	9	22	747.770983179925	
17141	2	38	1224.49899909296	
14116	2	22	723.540382759432	
20142	5	38	1222.28298713559	
15821	5	41	1300.47668457985	
28748	7	29	957.695166169524	
22064	9	8	310.326237711276	
13510	2	19	644.419354388686	
22713	7	29	957.245867735355	
20934	1	38	1231.39977732273	
29034	7	3	147.6051142009	
23071	9	1	88.8669406291409	
20324	10	11	398.575668520562	
9195	8	19	628.348147081373	
14383	3	36	1170.11817811528	
8851	8	20	669.912378392141	
10214	2	29	957.868848106763	
20870	8	31	1006.06984703153	
21008	5	41	1309.16583163159	
29416	5	14	489.170097452202	
14456	10	19	638.990673571355	
29323	2	4	200.27681717662	
19593	1	23	775.922054786199	
18067	8	23	765.229644312165	
15050	6	15	529.548258245712	
13154	9	30	964.819009194532	
20867	6	43	1362.48277969774	
25215	5	47	1495.87969551602	
12916	4	14	478.828267827084	
23063	9	34	1103.10557822841	
14494	1	36	1172.70930627953	
28836	2	38	1224.68101968275	
13835	9	35	1128.59036904228	
23515	9	14	484.394388834198	
9580	4	9	331.760295001678	
24030	10	27	898.47444997098	
11417	5	15	519.930663350937	
25091	7	46	1450.97749118273	
14947	3	2	124.270041605583	
14760	8	46	1449.50609095837	
16546	8	1	93.0029023871771	
20243	7	47	1482.52104601009	
26977	3	34	1089.13589539432	
18771	5	11	400.484064109849	
11228	8	28	917.294847535572	
18287	2	2	114.16452476483	
8628	9	6	254.513196355902	
9433	3	4	199.740017037718	
28023	1	12	431.290253713397	
13351	7	11	391.757644038535	
8168	4	38	1217.6968917333	
21210	3	20	681.437003520055	
10279	7	14	497.199100822769	
12955	1	24	793.010098521137	
28694	3	47	1496.65642320023	
15727	4	19	627.494166003305	
29839	5	15	528.576944306761	
19236	3	49	1558.31073844727	
28749	7	23	772.734728889882	
18544	1	12	415.657675385316	
17633	6	37	1195.21238647178	
14570	8	12	414.446542195252	
12623	4	6	245.591086561601	
19715	7	46	1454.14028950694	
20936	6	2	138.6904710432	
22341	2	15	522.924094518146	
14394	2	16	560.276571586857	
16187	10	48	1514.18127968636	
26219	6	10	376.587852079695	
15584	4	9	351.643728144301	
29278	10	5	229.981715041204	
24169	3	34	1106.89135692403	
17506	7	30	961.799805425946	
9818	4	46	1459.65974067322	
28809	1	14	476.167195065025	
9594	10	23	756.469627561266	
21986	4	21	711.140921782302	
29274	7	13	455.43799067635	
19070	8	45	1447.93479677659	
28771	5	14	495.383733480882	
15945	3	24	790.30581283863	
10374	1	39	1242.74276266002	
10409	9	36	1144.58944180263	
21592	2	3	167.07062378855	
8317	5	47	1485.40868649511	
13799	2	17	571.272302759473	
10556	3	24	807.481918859986	
28100	8	12	415.580270521147	
22408	4	17	587.737965633971	
29186	4	41	1304.26612899837	
14965	6	13	449.897505664219	
18043	3	16	561.61992490367	
14858	3	23	758.242762292848	
9407	8	41	1308.61236622027	
21907	9	9	334.293704486589	
15828	2	40	1278.55636019192	
15611	7	41	1316.92995944849	
8286	6	38	1234.99560588738	
20428	8	9	341.793593066648	
13376	10	13	474.370753017427	
11405	1	36	1153.88795317797	
17448	10	9	340.331916669538	
10479	3	45	1423.15216495802	
19532	7	3	159.646525569096	
15945	3	6	241.77592899733	
26147	5	4	190.805534809272	
8516	5	41	1319.63719809411	
27724	6	19	637.539360149549	
21689	2	11	396.842903456112	
19887	5	25	820.186795638961	
8460	2	48	1516.353244221	
18306	9	3	153.138953630411	
29884	4	4	190.375941670675	
27490	2	10	357.350995409	
29502	6	38	1225.35186254669	
17207	7	49	1552.46962381176	
15794	3	26	869.857100392625	
18390	3	3	158.520462773051	
18308	9	49	1568.73160301183	
14384	1	36	1167.41816828373	
22140	10	41	1315.44217565816	
20039	7	5	224.69630106571	
23501	6	31	1006.44331405239	
19754	5	20	672.321723081321	
10126	2	47	1501.74622248008	
22586	4	40	1268.36179013753	
20049	7	12	428.648594631184	
26664	7	39	1253.18743920568	
13603	4	38	1205.36603618663	
15708	9	24	797.6108348731	
27301	6	32	1039.53966811278	
9295	2	33	1076.14531589492	
11401	10	4	193.644397609702	
22089	7	33	1053.56404375917	
28635	4	29	941.495780302908	
25483	1	15	529.973896169092	
18678	2	45	1419.590597702	
29255	7	33	1064.94291623353	
14964	3	48	1525.29469479122	
18050	7	43	1374.60315168584	
13570	6	26	851.635104665363	
16829	5	6	249.942558710437	
18311	6	1	98.7373670650354	
21439	9	43	1367.55116999501	
9948	5	44	1387.91288477737	
16927	4	10	376.758552033807	
8632	3	13	451.243983232996	
16403	5	14	480.891766883848	
21970	10	3	163.260503673582	
29029	7	10	381.824080674827	
10177	7	14	488.699259799299	
27472	7	39	1238.40949667544	
9069	5	40	1266.26400287555	
13562	9	23	774.37542478292	
13822	5	23	758.928577359267	
25513	1	31	1009.19165211226	
20975	1	29	933.888602617145	
26365	3	25	830.830441876701	
17859	3	6	257.900303089014	
23923	3	17	573.414138859796	
23189	5	43	1362.15694017809	
15605	2	3	146.449758888432	
26721	7	32	1032.17332396292	
17207	7	37	1199.23206858301	
8234	9	43	1380.64712752618	
11651	9	15	520.207928326078	
25458	3	49	1559.49455602071	
14484	7	22	736.811897911509	
21154	3	31	1015.85521510609	
27026	10	23	775.377966377594	
19018	3	5	212.879026109762	
22399	10	44	1404.91418415909	
18028	2	6	233.225767981832	
15743	9	7	274.12845132599	
23311	7	11	395.783063618365	
16060	9	36	1145.49961694772	
24020	2	5	205.958934000674	
13104	3	39	1238.89214405738	
14181	9	27	884.40883830395	
17551	3	38	1204.98767044627	
9893	5	27	897.117806904538	
19580	2	49	1547.75682774734	
15929	8	36	1169.9269355321	
18041	3	28	903.541955511804	
8838	3	11	388.911575073801	
19906	8	44	1401.13017143734	
20516	10	44	1409.88131301938	
28718	9	31	1019.26897282678	
25508	8	10	374.635466399899	
10322	7	48	1532.30412819064	
28769	1	37	1196.08529355195	
26893	10	20	668.760155825298	
27727	7	27	887.042613144518	
28113	1	32	1031.88055593142	
28643	9	1	92.4462115077517	
23558	5	24	785.185345776931	
17398	9	25	817.769234747518	
14827	10	14	499.505298482024	
12682	8	50	1586.90404246883	
14518	10	29	947.704956451293	
27258	2	12	417.263996013097	
12645	6	41	1314.43208532149	
26258	9	33	1065.03655177776	
14890	3	30	987.882537295987	
9177	9	6	248.945054565065	
23239	9	20	683.785075640206	
28814	8	34	1085.1837286936	
26808	4	33	1072.13555154956	
22202	10	13	458.592361164555	
13591	2	38	1213.42896041154	
9338	8	27	883.23271811159	
29157	8	40	1294.99645855976	
19983	4	49	1546.42160357275	
9758	6	19	652.912632642739	
8191	6	40	1276.29633195526	
23347	2	44	1414.40011243075	
20506	6	17	576.522823356335	
28668	5	5	208.631368451114	
25579	9	27	890.320493509211	
27039	8	50	1579.51695608884	
10525	1	21	710.326615306701	
11045	10	18	620.225583193929	
9673	5	12	442.176431511611	
12753	4	34	1083.55108691545	
16901	5	37	1179.29267282565	
22161	6	36	1144.11887028446	
11917	4	18	597.871571014575	
17905	5	24	801.345212050409	
18497	3	6	261.682239818239	
13585	6	38	1210.59771784143	
26463	3	11	407.730382200205	
19694	5	41	1306.45363551865	
26839	2	39	1251.98810158856	
14862	2	48	1536.70388185266	
16676	9	26	867.723674433177	
24897	4	37	1182.68572158305	
23142	9	16	562.72027596958	
21304	6	6	262.044398236109	
9875	5	22	734.596900946739	
26412	9	41	1305.12649943359	
24799	1	11	395.946442743738	
19945	2	12	417.745761469819	
18172	2	19	640.676611662226	
14326	6	23	761.206505988355	
24744	10	22	729.071410079054	
9875	5	47	1501.08883499219	
20846	1	22	722.338552252547	
9889	6	8	314.129980501779	
11855	2	42	1355.58422397617	
16712	1	7	278.046099077	
18298	10	7	288.662522420596	
18233	9	21	689.137866296404	
15317	1	38	1209.18480497281	
21871	8	1	87.3870863799877	
21132	3	8	317.378341144593	
9301	5	44	1397.03841281917	
27420	5	29	952.255653809875	
28758	1	50	1581.48546486231	
14176	2	44	1408.58986447034	
24439	2	21	704.826184280601	
22646	2	3	165.91350462563	
27552	7	10	363.838516643196	
22151	5	27	890.453311731319	
28862	2	26	847.994643323121	
8134	4	27	885.698578211338	
13862	3	37	1176.77908259294	
9413	3	2	123.008356971204	
28115	3	1	89.7177217200947	
24925	3	43	1385.18895820956	
27666	8	4	173.610610372206	
9980	1	29	931.679836461171	
23142	9	11	394.478425120226	
28182	2	33	1074.03446750438	
15373	4	37	1185.19399407562	
19011	9	39	1263.5705133451	
14893	1	10	372.580853836881	
26735	9	50	1579.5489715317	
16726	8	40	1280.96992552326	
19952	2	12	434.479676836394	
21985	10	40	1278.20383783346	
16367	8	14	501.780318031917	
26420	2	10	363.741590512796	
11047	6	32	1045.76098807424	
10893	4	50	1583.63614074124	
28072	8	31	1001.93519542084	
8460	2	41	1318.5925159038	
9700	10	4	177.268830545837	
13900	3	39	1244.60101520857	
27427	8	41	1299.32554070806	
10572	1	33	1070.68526161401	
8460	2	8	310.430067773177	
22726	2	17	581.234811107272	
12726	10	13	453.45453376577	
10123	1	1	109.770716666137	
23068	9	38	1219.21299480796	
10487	4	2	112.107926100543	
15554	7	35	1127.2924497385	
27147	1	44	1392.6819683391	
28216	6	46	1475.50792777702	
28064	5	36	1152.29232748611	
19283	7	46	1458.08047802098	
23019	6	21	712.620830532452	
17444	5	15	528.941022292218	
14032	6	39	1261.97361360396	
11023	8	29	946.366262615829	
19777	6	47	1494.18409730037	
20745	6	38	1215.10339879203	
17079	7	1	103.990810897197	
11637	4	12	423.816573034887	
17052	7	49	1544.79748730771	
16726	8	44	1417.48944128747	
16080	6	40	1271.28572828662	
17800	5	38	1227.00578802591	
11701	2	5	210.386026636877	
21777	3	7	283.045866248685	
28313	3	44	1402.17191411283	
25705	10	28	918.077528568952	
22259	7	28	906.81717099008	
14465	2	45	1446.05944790228	
29998	6	36	1167.10606230754	
9593	10	33	1079.5102520471	
27298	5	14	478.407341762636	
21443	9	11	390.392181012031	
19613	2	11	394.503696595553	
24018	3	46	1463.18054259903	
13248	6	12	430.4450253539	
11621	9	49	1541.02389135446	
14591	3	32	1044.26375083824	
20740	3	49	1565.98099926765	
14690	7	38	1231.46258724456	
21933	4	26	845.288404098381	
21625	6	7	266.867003192598	
24527	8	44	1405.46199774624	
26588	8	27	882.187349350279	
20805	5	45	1420.12335981248	
14880	2	44	1389.15948749946	
10320	8	45	1434.80056822058	
23875	10	43	1383.78737447028	
9335	5	21	717.269878125409	
9229	1	34	1107.75109812047	
11107	2	4	183.489117111773	
9435	7	3	153.27801964864	
25461	3	27	900.784442173682	
12091	6	42	1354.52805340035	
10117	10	39	1253.19582032654	
13329	7	19	639.144339486558	
21730	4	29	954.229023081357	
12580	10	8	323.068507128893	
17903	5	45	1426.72485041745	
21620	2	44	1417.04108069513	
9290	1	24	794.030397531591	
28410	4	8	300.475278748421	
29323	2	49	1546.62252043682	
26931	1	11	388.401865469479	
20232	6	3	152.782075439013	
18168	7	33	1059.67313625835	
11143	5	11	402.228649520422	
18994	3	5	214.437325696665	
16859	10	44	1398.79307100493	
20049	7	17	595.921237261929	
16906	8	49	1553.16020594591	
10646	10	6	250.83964795379	
27495	5	2	138.009811629546	
27831	8	24	792.353985790328	
13191	4	24	779.509083209331	
8395	7	38	1230.62243809487	
23719	10	46	1465.82373054038	
13970	5	12	424.818438675636	
8697	10	11	390.262666824396	
27968	5	14	493.886378749221	
15727	4	49	1567.37134589226	
26705	9	35	1134.29015409867	
12945	9	7	269.547292864671	
25032	4	12	418.308349781813	
26757	5	33	1063.61694519576	
25367	4	31	1006.23223239846	
11779	5	37	1177.62289958895	
27357	2	19	635.864127611678	
24891	7	22	741.307876269011	
27254	3	28	904.03620311247	
19169	1	33	1076.21600227254	
19402	3	41	1297.95538422556	
21612	9	38	1217.53890042079	
11417	5	5	228.939918572521	
17525	5	15	517.432189712968	
9121	1	18	624.81312534996	
19876	10	8	320.244482755775	
19199	10	34	1097.06013227676	
18283	2	24	809.405273911266	
16937	10	12	440.450223554135	
13469	1	33	1066.93083797904	
18355	2	41	1300.36324252391	
19677	7	50	1584.99430346535	
19870	4	4	201.34864086348	
9269	10	36	1154.59089217456	
19961	4	48	1532.64946915798	
26592	6	1	95.2682080190946	
14393	2	4	188.430456383354	
11746	2	19	655.018970191022	
20306	4	1	102.573382231674	
10288	7	23	773.320608946178	
21377	2	18	609.410584405721	
25826	7	48	1532.8058403045	
9827	3	31	1012.83847166823	
17945	8	46	1449.66973480287	
9415	3	39	1259.74024343292	
27295	1	2	110.92798588375	
27559	8	38	1208.31417065501	
14646	3	28	924.784920273714	
18977	7	22	746.549843040551	
25545	8	47	1482.05023666939	
19327	6	43	1366.36452190874	
11130	4	33	1073.12944942765	
22207	1	17	574.756867892461	
8630	8	35	1119.70523498939	
14104	9	9	335.204821720349	
9733	1	19	633.300747533003	
14518	10	48	1509.06989305703	
17582	4	10	354.92179607736	
20105	7	6	234.695957859371	
9181	10	30	990.377955339094	
10483	6	13	448.763598263619	
15033	8	38	1215.41316476437	
13106	4	49	1549.81244327026	
9335	5	32	1026.95554077018	
14483	10	9	347.008103368342	
15065	3	36	1149.29585063332	
27792	3	3	148.19865200119	
19283	7	26	863.717457607257	
14192	5	35	1130.96747603778	
21219	2	30	990.964024379367	
10767	8	33	1069.1924432056	
27738	7	50	1580.84515742066	
11273	1	22	718.734494037337	
8385	6	5	210.715594166292	
22325	2	16	546.805417866821	
18284	3	43	1365.14954392107	
9224	8	7	284.700428752555	
24293	3	10	379.270183769646	
22295	3	26	857.691946280045	
11495	4	17	593.88513946621	
25206	7	21	711.930312100765	
29416	5	6	252.275212003046	
24885	6	3	142.855430870715	
11483	10	16	558.399986884743	
14421	8	41	1300.5663160703	
12056	1	8	307.23379309626	
23152	6	34	1090.23743557289	
23559	9	20	681.643405874094	
12180	7	27	899.386070454207	
14559	5	30	979.34872162498	
9181	10	4	186.19831496207	
14585	4	45	1433.50866030599	
25444	9	14	500.323012331651	
27584	2	21	712.19542689258	
8035	5	11	404.557010682559	
24449	8	31	993.997419641352	
21405	7	50	1582.99339703424	
8650	7	50	1585.88293089805	
20715	5	37	1182.66163143453	
11081	1	4	190.444392799607	
8121	2	49	1562.72933388256	
18562	3	12	424.596713047752	
13430	2	44	1393.81744423593	
20566	5	42	1355.58581866118	
28658	3	14	492.857793463793	
8362	8	43	1385.51936448809	
14698	9	12	434.394955390317	
11219	5	12	444.04127372617	
12829	7	19	652.899817122566	
27555	2	17	570.055277799282	
12526	3	12	428.600318780448	
26824	8	38	1209.79970928738	
16711	8	34	1097.22984979731	
14487	8	39	1240.81081839316	
14023	10	10	358.447643238328	
12945	9	7	276.488386260573	
18083	4	36	1152.55773389365	
8116	5	33	1071.41245638552	
9567	1	41	1326.38922469988	
17052	7	2	119.774310272082	
24746	7	2	139.058415060424	
21237	1	33	1066.5552461271	
19526	3	49	1564.33138715305	
14203	2	5	231.618754412801	
26548	7	27	884.765709417297	
22844	6	39	1235.6837828996	
11076	5	36	1160.52214508901	
13282	9	1	86.5390671447567	
12675	8	44	1406.15858348373	
23748	4	36	1152.80799822547	
29319	10	43	1382.15614688683	
18601	8	8	298.817497854502	
14392	2	24	796.608552335113	
29708	4	22	747.247553480439	
22124	4	19	631.15580558365	
28917	1	10	367.333599053013	
25941	6	13	458.457767767114	
22307	8	11	387.269612209531	
25540	5	3	145.54219342095	
18633	7	48	1515.04695158221	
27012	7	46	1472.83883770594	
18919	3	22	726.196161846722	
25678	9	1	108.743588751528	
29632	4	11	409.330792654925	
24388	4	19	630.748402844532	
20805	5	17	576.398605674691	
10002	4	12	416.278810508679	
23668	2	26	859.51219393849	
18742	2	12	433.747783654252	
24213	9	5	208.068624421986	
25503	6	45	1441.4396857477	
18172	2	17	591.580940648718	
23912	9	9	339.493706198173	
24224	6	35	1142.88732116245	
9175	9	2	131.385977739182	
25940	4	17	576.174087755463	
21906	4	13	460.265325894703	
26168	3	39	1242.19868982313	
17791	6	16	550.820109243887	
29577	3	26	857.174010564189	
12927	4	8	304.997219399082	
13682	9	12	427.85588824556	
12304	4	19	637.882690242437	
10288	7	34	1100.0918188971	
16247	5	24	787.899130912451	
18501	6	5	209.782820925947	
17080	6	14	493.191156952265	
8136	4	12	429.982296316876	
17525	5	21	689.655012809511	
19983	4	50	1591.11404418532	
20561	8	45	1418.03061849346	
27885	10	26	845.288121684123	
9635	5	31	1005.87026296457	
12799	10	44	1411.34227311767	
15077	8	6	246.935472566139	
21065	7	31	1012.8622532137	
27818	9	32	1037.81165737557	
8406	8	38	1235.00059449812	
28973	1	37	1200.87035156827	
28584	1	11	388.367103742607	
14075	9	27	899.404972390926	
11167	10	10	381.009951150515	
29571	7	39	1252.7912834905	
14826	6	40	1278.08995906175	
14912	2	41	1311.36831247777	
29822	4	27	870.575206238113	
18273	3	49	1559.32379165633	
17023	1	39	1253.72123117266	
26986	10	21	695.861575741256	
12826	7	2	134.981717828187	
28673	4	47	1507.06827315831	
20006	9	25	816.259077943982	
14603	3	45	1436.44950296564	
26209	5	27	888.368182856761	
22356	10	40	1290.04973218313	
19954	7	35	1124.98294946038	
9869	9	3	168.313471604285	
24520	1	18	608.651769854432	
10987	10	38	1221.43166174247	
23141	5	14	500.965581918585	
14185	9	3	163.207448722426	
8468	4	50	1586.2965141918	
24109	3	6	249.857181128979	
17471	6	12	442.633739468937	
22908	3	11	390.038005928527	
25643	8	20	676.151564063575	
25086	2	37	1185.71067768415	
27672	7	15	528.151433080505	
26413	3	30	975.951848596312	
20691	5	22	718.523724525479	
23447	7	35	1138.36243037989	
13703	1	25	825.264731396579	
27749	9	2	121.328338254862	
16976	4	6	242.45300550128	
19341	1	49	1557.76903817326	
9553	10	48	1523.98726824857	
18402	10	23	775.064604755055	
29334	7	29	959.792731180691	
8480	3	44	1388.72350641932	
19842	8	48	1517.32392467434	
12063	2	6	250.459029269618	
18134	10	25	839.469925779602	
19199	10	42	1334.12072057562	
26040	3	19	634.673294981324	
28035	8	3	164.045771027005	
23541	5	20	681.771540549477	
20975	1	31	1008.83861871848	
29619	1	4	197.502080107807	
11470	3	4	201.292540934539	
27408	9	22	721.952523105756	
19720	5	28	924.548781609418	
21460	2	15	509.159887521137	
18208	5	1	93.5689327556495	
23104	10	24	779.904769649685	
16744	4	8	305.159655020181	
15775	9	28	913.108458199123	
17140	10	5	211.152770021536	
24505	5	27	890.157544021568	
23934	8	30	968.05195313322	
19610	4	21	715.216748414196	
29562	5	40	1284.86452855396	
27739	1	34	1111.17235857582	
8650	7	10	357.769382576351	
20377	2	50	1577.33785121578	
17322	9	17	596.619287448292	
11238	2	23	761.803541761732	
24060	7	23	774.93073968912	
27359	9	40	1273.99649746436	
13203	9	28	930.599144683498	
25136	2	43	1366.06246393456	
10722	7	12	429.918344705328	
17207	7	24	808.520740423594	
18128	8	25	819.928263435107	
12010	6	41	1304.10773706814	
27449	8	9	330.506552648966	
13845	9	28	923.737522942823	
15008	6	9	332.175793616183	
10791	7	38	1215.18388614766	
28577	3	10	358.587968441931	
10561	10	41	1308.26646537905	
29907	6	40	1267.3129453451	
20589	8	33	1068.20859757634	
14965	6	11	406.858892145967	
27380	3	9	333.999325490556	
10532	5	44	1393.97494291606	
12055	5	21	709.202542858758	
10929	5	25	811.695798640929	
26958	6	29	941.423568605177	
23197	4	48	1537.2933504811	
13855	2	22	724.660579974139	
21372	9	44	1392.83449822703	
13410	7	47	1484.90706073349	
8483	2	50	1591.74077804747	
11664	6	23	753.506758005129	
12365	7	8	312.459396120375	
12528	3	22	739.286670693795	
26756	10	16	561.700543203252	
25643	8	42	1356.78286935984	
8236	6	2	118.054007533032	
13578	6	31	1002.24222926527	
8179	10	47	1506.84080086036	
17014	1	42	1334.84212125411	
10929	5	26	866.902935424309	
9486	3	12	435.230076999976	
28881	8	10	372.034178400428	
16285	5	4	196.028041185824	
15115	5	40	1289.23162408603	
10884	2	11	389.461195687512	
29249	3	15	529.398217000718	
27605	3	30	981.422132077358	
24918	8	20	660.93266458294	
19877	1	17	595.96888387388	
26558	6	18	611.569575579637	
16891	6	39	1259.78548775417	
16989	10	32	1047.9038030691	
26914	4	8	296.65593097762	
19026	6	24	784.313466429856	
13496	3	1	103.770057085794	
24580	10	7	263.362908299716	
11677	4	47	1487.41674458953	
28762	10	49	1550.1077431208	
13496	3	45	1433.50717108394	
21132	3	42	1336.70314698327	
16736	5	7	285.938564709359	
29772	3	50	1573.22796570753	
19800	8	16	545.01128397184	
27555	2	25	816.779962376123	
8697	10	3	146.421505429978	
12874	10	33	1071.64834094776	
28607	5	37	1191.21988195517	
27729	5	12	442.036979739571	
24741	6	17	575.39292425634	
21657	6	37	1177.12987861462	
16749	6	29	956.345739176658	
12515	5	44	1401.42566451869	
17604	2	48	1532.47082409098	
14484	7	7	281.305662152034	
13599	10	50	1571.62881514599	
24921	1	49	1561.96514709013	
21325	2	40	1277.94690173024	
29910	10	31	1019.97091877273	
25742	3	14	502.234602953417	
13583	6	14	492.025351604459	
24360	1	19	635.871218403741	
13364	3	3	143.727915391199	
23903	2	27	876.865614353151	
27097	5	29	953.337485153851	
23914	3	11	411.9552902933	
9806	3	41	1305.60295493603	
14841	8	1	95.8034651427546	
14512	7	49	1554.97320426394	
11992	9	16	537.930486117457	
25990	3	36	1173.41996106013	
28339	5	5	230.637262943498	
13608	1	32	1052.13448614447	
10079	9	3	153.333629776413	
13082	4	50	1598.13897427085	
23339	7	20	660.96437071495	
11912	2	13	462.002111292445	
11646	5	45	1427.02289442859	
13269	5	30	979.248078809701	
8236	6	38	1222.81011865605	
15327	2	28	917.81285473975	
9404	10	29	938.178335045547	
27251	4	18	619.385152337786	
22014	9	3	165.5397403266	
25052	10	31	1018.83900525926	
17410	3	39	1255.22383640298	
22288	3	46	1458.35982323548	
24741	6	35	1115.43297897812	
24721	8	1	95.3502688255861	
19286	4	25	812.684651283866	
11548	9	3	141.804909995666	
12807	9	17	585.416006569479	
10146	3	16	547.445825816805	
14472	10	35	1127.87314016739	
11563	5	31	1021.48181947949	
21016	8	24	780.831928579524	
20853	3	5	222.21064931816	
22117	5	23	776.36235135438	
17136	5	37	1191.67379881799	
24888	8	14	484.824672082823	
29388	3	12	440.818550493949	
29861	4	33	1055.84487580501	
21439	9	39	1236.24667769123	
26328	3	47	1504.10649362211	
29840	5	31	1001.97296319621	
29468	3	32	1026.49261567113	
16076	8	47	1504.21125303219	
22307	8	42	1328.09203474228	
10972	10	48	1534.33184982014	
12296	5	38	1220.34129143708	
26596	7	37	1189.62670385355	
18562	3	5	214.94225266154	
27145	8	10	378.698822920536	
14023	10	44	1397.16080011668	
29307	4	37	1184.42174821367	
17239	5	36	1153.84701655891	
29710	2	1	96.486066065955	
11715	4	50	1578.1881750646	
14901	4	46	1458.02660909389	
12648	7	41	1298.11364875087	
24140	10	16	553.595467057822	
23123	8	7	270.169975957912	
28329	4	1	80.4531963171685	
25462	1	25	822.288552980073	
21995	10	14	476.125576121791	
29118	3	20	668.003954490649	
28405	4	40	1283.19143712669	
12010	6	48	1524.26134597709	
26533	6	22	731.851810296928	
17537	3	27	897.307045691324	
21489	1	15	518.75372139679	
11622	5	40	1285.63975993806	
9311	3	8	315.349095610599	
9295	2	17	574.423406726878	
18859	6	26	861.991568162102	
17550	9	46	1461.96797893474	
20259	10	41	1301.93165735432	
25819	4	21	715.278658715672	
15057	5	23	763.566777130387	
23130	9	50	1592.34638958813	
14300	4	42	1351.01258337079	
9437	4	5	210.267788493199	
25461	3	37	1181.10112915798	
15759	8	13	475.008977388502	
28990	10	38	1223.05794743032	
24046	5	48	1526.86265733413	
26420	2	7	286.717183648943	
23494	1	23	750.285025700128	
16701	8	49	1543.45139195372	
19699	7	46	1467.63480292057	
19300	8	23	764.345862513569	
29465	2	6	244.022474253561	
10108	9	28	918.335742260486	
22325	2	47	1493.56015006712	
25049	10	48	1531.229205025	
8926	4	6	250.648574536037	
16816	8	33	1055.39167948784	
17269	9	14	493.958124711159	
13507	3	34	1107.98091750032	
13641	8	11	413.969008705564	
19995	1	42	1343.30117854443	
26533	6	50	1579.9499070551	
17600	1	20	676.240224445351	
24615	10	21	717.024804128811	
26769	1	24	781.587570040295	
17453	8	47	1503.98694391548	
24524	4	47	1499.59315705094	
9204	8	44	1404.27541619366	
27734	9	18	615.169231954575	
8019	6	41	1322.45376927892	
9801	7	46	1451.9153592046	
25541	3	30	981.207407350283	
29292	10	27	894.621397934212	
29566	5	46	1465.68021950576	
26328	3	49	1547.10106538008	
28465	1	12	423.327678564623	
19166	3	21	689.068846799931	
18455	4	38	1205.44421892867	
12094	6	37	1199.23060554975	
12653	9	16	549.262918787665	
12763	6	13	461.286770841706	
16372	6	18	612.906411426564	
14682	2	50	1580.80995402337	
8584	4	26	864.217007376355	
8534	7	5	212.961183177755	
12200	4	10	354.731247143229	
15351	3	13	447.304017677579	
26779	10	12	421.788945543481	
25344	1	19	643.194201701877	
10500	7	21	691.342993626065	
18307	3	14	486.576299446903	
15743	9	27	887.973532643157	
9730	3	38	1207.29774121535	
14703	2	12	429.597768424823	
11397	7	9	329.045211043696	
15778	9	43	1371.06267631569	
16677	5	35	1134.02756404785	
11670	5	16	544.07632502917	
21886	3	40	1293.42140734821	
24934	8	41	1319.07100351484	
24052	8	1	107.269500283184	
10141	10	14	482.441767455284	
10285	2	5	215.115793745553	
29654	2	8	300.997622674796	
29335	4	1	95.7194437159782	
15691	9	43	1383.13845516329	
11942	5	29	949.401076319348	
22220	4	32	1052.65552275472	
13085	8	49	1546.45908468704	
28710	3	37	1187.90152646038	
12927	4	36	1161.57972773611	
16718	10	46	1449.94746055917	
26471	10	27	894.727519161407	
19996	9	19	638.717998712658	
29388	3	49	1552.68223786386	
23432	8	25	810.39476711787	
16425	6	50	1599.13995303174	
25517	3	44	1412.023217069	
24061	9	17	584.063620951056	
23447	7	15	506.856322897066	
15587	9	35	1136.6829262379	
17166	9	36	1157.80421150746	
17525	5	26	841.081214491781	
16446	5	48	1523.82623832851	
9129	2	28	915.877469832021	
26097	4	19	643.941826561439	
8518	9	43	1373.90966613493	
14528	3	16	545.023629509389	
24458	7	38	1216.63500846207	
23035	8	6	256.038389064389	
9154	6	27	889.300114516774	
25440	5	5	224.992521770761	
13730	3	48	1512.02281158046	
26420	2	47	1480.15960203491	
9444	1	15	521.993418504481	
13173	4	50	1578.84500338642	
28403	3	14	477.790617681011	
19961	4	43	1359.81233134857	
27704	10	26	848.497563660377	
9767	1	12	429.822728014469	
9959	8	31	1005.33017082388	
13958	6	31	994.648494922858	
27206	5	14	475.329860856445	
29012	5	33	1055.2926752415	
24293	3	35	1129.76326588996	
22138	5	19	636.628838887731	
25052	10	50	1593.24601348175	
15739	7	19	648.579742502691	
8437	2	14	476.915530560965	
16602	9	35	1118.65044392583	
22554	7	43	1371.92272328396	
23649	8	41	1322.00434697885	
15751	2	49	1560.01270407811	
10934	9	26	866.565084451141	
18516	6	6	262.38807727694	
18081	8	16	549.465288775724	
21806	8	39	1241.3605529635	
8851	8	7	291.289555417043	
23869	5	30	985.120152842775	
16870	8	32	1051.77761715454	
20575	2	1	89.2287890283525	
28306	10	14	484.377446809959	
11451	9	45	1436.02051429265	
25293	3	43	1370.42069562265	
15317	1	10	378.601411943604	
24673	5	31	1016.58720596535	
11663	2	48	1537.92464897871	
26126	10	31	1014.5679171265	
23896	2	4	196.724580208177	
11422	7	50	1573.83723447744	
17306	3	11	412.60414943686	
12789	1	8	319.327621683165	
10309	4	19	643.525653408619	
26931	1	6	234.240892936588	
24617	7	34	1101.52615207319	
9535	9	5	222.034431315043	
14512	7	23	762.474350651016	
15173	9	43	1385.78853925028	
10862	9	13	474.062972438551	
27167	4	10	359.24863094429	
18394	7	19	650.695813079689	
21669	2	24	805.329923632243	
10200	8	3	148.108098948425	
14355	8	4	177.984564536244	
13335	7	14	484.115665780434	
11238	2	36	1167.29576753792	
23821	6	7	264.979817692647	
19562	5	22	725.457727129319	
17024	10	41	1297.77152475797	
19251	9	50	1572.52812972876	
25115	9	12	417.484450422919	
10522	9	7	266.501062263968	
28809	1	13	454.692178505795	
29176	8	44	1396.71994650584	
9311	3	12	420.593938986116	
28839	5	18	600.952724013921	
23209	9	36	1158.62798063021	
28605	2	21	704.909165233797	
29527	6	23	756.691263297895	
11904	2	4	193.176059924614	
8234	9	21	698.704189909019	
26603	1	20	658.678096355255	
19694	5	15	531.855162294514	
21771	8	14	503.078296083528	
16202	8	24	786.046294488966	
19492	9	35	1132.59510160079	
20568	2	23	758.478693570233	
29677	7	44	1405.77181114153	
17520	2	43	1365.03893237796	
24670	9	2	120.353645961896	
27382	8	43	1386.99093812471	
10598	9	46	1455.57201371322	
19527	2	44	1417.22658297849	
27648	7	21	705.871521898486	
14969	9	14	481.081804074851	
15638	9	27	883.89886539611	
27495	5	12	416.269347861535	
28734	5	42	1338.03594975641	
21399	9	30	966.305029842213	
17366	10	25	811.305644405682	
9139	8	25	831.607388272699	
11670	5	27	892.466921849394	
15852	1	41	1316.79639236852	
19754	5	5	224.19645047942	
12420	4	39	1236.35278405452	
20243	7	5	226.103087172892	
9722	5	46	1464.63544317737	
15280	5	26	846.805706902782	
16774	1	44	1413.64695395047	
22672	5	17	580.573428059264	
14383	3	20	663.406450684837	
18381	9	2	137.565185417219	
29055	2	21	709.097275952388	
23397	2	10	360.886912513937	
29410	6	39	1260.54444103527	
25221	9	50	1592.01771672443	
23204	4	9	353.474761337729	
20568	2	39	1245.0298028649	
8074	7	30	991.938270047278	
28929	4	29	951.520564179644	
24884	7	14	488.817073967688	
23538	2	13	459.20800655112	
25448	7	29	960.418794751362	
19113	5	39	1257.41787879608	
11265	8	7	265.537191604049	
9462	5	16	561.912436709698	
12826	7	13	449.274479285476	
18765	3	42	1348.82065660731	
24720	9	31	995.638142430986	
18572	2	35	1136.69507359001	
11997	1	7	264.683376152387	
19705	5	45	1420.5920308738	
26258	9	42	1338.60413539158	
18002	5	49	1545.38561889221	
23607	3	29	961.568671651915	
19642	7	44	1406.23726805962	
23534	10	29	941.881703986731	
13364	3	11	387.658711815094	
10761	1	26	866.72551202901	
11326	2	19	639.943207316074	
15520	6	40	1267.95965842342	
13309	10	48	1511.67298666745	
15100	4	50	1592.12485719105	
26824	8	26	864.465504318692	
16001	6	33	1056.94719527706	
10776	10	42	1329.42575270749	
9113	3	25	826.474737760832	
27919	9	35	1136.33967046455	
13793	6	32	1045.32708086321	
16172	4	14	489.064087350417	
23239	9	18	610.424104058381	
14365	7	23	771.239544996638	
20372	1	12	426.09767970913	
25172	8	1	94.784465662569	
13266	6	11	402.488570437994	
19972	6	13	452.399381721578	
27250	9	48	1532.04812709803	
23042	7	2	139.378513572448	
10938	9	49	1558.65925887537	
18444	6	23	754.44034734482	
21965	10	43	1376.82860788742	
25725	2	4	195.81478657006	
18726	10	46	1451.1675644718	
29060	5	10	356.951880360465	
17104	7	11	395.890051906877	
22361	7	26	842.814419811039	
24107	2	11	398.961050025635	
16398	10	23	763.711657060176	
18629	9	31	999.318240862022	
10657	6	46	1454.30717297565	
17924	9	22	730.136012737703	
28188	7	49	1565.81604952263	
16942	4	13	458.304290835887	
9504	5	12	431.995062731204	
11971	6	40	1283.56090575622	
9864	10	17	577.144087300237	
11826	1	13	467.083149360066	
23824	6	4	175.95329043267	
12055	5	7	280.470683519016	
24957	10	16	536.111438896559	
28718	9	42	1335.43769894887	
18026	2	28	912.934808820921	
25444	9	10	383.493575744095	
12032	10	17	586.574055080569	
19964	10	18	606.270969531625	
23417	4	34	1093.44383115575	
20607	4	33	1074.49435116467	
27481	5	41	1323.81966972901	
27311	6	38	1222.89704845422	
27044	4	17	589.169289930337	
10766	6	46	1474.18914096159	
24261	1	27	882.503190414283	
27400	1	12	428.999452939722	
16394	2	4	192.28516468419	
26842	1	26	863.114599428659	
22894	6	36	1152.14487185336	
15524	1	2	140.505422195655	
26513	9	41	1315.17297683059	
8504	2	16	548.575452411815	
19371	9	8	294.13277546602	
29128	5	31	1010.46470268185	
20819	6	3	142.763080700656	
11794	8	5	217.021429602532	
16812	1	37	1191.01990788757	
17873	4	43	1358.92807461271	
12288	5	19	644.608054535747	
18207	6	11	392.93525416075	
10690	9	50	1594.10261697793	
14966	2	11	411.223559906345	
13033	2	45	1425.34448313776	
9145	6	50	1585.31623236151	
25806	6	45	1436.09483666536	
23097	6	46	1458.90783005343	
9113	3	34	1102.54781997881	
16504	2	31	1019.00264839595	
10402	1	16	543.893799066494	
27876	4	44	1412.32121082597	
27123	3	29	944.593509391226	
22271	7	42	1350.68091082884	
22685	10	28	902.446220751128	
29001	4	43	1368.32006864637	
10927	4	20	675.14138029662	
24393	9	35	1140.81460860596	
9401	7	14	490.148950931686	
19009	7	50	1580.11803201405	
14318	4	45	1447.63282232342	
8701	1	38	1216.81659658291	
11739	4	9	346.019126151697	
24271	4	36	1168.88046330255	
20962	1	5	211.416033902865	
28665	2	15	516.638665104582	
19527	2	23	751.910172529477	
15101	1	38	1227.37783802085	
14118	3	50	1586.337908053	
17958	9	35	1125.6467362147	
20207	9	40	1272.67461824821	
29077	4	23	775.913379218389	
10117	10	24	792.473667856526	
23727	7	25	827.645980467855	
9899	8	49	1561.66291499588	
24828	3	24	780.508576994999	
16557	9	33	1080.39173418674	
22356	10	31	992.59610982267	
13774	4	44	1397.55256531646	
17753	1	18	603.853057568824	
19442	1	2	118.094304296232	
18408	6	32	1023.59536036085	
22700	1	28	926.45163296091	
10361	2	23	773.282516288237	
21467	7	11	399.220800362165	
10517	4	42	1339.82366102739	
19615	8	24	795.911912804428	
16431	4	49	1564.49206600175	
12226	7	39	1246.12923166069	
14610	2	15	525.812706819648	
20175	2	12	415.323322385234	
14335	3	18	601.948472094698	
28465	1	42	1326.87247867085	
10138	8	38	1210.90187587352	
13599	10	48	1511.29525228929	
11397	7	32	1027.79145795283	
16338	4	2	126.916128009053	
11450	7	14	505.22215367538	
12628	1	7	279.80752600348	
28115	3	30	988.705818033174	
20291	9	28	913.406059832036	
19339	10	7	288.716998644507	
16626	2	46	1472.56992200044	
18448	4	50	1576.90108376411	
11130	4	42	1346.32803014774	
26869	1	43	1367.98041984811	
18877	8	21	699.847542969439	
27899	6	4	196.947528923372	
24057	3	44	1389.01799583296	
9337	4	5	201.93764375613	
8702	3	10	367.928334459629	
14148	9	40	1282.54527047395	
14894	3	42	1343.2620432895	
15960	6	47	1486.29589336286	
26901	7	49	1542.02372771782	
11137	4	14	504.037461962568	
10532	5	10	370.364963622002	
29115	9	36	1172.73660986346	
20523	1	26	849.659662940381	
12223	8	13	471.592372875471	
22868	7	41	1320.72675230015	
15494	4	24	787.418106527728	
17413	3	50	1581.24860636017	
9621	9	35	1140.52520123335	
8084	5	24	790.32341382947	
28491	9	23	750.726146153513	
18172	2	32	1049.04090054754	
26583	8	37	1181.57179198301	
25703	2	28	916.35072817856	
18506	3	18	613.871457043044	
26534	3	22	733.592448985946	
21077	8	19	655.169580511362	
15173	9	24	792.78858381919	
22064	9	14	488.846747283287	
16099	1	40	1290.44699773679	
25621	2	45	1429.37730565173	
19890	2	36	1151.02543836042	
12066	10	29	949.550549196801	
18390	3	32	1026.95448614049	
9486	3	19	631.240380514059	
14164	10	22	719.976118057955	
16766	3	20	678.964383881057	
12668	10	6	255.474070168787	
14622	8	35	1124.19158790456	
23540	1	6	237.884372360019	
25589	5	22	732.778051911284	
26274	6	26	858.686428805202	
13964	9	45	1440.57658530799	
19944	1	40	1268.8781481557	
24271	4	34	1087.25779032673	
9705	10	22	737.426494330832	
8558	10	16	554.179518145593	
24092	7	39	1255.562490735	
16695	10	44	1408.21515312801	
11273	1	40	1267.97906573302	
27702	8	5	205.987953304307	
22066	2	8	307.46839228434	
11228	8	11	412.044720767087	
27181	1	26	866.577669934639	
27853	4	20	675.60188399423	
29183	9	11	398.939519300563	
11796	5	35	1118.27575098643	
21748	8	27	880.596800744811	
17140	10	26	855.146538789918	
29615	4	33	1068.34519477018	
27791	2	41	1312.75875394827	
9229	1	17	569.75668665476	
19237	6	29	934.41529600621	
29213	8	7	275.848895626072	
19166	3	4	192.646422066095	
11070	7	29	953.012023602152	
28206	7	31	1020.8144144252	
9889	6	5	225.782123722966	
25969	10	8	298.419282426322	
15792	9	42	1351.61625481752	
27159	9	22	721.762368419097	
26931	1	18	611.944036358941	
14229	5	16	537.05701845561	
16722	4	30	982.640828873329	
9553	10	2	137.545361918186	
26565	4	47	1492.03971734831	
21402	8	38	1208.46431523956	
28922	3	48	1512.69364382731	
29255	7	45	1429.09293785183	
12868	3	46	1476.44496271221	
26705	9	6	259.412930840353	
12333	1	31	999.607089776363	
27323	8	30	984.573430691181	
29024	4	25	820.867681550266	
27303	10	36	1164.45904443248	
29085	8	37	1201.90891336739	
11265	8	25	818.980717593329	
14229	5	3	162.972879262163	
20815	1	12	431.352602146264	
23875	10	8	312.300861213496	
15519	5	37	1201.70036707153	
20343	2	44	1398.36758313625	
17888	4	31	1000.32753137887	
20756	1	2	135.846393134373	
23682	4	15	525.125618411752	
21625	6	6	243.021365256524	
24064	5	48	1524.27113279899	
13950	9	39	1244.72768968191	
21158	10	36	1156.2317260896	
24102	10	5	214.245766724574	
15697	5	41	1316.61207990563	
9507	7	11	408.397394422627	
25032	4	32	1037.14320830868	
26544	10	2	136.598898310493	
18061	6	18	626.216697313924	
28834	6	37	1194.04391694537	
19147	5	43	1370.41137382873	
19407	7	32	1029.40389189376	
27276	10	24	809.032308016453	
18491	9	24	783.562166645919	
9154	6	24	790.475204061007	
23271	3	38	1205.58210715911	
26786	5	32	1051.50386289298	
25521	8	30	978.701576077706	
8578	5	27	888.932263929831	
21473	2	11	393.151664171904	
17492	4	37	1185.18325596358	
23025	10	4	193.547614455944	
26353	2	21	711.389851193591	
15720	1	17	590.73750869871	
24757	5	5	214.031306008823	
13403	3	29	937.841535163038	
15393	5	44	1394.4295215767	
26806	8	50	1586.11842121283	
29364	4	5	229.915887745989	
12329	6	28	923.394785282851	
29499	10	38	1211.61650498007	
26805	6	14	481.210625321237	
29012	5	16	537.515210461577	
16367	8	47	1494.52399666166	
18601	8	49	1567.76858454932	
29255	7	49	1563.73662555764	
16427	6	12	436.461917737714	
9640	4	40	1294.84717112726	
27345	7	6	239.832882806581	
14556	2	46	1451.01553641773	
11501	3	49	1562.46388146769	
14707	9	28	927.974532380688	
26501	1	7	274.650984236342	
24116	9	50	1570.41512748712	
27152	1	45	1431.49753953866	
10117	10	44	1389.57682569957	
19998	3	29	953.94057124571	
9247	4	39	1247.79043550035	
24859	3	35	1121.82565715249	
10345	10	50	1596.11825991241	
20496	8	12	426.863720243268	
24998	5	1	101.625955301163	
13583	6	26	846.914129204542	
18090	1	5	211.973954239848	
21746	6	20	657.838109292946	
10897	7	44	1410.72351834305	
24140	10	18	613.337838488323	
19293	9	19	645.49421739089	
9797	1	1	80.2144607157514	
15253	9	13	458.770544742593	
18945	3	18	613.967872845925	
8671	6	32	1051.02478709585	
21399	9	47	1506.6830105645	
13506	3	41	1302.82191203107	
24786	7	50	1582.42741196529	
9953	5	30	969.200748507493	
11602	10	17	571.88868143218	
15470	7	28	914.508311354792	
15211	5	25	815.7935820966	
17390	7	25	826.738578503364	
21325	2	26	849.1201894214	
8097	1	42	1356.65669176572	
21250	8	25	818.868693271125	
29248	2	32	1037.9167275121	
17807	3	12	430.687782704219	
17445	8	9	337.20872358289	
29038	7	48	1518.8966302196	
8385	6	22	740.974723706476	
24011	5	23	759.239969160054	
25991	6	12	424.454480309251	
20331	3	50	1583.90096391733	
25398	6	5	226.639086076356	
16901	5	16	544.292764060336	
21622	9	6	233.797627833578	
13923	7	17	576.531065039584	
24313	8	37	1189.99054967891	
14325	9	38	1234.29649611669	
26103	8	11	405.541256221729	
10832	10	28	916.685887368715	
12001	4	6	237.045066206271	
17607	7	32	1030.39878706932	
8045	2	44	1390.96770034682	
15426	1	40	1294.63271041151	
20125	3	43	1381.06233806399	
16082	7	28	917.047663571801	
27845	8	17	591.439094371832	
27342	10	31	1021.29152181618	
11563	5	17	571.82907220527	
25184	2	50	1587.98771552182	
25976	5	16	542.296791031164	
8891	2	27	897.688144267391	
10885	6	2	119.432259890918	
15378	2	15	511.996853403746	
12627	1	10	375.087078649126	
10761	1	25	826.998070491011	
26134	2	20	670.207028477549	
19283	7	27	882.757262030038	
8404	5	44	1408.99740169244	
17099	7	43	1381.28617153563	
8568	3	11	400.629385710056	
26419	3	47	1491.82688812345	
10280	1	46	1472.36311478185	
24007	8	47	1486.25424823084	
27643	1	39	1255.7599804065	
15069	6	13	474.869580825264	
28555	8	13	467.328786769569	
10781	6	17	586.732023035517	
25545	8	42	1352.88538273093	
26287	1	24	806.290846991488	
19900	7	13	472.436862286384	
25565	4	42	1334.9042523908	
16354	8	6	246.347425210451	
11270	3	50	1597.82242398608	
13129	6	20	658.748515890328	
19471	4	44	1396.33979143404	
18633	7	33	1058.15248907458	
29479	8	3	142.023981354211	
29942	9	32	1037.80635520714	
20755	10	4	200.869063940304	
15146	1	45	1439.24868833239	
19371	9	28	915.917201766706	
11756	5	32	1027.06755801433	
23870	5	23	752.987008184654	
18778	1	8	296.94317812889	
14766	10	35	1126.76633604186	
17445	8	49	1544.46870402641	
