idEmpleado	idDepartamento	ventas	importe	
10371	7	27	879.339199438383	
20727	8	48	1526.89905409091	
20153	3	33	1080.79673463516	
26839	2	47	1493.49121975409	
14012	7	14	477.57845591641	
28173	5	4	189.189584492328	
8511	8	34	1090.09065164723	
25133	9	33	1078.8051004516	
8530	10	44	1416.39028358105	
13013	2	45	1447.98031360283	
9310	8	17	575.876103199961	
16424	2	2	115.33978568173	
18742	2	32	1044.36161339486	
13832	6	35	1131.06491886595	
24455	5	47	1506.99884879729	
16772	8	5	226.253585660017	
25445	1	22	745.006810810886	
23071	9	6	256.906774685209	
16403	5	15	516.642834784763	
12047	3	44	1417.08846541917	
19870	4	2	140.675304634811	
18825	3	17	569.665534091026	
23468	6	8	318.070093280668	
24591	7	3	145.538989187004	
26155	2	36	1149.99239956494	
21672	6	20	673.11447264306	
29440	7	19	636.534262670453	
23963	9	7	284.412294721423	
24887	2	17	585.802972142493	
8271	10	14	500.693594338695	
18195	2	2	130.804995694573	
16934	7	34	1094.11520841257	
12389	5	2	115.941819975126	
21787	9	31	1018.65685514112	
18666	3	14	490.998300132807	
8154	2	26	843.502150906018	
24663	2	33	1064.86218397732	
19921	9	38	1213.61291472503	
15291	2	42	1344.01315904409	
21317	1	42	1344.26079104853	
16388	4	22	740.686142342485	
22469	2	42	1336.26460718748	
18475	8	26	864.061951331823	
20475	5	11	384.859229877991	
13038	1	17	587.691823815783	
18463	2	29	946.173048087476	
12980	7	49	1559.51212869934	
28070	9	13	450.141758606835	
28110	6	7	271.655879109938	
27124	3	31	1012.13671753748	
19158	5	25	811.298281108634	
25166	4	25	823.980878304681	
29416	5	7	280.827640984593	
9324	7	39	1258.60551780956	
22481	6	10	358.521860855875	
11276	4	11	389.673665347357	
19580	2	40	1288.82896081024	
16338	4	31	1015.25774544815	
18444	6	12	423.498820189153	
24393	9	44	1404.46398327335	
20262	7	36	1152.65532182188	
21158	10	27	885.678356925807	
16281	6	17	573.002128309106	
11538	1	31	995.696689242356	
26391	7	44	1397.17531790825	
11937	1	33	1081.76089478739	
26606	7	50	1599.3979657066	
28001	2	1	105.704758253742	
9979	7	22	720.066618733139	
24542	1	22	743.496697891269	
14306	8	23	761.391401682697	
14804	8	35	1131.39389608586	
25599	6	15	512.893615641116	
22013	6	23	772.382043736233	
12032	10	23	756.402323076689	
17362	8	11	404.410697447327	
13594	8	41	1305.6035827592	
27485	4	48	1533.21086340268	
15101	1	36	1157.84716537122	
18825	3	7	283.819351477464	
20975	1	21	713.602343943716	
18201	8	7	266.392504063618	
26587	8	1	92.7564156114852	
11277	7	36	1173.66625460501	
21140	8	40	1289.39531323006	
13266	6	28	906.824117389891	
14452	3	27	893.287567427981	
23573	4	13	457.336302165564	
10572	1	22	740.134994285244	
21733	8	4	181.324634785449	
18970	4	36	1154.67319009578	
12687	1	2	129.604438529166	
14015	9	26	870.114094535873	
12520	8	49	1539.54917577074	
24196	1	7	271.605469226653	
26782	5	46	1455.00778541668	
15511	5	26	843.262478878378	
18178	3	46	1468.36526208947	
25844	10	17	587.683911969738	
23885	9	34	1105.9309290284	
20073	10	29	946.775082380872	
26170	10	48	1533.8073704456	
13173	4	42	1330.0751398737	
11838	5	35	1128.15918121867	
10371	7	9	330.745315854785	
17493	4	40	1279.90438502277	
29440	7	11	391.087262663565	
23779	10	34	1108.44559724836	
22774	9	17	582.203194732872	
18825	3	49	1554.11116340855	
15816	5	20	684.070082588154	
25446	7	42	1355.61809740757	
8647	1	46	1457.41058007693	
27552	7	5	219.679468711689	
23064	2	23	770.861639329633	
14591	3	30	966.262817758258	
15598	5	27	872.921941314322	
27274	1	31	999.335873704094	
13647	3	41	1306.30137601229	
23671	5	17	570.351200518362	
18612	1	7	268.473327359405	
24245	6	38	1222.06166354104	
23120	10	30	965.569763968498	
9722	5	18	618.74198394769	
15318	10	37	1188.82350779549	
26864	3	21	711.786963153531	
20415	8	9	341.279801549986	
22771	9	17	573.344439870373	
20252	4	17	580.77657450958	
21692	9	28	901.394537660011	
18299	10	36	1161.14821856895	
16772	8	45	1437.23832066974	
25026	10	32	1025.52695143294	
16053	4	2	131.916236342823	
23188	8	29	937.044269096593	
24732	1	24	779.794973498115	
22548	10	16	536.317364189922	
13880	1	16	564.597234392817	
29332	7	28	922.920938750226	
23623	4	1	89.4909282072871	
11401	10	17	595.736854726326	
27971	9	43	1384.84197017962	
16875	8	46	1475.13310743269	
9219	5	24	786.023830876697	
28284	6	34	1097.2545521973	
14086	1	44	1399.05509268821	
22026	7	7	272.193858452232	
24589	2	22	730.434625824184	
16654	10	26	848.68753644111	
10885	6	28	905.342651468396	
15633	4	20	662.085844102356	
13951	2	45	1443.92660517428	
16910	6	6	242.063886077173	
22752	1	1	97.3327114513762	
14420	6	28	917.457601668992	
16718	10	41	1324.71341883983	
10947	8	19	648.237606477103	
14288	9	24	791.333155926006	
26102	2	49	1539.33567342317	
9262	6	38	1218.95835270125	
29157	8	31	1018.62458347279	
28053	6	45	1417.74282279319	
27408	9	18	607.669022738779	
16870	8	40	1280.80865707286	
10773	2	13	472.962944839598	
15085	7	26	846.831761918418	
9868	9	11	410.091145974626	
28564	5	44	1405.49434373411	
12124	6	27	882.635199615096	
14205	4	50	1591.06666583152	
8437	2	15	509.945453568336	
27457	5	11	388.324706921505	
8234	9	3	156.414934953868	
10056	3	41	1296.81044780501	
28967	6	50	1574.61434579204	
10901	9	14	483.631357179783	
17065	2	42	1346.92855610835	
11804	8	6	259.545933091802	
13388	3	35	1121.48743175039	
13650	9	44	1389.76841510728	
12362	2	15	519.5931047013	
23335	9	38	1210.8451757258	
17864	5	41	1324.65690342926	
18050	7	40	1275.43392304118	
14717	2	8	319.308693557656	
27970	2	41	1317.22161339467	
18977	7	40	1275.17443459256	
20232	6	31	1008.19423998156	
12673	5	25	814.458634673831	
9230	2	38	1212.33085025676	
11622	5	5	211.557367021012	
11622	5	42	1344.98420826392	
20215	4	18	625.261560969642	
19182	6	41	1303.96258604897	
10224	2	20	670.866344734499	
16019	6	23	777.994031933133	
18426	9	26	857.172947440843	
11847	2	7	274.324450359831	
13966	9	11	393.060886037099	
9879	4	9	330.422790278878	
29585	1	33	1068.96394671358	
23607	3	13	466.699514718121	
23900	6	45	1447.79942620909	
14029	4	26	857.620870609591	
19208	9	14	475.397197900059	
23289	6	10	353.76113718085	
19137	7	43	1367.51167022042	
29842	6	16	545.253438272166	
12796	2	2	122.71836565934	
28631	2	15	513.826244489209	
25915	9	50	1577.78486273148	
29075	5	13	468.691673385301	
29019	7	40	1269.84572417561	
16372	6	5	229.567258315891	
10819	8	24	779.365247999954	
17600	1	44	1407.77940774699	
26800	5	4	173.08591936393	
28768	5	29	932.235099697595	
8362	8	32	1041.49996351521	
19055	4	23	755.741331444933	
18295	10	36	1171.65732732586	
26112	7	31	1001.89690599306	
18016	7	20	671.035709060279	
24896	7	40	1270.30434935834	
18516	6	46	1459.50929881051	
8571	4	23	764.961245304421	
24550	10	43	1363.06314595186	
25649	4	13	452.452348904895	
24423	1	21	705.944103070509	
22823	5	27	876.620313858902	
12407	5	38	1226.45840973894	
25920	5	36	1152.60410574852	
29717	9	46	1466.4850470547	
22713	7	27	871.064641471517	
10309	4	11	400.8044683937	
17014	1	2	132.893589983179	
21576	8	43	1363.04574951671	
20971	3	16	547.036032819672	
27539	5	27	880.036725141125	
26864	3	49	1565.54755637681	
17633	6	49	1549.70994317425	
14503	9	25	809.920996320397	
28179	5	30	965.475874322222	
21063	10	10	380.632390184622	
24490	2	38	1234.54598752528	
13022	4	42	1342.86569363571	
28431	3	3	155.138484088303	
14570	8	14	475.694302653751	
26858	3	18	604.597338049019	
19038	6	26	863.086936987511	
17339	3	20	684.908112569204	
22070	2	48	1524.93784774325	
27162	9	25	832.824486844626	
13900	3	39	1237.31955459217	
12348	1	23	758.765462953022	
18405	1	3	147.06704072052	
10146	3	44	1395.66380565784	
25458	3	6	257.495076850753	
21932	2	31	998.111571799084	
16812	1	41	1310.43595259564	
23967	10	17	590.697991228987	
24796	10	31	995.059321315521	
23417	4	45	1439.30933520166	
10012	10	26	846.098051800438	
17265	7	27	887.367834750268	
9912	10	14	505.180756982966	
28763	3	18	602.206626330599	
13845	9	14	478.781082704096	
17130	6	45	1428.76278992219	
28635	4	22	726.471658016775	
8105	6	2	124.733658230274	
26163	7	38	1226.04988654426	
26721	7	2	132.19837455647	
11941	3	33	1075.9524071384	
16560	9	24	806.031388270683	
24551	4	12	441.736331005458	
15641	7	2	116.421031670841	
18132	8	10	370.403318875657	
14528	3	2	115.758361833058	
21485	1	4	196.643605174796	
17186	7	21	689.822761216118	
19472	4	30	967.368843298112	
24573	6	45	1447.85501085588	
13248	6	45	1442.857166083	
20484	10	7	271.712201289699	
18534	9	41	1301.52056199569	
10416	5	11	399.779618903892	
26366	1	8	309.165492462537	
28415	2	4	192.299178518494	
25798	4	9	333.73742767318	
23910	6	9	337.229784325338	
13043	1	37	1185.55067266596	
20484	10	36	1148.92446102059	
17980	3	36	1169.60077254549	
18655	6	33	1054.84956514782	
15107	5	19	634.650621858728	
26783	7	30	970.61166111874	
18578	9	4	199.377822521784	
20108	1	34	1093.26455543435	
18298	10	24	809.365230542312	
11265	8	25	820.659067305112	
17735	8	40	1276.35740138421	
17507	2	19	646.931512731561	
29033	5	46	1478.12568003224	
13433	8	25	818.353278757237	
12549	7	33	1058.85822602495	
24618	4	46	1472.73947318678	
9622	6	43	1356.87207970623	
23252	2	15	511.288166321483	
27012	7	11	397.029131947565	
21625	6	2	110.646009049679	
11407	8	34	1105.26048678218	
24796	10	5	221.736715017695	
25467	5	27	881.467966624288	
27056	6	21	700.61319137952	
22747	10	38	1223.32914793088	
13248	6	36	1147.20431045965	
10963	4	50	1596.45216911866	
16521	2	19	654.38585051074	
18056	4	37	1185.84727275458	
11407	8	4	185.401138079074	
25800	3	10	373.041133868062	
16736	5	10	366.481904185601	
10505	10	37	1175.02536224901	
8971	4	13	469.241873691437	
19732	6	16	539.182985564313	
10155	8	3	157.125425523671	
10925	10	16	562.597602010983	
26583	8	1	101.102841990582	
23933	8	6	251.380766411955	
15830	7	33	1071.12466988672	
15377	1	48	1517.04320914906	
28809	1	27	877.138763441303	
11222	6	28	906.393131290745	
9364	6	30	975.984537869685	
18295	10	31	1013.46535983191	
19070	8	11	400.43733056655	
21356	7	50	1569.72933082363	
27969	1	21	704.50388732576	
19661	1	25	812.853975264753	
16747	7	45	1428.78108880892	
19542	9	19	642.907539197666	
24301	3	44	1397.87732614105	
16951	6	44	1395.27004657093	
24422	2	8	303.091418623501	
23366	6	25	831.969297543154	
14879	8	32	1043.81395764826	
20120	8	9	347.456494396299	
20853	3	16	548.987581165967	
8538	4	45	1431.52041721694	
15331	5	34	1087.44631139908	
12312	5	30	974.15949200008	
29335	4	36	1144.99197201104	
18561	1	47	1507.41728267978	
23783	1	21	703.964092463238	
20232	6	15	527.61793343705	
20021	6	30	989.875497198606	
28938	2	33	1071.90615048255	
8832	5	34	1088.88380634081	
17133	3	10	359.170293192924	
24618	4	30	981.732800501274	
23783	1	30	990.141871175795	
10851	2	42	1335.76923771564	
11095	9	9	339.907399909528	
17791	6	28	925.904462060847	
12020	3	4	193.602799900622	
20142	5	8	308.121723340881	
13432	6	28	915.34358372695	
21191	10	47	1505.4834287546	
18224	9	40	1287.14783154761	
14467	3	28	902.891817364326	
16082	7	37	1177.47497963601	
14458	2	30	971.9482817929	
19937	6	45	1441.53187524599	
22313	9	43	1357.06618394566	
29326	1	35	1142.49359888141	
27121	9	17	575.163807727007	
25915	9	17	571.211857614672	
22720	8	29	951.933943625509	
12791	2	39	1237.27257614828	
8462	4	34	1095.36902791605	
11926	2	44	1409.66893112737	
12555	6	1	93.6100208450155	
24250	10	7	269.58242477364	
13905	4	23	763.934455012872	
21986	4	4	176.965177886637	
8557	10	13	452.051237138012	
8510	2	30	969.721480761525	
21054	1	7	282.429038827507	
10339	8	15	528.366604432634	
11326	2	1	103.589862633306	
17130	6	28	928.531180083999	
29910	10	16	560.845524482823	
22713	7	12	425.333594132836	
25972	7	45	1431.12117476348	
29518	6	15	518.63921763312	
10394	3	28	907.138301482023	
11677	4	35	1137.96992623153	
24663	2	16	549.365584510083	
28693	1	4	189.488618722879	
12781	2	18	603.847574202273	
18678	2	5	208.470373921315	
14784	8	12	441.973065641696	
28001	2	26	861.839749618359	
12342	7	18	608.628599852616	
15229	3	48	1509.97133176307	
25729	10	1	82.2112102071807	
9857	5	41	1303.46009676506	
14532	6	5	230.351098734118	
27499	8	36	1161.47049358183	
12477	8	49	1552.45412571004	
21132	3	14	498.663639583934	
20917	10	4	199.972206857042	
12549	7	46	1451.61123019252	
16712	1	26	863.801265276876	
23701	5	36	1172.0638693739	
11884	6	30	976.531850330779	
12594	4	36	1146.186812942	
22524	10	37	1175.97294489666	
23369	6	25	828.939284174209	
14539	4	42	1341.55156276261	
9445	5	29	938.400242579356	
17227	8	21	712.914544899442	
27499	8	33	1057.11682432197	
29910	10	39	1263.5579689143	
27062	3	50	1574.36063728033	
21323	3	21	696.629455153192	
10832	10	18	626.614687660064	
8358	2	1	90.4107004825076	
20364	7	28	918.42696631254	
27901	3	8	315.355297399385	
16786	1	32	1037.19388149548	
17604	2	1	101.846273104589	
27055	9	26	842.44532490263	
14529	5	21	713.42500194601	
21120	9	30	966.898653994733	
28067	4	32	1047.69586548568	
22633	7	25	831.770271226657	
20691	5	39	1260.95382492102	
13661	8	26	853.963123249804	
10547	5	4	174.753967679457	
9241	6	22	748.591140372954	
21885	7	25	819.370382027407	
19751	4	22	720.958545245677	
12337	1	17	575.912478722591	
28240	10	38	1204.92622304937	
25603	7	24	808.558973226957	
25110	7	21	709.234294290298	
23767	7	36	1161.53232885596	
23510	5	9	339.057305389576	
26634	5	35	1142.10736730234	
10301	4	43	1360.95148854002	
20289	5	49	1561.99698133487	
12687	1	41	1320.42630033587	
26409	3	13	447.937055960268	
9705	10	39	1265.44733162292	
28130	2	34	1095.55582902187	
21906	4	30	984.856241319727	
8299	10	37	1198.28178070406	
24184	1	19	634.26796257229	
14591	3	27	893.341876609876	
29219	4	33	1055.59652254712	
19231	7	40	1293.04939628255	
23906	9	28	911.924132421577	
24331	7	28	926.115196182446	
22418	5	17	595.260244214563	
13843	2	14	476.817366479345	
27141	8	29	957.526881954412	
22202	10	25	818.186228246515	
12753	4	47	1496.90261128214	
28734	5	5	204.368003888227	
12653	9	5	224.761579104123	
29542	8	47	1485.23298802098	
20197	1	11	402.009821646851	
13371	7	22	734.185316494752	
22907	2	20	672.960422389657	
20870	8	4	199.029860551949	
10064	5	50	1591.95599965377	
13097	3	16	561.204345599378	
26010	5	2	138.631745864931	
14939	10	26	845.80166405337	
23279	5	50	1587.39516086289	
22428	4	33	1065.0823588041	
23909	7	42	1351.35339509293	
21156	1	43	1376.3195990102	
21524	4	16	554.403808859365	
28930	3	33	1075.19690016061	
11291	6	10	381.419972768715	
26537	4	13	474.508268942362	
29818	10	32	1047.97767032309	
22759	5	46	1471.34282497286	
11020	4	3	142.839624165948	
20011	9	38	1233.4884905226	
18534	9	21	706.685862348734	
27581	6	49	1560.62124663993	
13832	6	22	719.15744513234	
16976	4	33	1055.5417440904	
17299	3	47	1507.44624960583	
29726	3	44	1394.84334906323	
8142	4	50	1580.65223450803	
9697	7	24	808.108856570026	
16224	4	46	1451.03209127254	
29999	10	47	1491.04806604378	
11778	6	39	1264.62971757382	
28718	9	5	214.689301501349	
10753	7	31	997.345788198219	
19739	8	46	1475.71850051904	
22481	6	39	1239.98715968802	
26869	1	20	666.240983841122	
16978	5	43	1374.97663357061	
10285	2	36	1146.41747107097	
16486	10	34	1103.59982936811	
28440	3	14	503.65189572035	
16726	8	35	1139.65003483912	
22861	2	44	1388.46629851892	
24537	8	28	905.946715746981	
19383	2	50	1590.51416374301	
18191	3	49	1541.69600118962	
19500	1	35	1135.60453341138	
21948	6	13	451.711387323081	
15315	5	35	1120.06334405395	
15990	1	4	175.397393710631	
21167	6	16	563.018613012051	
14665	9	43	1370.20855792342	
23288	6	1	105.559786309283	
8089	6	3	141.528379722279	
13059	4	17	591.273088581522	
23374	10	26	858.547125672245	
11392	6	12	441.388575006923	
12362	2	1	95.0278713624123	
10593	2	38	1217.41867829925	
25930	4	7	291.583610946119	
11184	4	7	277.112650590536	
18256	1	17	580.552111091349	
22014	9	28	930.522889294905	
24962	1	31	994.769572780826	
20870	8	4	176.347094819111	
21388	5	44	1400.45264123029	
24819	5	38	1216.66409359158	
22287	5	13	458.973810811981	
8068	9	20	678.685308340325	
9766	5	45	1435.20974047259	
12312	5	41	1315.17898892759	
15658	1	21	699.53163537175	
25400	8	47	1501.56019925212	
15442	3	13	447.742995604753	
11636	5	39	1239.1877284456	
12961	9	4	173.838455683476	
14203	2	28	918.219563829815	
17933	1	22	734.674530892947	
25184	2	22	728.643281389327	
23025	10	35	1113.84574290078	
16435	2	13	451.841716194452	
28522	3	32	1023.13196174015	
21198	4	16	540.588890454075	
14879	8	21	712.711462859396	
12437	10	30	968.013478260494	
8857	6	4	200.839508120361	
9487	8	39	1239.06993126453	
29585	1	3	153.16092177907	
8193	4	14	486.072699616697	
10232	1	21	697.171374846795	
16642	5	27	878.598584681097	
26584	5	19	651.213112478709	
26170	10	6	237.557955271359	
17208	7	29	934.83386012485	
26589	1	28	906.487178777571	
13794	3	48	1523.099784629	
18484	6	7	289.127145544219	
17794	1	13	473.696725738094	
10859	10	24	809.59962092787	
23277	8	7	270.061522512725	
28400	4	11	405.031907598037	
21231	5	23	756.630722599398	
15605	2	43	1373.02607898276	
26800	5	40	1284.85360358136	
14241	3	13	460.218404783038	
28909	10	46	1463.4869776403	
28113	1	46	1468.6483586713	
13905	4	39	1257.81679070453	
21467	7	14	502.34065127668	
22807	7	14	497.434632898045	
29605	8	49	1540.32756184243	
22568	9	41	1306.71404411398	
22361	7	30	966.384589973085	
26267	7	4	183.572935398469	
8654	3	45	1439.74189475167	
19534	2	26	853.980688850386	
19142	5	2	119.963220637275	
13770	10	8	297.811426435509	
10351	8	1	106.756094520332	
15942	4	50	1575.50758669875	
12128	4	6	241.382709965754	
28029	5	35	1143.50317181251	
9149	10	50	1572.90111119528	
17774	2	50	1581.51393349353	
19422	1	19	636.611155791493	
28089	3	22	743.965876448884	
10767	8	16	541.973680100391	
21132	3	19	646.726339127275	
22159	7	35	1141.25581682718	
18553	9	41	1316.0879438166	
14203	2	47	1484.71131013926	
25384	8	15	524.522838091721	
29510	10	48	1525.07490996508	
8406	8	16	538.581758876602	
19371	9	24	788.813835302747	
10565	6	40	1295.21099359505	
16063	10	39	1250.10588275739	
10575	9	26	855.735286872711	
21534	2	9	332.493058076358	
29002	8	34	1104.52650062019	
24324	5	9	332.191149449065	
17315	5	50	1581.25314056	
15604	5	39	1250.82027050239	
16749	6	50	1588.63806671865	
16973	10	23	756.843813004365	
18919	3	36	1171.88454056712	
10330	10	40	1284.82852250562	
26021	2	2	133.985019872889	
28564	5	34	1095.09196537318	
9475	3	2	132.506489927185	
17453	8	47	1483.13656399173	
16479	5	50	1591.31571910871	
24641	1	13	446.940631217761	
26225	10	25	834.09203422912	
12938	6	1	108.678812546972	
16187	10	26	861.528735785526	
28408	7	24	783.729611404114	
20343	2	44	1391.51214548923	
10487	4	22	728.242447789871	
10948	3	41	1316.25252833415	
15355	3	31	1001.51329753991	
10933	10	28	901.922019544021	
23869	5	4	196.560973877348	
18991	5	24	786.252707460082	
17263	10	18	612.723322758788	
12025	8	34	1095.80472375071	
26372	4	43	1381.6391341489	
28793	10	15	507.802831096483	
24603	4	31	994.759100095722	
24829	2	5	224.530901156613	
25505	5	37	1203.87480609299	
28635	4	26	864.227933764564	
16582	4	49	1565.31836835915	
25504	10	18	602.229593900139	
20419	10	41	1323.31643724968	
12522	1	6	260.12956940575	
29730	8	47	1492.68290131012	
13774	4	50	1584.26304447663	
26984	9	28	904.670120489164	
22823	5	33	1064.72661522437	
10929	5	33	1059.13735394326	
17695	6	14	487.988660227502	
22879	5	36	1151.63437375409	
16090	9	34	1088.7493269	
25300	4	45	1432.95137982487	
26081	2	47	1493.39559103055	
13092	10	3	157.58220687396	
13783	1	23	770.982875735957	
10609	3	15	509.90294632963	
25577	2	48	1527.28509951722	
24705	4	17	591.48138219094	
28404	10	46	1458.59373726817	
23290	10	5	207.492839082839	
25513	1	18	616.240529742204	
28200	5	4	183.013203080284	
24646	1	32	1030.26912990504	
28719	5	46	1464.69216668265	
27738	7	16	544.567563042309	
23068	9	33	1055.91474395986	
24553	8	39	1261.03908925366	
9930	1	44	1390.24540641822	
16804	2	26	857.025691409142	
22548	10	22	739.225919777167	
14399	5	29	950.56106421657	
21786	10	15	528.631683834191	
25822	6	21	698.908630227162	
21456	5	1	105.997350749558	
25889	9	45	1444.71103731762	
19608	10	34	1110.77559697944	
19854	1	46	1448.54924314122	
17104	7	30	968.845834475405	
18402	10	24	799.466566927483	
29288	8	17	566.842025000063	
12389	5	39	1263.5158325655	
9525	5	9	337.115174390895	
9662	5	17	593.524637312407	
20629	3	42	1350.28764578993	
12460	5	21	707.811646977352	
18819	5	29	953.301327635209	
22090	3	22	719.327731728241	
20663	1	31	1018.22251687675	
23030	5	21	690.656258412942	
15093	4	50	1597.89988476685	
24550	10	33	1067.4740005785	
22015	10	38	1233.04951896567	
19928	6	42	1345.28106882483	
8405	4	22	736.735094681724	
10594	7	32	1029.07783861695	
12877	6	14	499.216390819855	
19371	9	10	373.047307344641	
21499	2	11	395.437402723095	
19207	1	32	1028.11533826781	
21477	6	18	608.348300516768	
23323	1	39	1243.63103123551	
23371	4	40	1274.48120880615	
22530	4	7	282.111662534118	
20987	10	42	1348.76274045034	
27800	6	7	281.073309537523	
18929	8	19	640.117643065805	
12718	6	25	814.042749597711	
13706	1	46	1467.39824028099	
26846	10	8	312.871169556338	
9462	5	39	1260.20727875652	
25217	8	20	661.353703188409	
10135	2	19	638.439265041817	
20618	9	44	1392.01481526346	
25154	7	30	971.751712268103	
20115	4	16	543.97700651734	
13905	4	10	359.125355351309	
9580	4	37	1189.48856576788	
29805	10	40	1279.98148411512	
14717	2	25	836.880519705303	
11118	9	37	1191.2662354071	
12423	7	12	416.587012231623	
21595	6	8	322.816572376907	
17100	9	24	779.589148005279	
10183	9	26	859.125806642289	
23934	8	40	1271.75191919867	
25864	8	41	1317.5115452509	
10737	5	24	783.350615009363	
25044	5	49	1562.17353554544	
19770	8	20	676.919512132611	
16525	7	32	1025.49464649777	
25367	4	25	817.728289634794	
13715	10	35	1133.11184041813	
27094	6	49	1540.73049620759	
28131	4	7	271.118266410715	
15644	6	28	923.210993764555	
14860	2	50	1589.03462375935	
20382	3	2	135.003511856777	
26857	8	26	844.761896862072	
21888	1	36	1149.21433625241	
13682	9	3	147.694003911546	
21377	2	5	219.258578037498	
26413	3	26	851.929491447252	
19044	5	24	785.351347320411	
27936	10	32	1030.44897965642	
9641	4	31	1016.54618157844	
13586	2	15	509.034735536685	
19104	1	45	1441.03470370222	
26775	3	13	453.529356556725	
22419	8	7	272.758088164385	
23123	8	23	749.952483265639	
21662	9	28	909.727825051978	
29388	3	21	693.065823229526	
22015	10	36	1158.55688301779	
8312	10	45	1436.84910286071	
25440	5	7	271.761288285144	
29807	1	31	1000.8144588586	
12200	4	17	574.892060800871	
19334	10	32	1022.98585589183	
21730	4	3	157.010821251669	
29993	5	16	563.561764286627	
28165	2	46	1456.76702805644	
20468	10	26	851.869214052273	
27387	10	27	870.478728148378	
9133	4	27	887.376523058571	
17551	3	15	522.478989121727	
17879	10	35	1128.24186277028	
19296	10	21	697.708768834224	
13166	4	37	1200.89654885274	
14456	10	2	128.540718503548	
22873	5	16	554.942382757991	
24432	1	8	304.121843494532	
16082	7	12	424.726668905805	
19166	3	5	210.76714786271	
9399	3	23	769.186515793757	
9771	8	32	1052.0076573696	
26170	10	36	1164.65752078437	
14185	9	35	1137.4652250565	
25291	10	42	1349.14016834886	
23667	10	45	1442.57962506385	
14310	3	26	842.717183661981	
27405	6	46	1476.47684154868	
12515	5	11	409.821258452638	
28909	10	43	1369.41544738105	
14529	5	48	1526.96702886697	
21304	6	4	195.766821445789	
19473	3	5	204.662466405268	
19743	2	50	1574.55495740033	
14452	3	4	183.88139334688	
22378	2	50	1599.35697812557	
24962	1	48	1522.39653490595	
18560	8	34	1094.14256295848	
19694	5	21	712.017655964949	
15176	7	23	767.751075610402	
12878	10	20	665.652571965779	
16751	7	7	290.926975855104	
17896	5	30	967.389363985224	
16750	6	50	1581.45076329887	
20468	10	47	1497.97482426184	
19705	5	17	587.969990534694	
18845	4	47	1488.30431880816	
24089	8	44	1411.32596670246	
13558	6	8	320.138154849474	
13021	7	11	404.988638053177	
14687	10	41	1317.81570540639	
12142	5	15	525.830639771107	
23723	6	16	565.001156146173	
20179	1	16	562.298675366817	
16493	4	13	469.370367224035	
10693	1	13	464.84144549111	
17857	7	21	707.103767500773	
28343	6	46	1463.3492338021	
10479	3	25	825.751892452013	
10943	3	37	1180.40623082798	
15806	5	28	914.293637589688	
11473	10	20	687.084922737947	
16381	2	35	1126.9457696038	
25269	4	33	1082.45376667122	
17503	10	29	943.511699281406	
8500	6	23	771.609701612782	
27932	10	11	397.816522716459	
9057	7	36	1153.68690536995	
19388	8	17	593.827375487344	
28880	5	37	1201.53957072717	
13072	5	5	206.144183597595	
18876	9	33	1060.79981979951	
11292	3	37	1192.10418752958	
8929	4	39	1256.9755932954	
9364	6	36	1145.11457589693	
21420	6	16	558.259539938653	
13970	5	3	164.618293384378	
21109	7	37	1183.2067574855	
26377	5	39	1239.49040079466	
10693	1	26	841.170177814164	
29746	3	49	1554.27530625568	
15887	6	32	1031.39121695952	
24215	5	39	1236.33868669921	
8063	8	1	84.8326203994605	
14056	9	2	131.599741974659	
22528	6	33	1081.13638909587	
14482	3	38	1230.76566529962	
20286	9	39	1242.36379103845	
21169	7	37	1185.1845901763	
23694	4	41	1319.03994785577	
20419	10	30	972.253210624798	
19937	6	2	139.047301103849	
29200	1	9	348.390670506466	
22386	5	35	1131.61142513697	
10185	1	46	1453.45743802071	
26705	9	50	1578.56764922783	
8273	2	23	763.9812062513	
21725	8	47	1484.935597314	
11790	5	21	717.939064017469	
14091	2	24	806.365122649057	
27531	3	7	270.153467818235	
18707	8	12	414.617413438213	
27722	10	27	897.498591215116	
20085	3	22	718.598584122303	
24786	7	7	278.844454455583	
15613	1	9	337.015885606881	
21924	5	29	933.726452241524	
15834	3	28	908.02556285077	
17228	10	31	1017.18409946989	
26769	1	48	1511.11082728538	
9262	6	10	380.223152106732	
18592	1	35	1123.89701001528	
17287	3	8	303.858833007449	
28230	1	50	1584.58171463785	
13426	10	38	1226.1309245723	
28658	3	47	1482.90242063017	
28062	10	32	1050.74623603874	
21070	9	35	1122.11314920434	
12045	10	32	1030.85402469656	
16213	6	46	1462.37531018554	
10061	3	35	1140.84403631317	
25021	3	23	755.452731678008	
21874	3	49	1568.50231519365	
26185	10	27	874.787427631574	
9498	3	8	309.286360102373	
23923	3	3	147.096882493746	
24896	7	24	792.409149293047	
8500	6	2	140.492762392616	
8602	6	44	1403.51815527469	
11778	6	36	1166.5469266691	
15565	6	44	1394.27833368735	
10288	7	7	279.682696070374	
29403	6	16	545.267693468028	
12104	2	15	513.125278145599	
14998	8	19	651.016709995929	
19538	3	38	1219.65789281747	
9229	1	5	213.892625744405	
12687	1	18	597.740102576902	
14145	7	44	1405.98816594388	
14164	10	44	1394.58385636778	
19358	2	5	227.409936854341	
27278	6	11	402.740102448845	
22432	5	8	305.179691568566	
10138	8	40	1274.07376289092	
12304	4	31	1018.81679574904	
17922	7	46	1448.35620060952	
17133	3	45	1435.1884680964	
26980	10	10	363.808955868617	
12184	1	47	1505.48050056467	
22747	10	50	1570.55501739055	
9975	2	18	607.82141318909	
9731	4	39	1241.86805704696	
28781	7	15	534.081572617442	
23262	7	26	855.563753831928	
13607	1	39	1265.52108633589	
25270	7	35	1114.70073614023	
26914	4	13	446.115098244564	
9340	2	1	102.711163583543	
21854	6	14	489.31222401993	
15750	2	5	211.747571961837	
19069	1	36	1144.60673631383	
10213	6	27	873.233689848908	
9308	3	34	1104.50740757608	
20506	6	46	1450.63717280079	
21833	9	4	196.832493598029	
14965	6	4	180.540456036357	
20958	6	20	658.629316547247	
28571	1	44	1390.73355486185	
17761	4	31	1013.56500464192	
15598	5	1	86.4730317548257	
14420	6	42	1349.00979488576	
23924	9	15	533.00613346184	
16732	9	41	1316.12498326047	
13932	1	39	1236.27016832878	
8769	8	41	1314.9653733312	
18128	8	25	818.103933864322	
20153	3	15	530.273040109441	
13309	10	10	374.428552302731	
13496	3	46	1455.97063188253	
27492	7	13	460.930159492851	
9959	8	8	311.908414397346	
9641	4	15	508.60019342443	
8597	7	6	235.012261827948	
25931	7	45	1432.96313788414	
17492	4	19	638.72551348001	
22374	5	6	232.410276640398	
14175	3	42	1345.60112345293	
14237	9	40	1289.7039396361	
29024	4	26	847.604191809708	
22707	4	35	1136.3159738557	
11721	1	26	853.542794572908	
18655	6	4	191.181462160862	
26919	7	4	188.427878556972	
29893	7	40	1274.24059398204	
11361	10	9	329.977120053944	
22747	10	29	954.176247005433	
24799	1	27	898.232694872763	
11968	6	13	454.542518767781	
22709	4	36	1157.24126929289	
13229	4	28	918.276339712682	
27925	1	26	869.726884062275	
13636	4	2	124.45491323455	
16501	3	29	950.243951226698	
19864	8	47	1499.00746880984	
16845	4	8	301.545222504784	
21097	8	3	154.81527972725	
15677	3	48	1525.74307378649	
11694	1	27	897.811404288659	
25779	1	35	1140.59838050073	
25724	9	15	527.417152471569	
29958	8	20	664.427696030786	
15750	2	3	151.686545941833	
8299	10	6	246.740531701008	
18261	5	1	108.382064527079	
29001	4	47	1499.83915756449	
16255	2	21	716.006542889404	
20767	5	21	718.22142802096	
8986	9	40	1271.54426969194	
18613	1	27	891.911659320775	
12457	3	49	1564.42221695763	
20874	3	12	434.939332583425	
15788	1	30	968.925376911147	
10155	8	18	623.129363052142	
15665	7	46	1477.24903078622	
24920	3	25	832.930237181918	
22883	5	39	1237.8283327249	
15017	8	12	424.578254904867	
23685	8	2	121.884389278425	
28173	5	30	986.29304827484	
26906	4	12	440.789126325766	
9730	3	48	1519.87123899156	
9700	10	3	155.73052134166	
12639	4	25	817.187283009844	
23491	10	18	617.694292169853	
12108	10	37	1191.20327543058	
10914	7	7	267.453501162796	
8540	5	36	1158.35624219773	
11663	2	9	336.004793018105	
14741	2	38	1211.41791537936	
14164	10	16	563.91023375276	
19022	5	8	306.667202853908	
27521	7	15	527.789719164273	
23102	1	5	229.105559135371	
29081	8	11	400.187039338139	
23276	1	16	551.888277824916	
15741	1	24	781.856248631075	
23107	9	49	1544.44093045985	
19381	3	3	160.045814029894	
8169	1	43	1374.40143641755	
13713	4	38	1213.97057716454	
24952	6	8	315.954818984473	
21559	10	38	1226.68842518082	
18308	9	36	1162.63085944701	
21601	9	37	1192.81905233526	
19289	9	16	563.337007129256	
25945	7	47	1500.80150715113	
9911	10	34	1101.32555018241	
8703	2	33	1072.99492044048	
19599	8	22	746.077231627925	
27927	3	20	663.716889779883	
13274	8	42	1330.23702482238	
18232	6	47	1483.85868450806	
16709	6	48	1511.51835601382	
8230	3	24	779.809254174963	
15318	10	18	607.545913480011	
27891	3	17	588.697174689126	
23288	6	29	934.499262931989	
25827	6	38	1229.04623953115	
16397	5	15	517.178789096502	
18368	7	41	1312.38565640169	
22767	3	36	1157.65030069167	
15070	8	13	462.216635002855	
21169	7	2	140.126354312583	
15318	10	11	408.001425568015	
11451	9	42	1337.75501410372	
10909	8	47	1507.14961341915	
9979	7	25	819.819817775777	
22685	10	8	302.942323714002	
19472	4	31	1005.3607529613	
20774	5	2	131.073988550843	
19811	2	40	1293.38740226505	
8072	9	9	344.532440874973	
10908	3	9	347.482952860875	
22052	6	43	1372.3224711103	
19983	4	5	204.834307341294	
21456	5	10	373.182813810735	
22103	3	17	593.099661894655	
8111	9	38	1224.36823067459	
18612	1	2	134.357285040597	
23450	10	40	1290.40176827945	
13794	3	23	766.127950980388	
15377	1	3	165.36132175725	
29131	1	37	1189.92756139018	
15294	6	19	627.701025599475	
23087	6	25	833.673208930378	
21568	2	12	422.808518345844	
20323	7	18	616.271363150455	
21135	10	32	1049.29630496041	
8707	2	44	1392.64112585813	
21212	8	49	1563.19110313579	
9534	5	45	1447.35698569909	
9133	4	11	395.394690928699	
23900	6	39	1242.86702493339	
15934	7	3	142.015780015856	
18127	7	2	136.320276472867	
16158	6	46	1453.73818398162	
26315	8	36	1166.56207086824	
19038	6	25	834.629433878991	
11930	2	46	1455.06403823153	
21795	10	19	656.187393710104	
13113	5	23	760.981689375351	
24008	3	27	878.383226468406	
27022	9	3	147.634167479181	
22497	8	21	695.003243077082	
26361	3	30	970.329487514836	
27055	9	33	1065.70458394741	
15806	5	38	1216.37573164719	
21027	3	5	219.195884903518	
15615	9	19	654.97494683367	
29710	2	8	314.363099669275	
26331	7	50	1595.59751279447	
29706	3	41	1310.1310322574	
26202	10	37	1174.68895449056	
29999	10	25	826.777020817053	
14503	9	18	626.257705421307	
24119	3	33	1072.28897893442	
8223	4	27	872.289073612676	
9675	1	34	1112.42532871311	
21628	6	36	1174.32821663764	
14109	8	31	994.946495757879	
18632	7	30	970.878250268697	
16301	6	43	1370.52351281537	
9681	6	15	510.301197855874	
13252	1	32	1042.16964982551	
23501	6	7	283.717002851757	
11566	1	30	977.992711336349	
27379	5	21	701.665415941582	
23422	6	7	285.467172845019	
15334	7	41	1316.00219463743	
23689	5	9	351.096123359676	
16565	8	24	806.620742942496	
8570	6	43	1358.47022801566	
10127	10	43	1369.30419244305	
9107	3	33	1078.16989133049	
25344	1	18	609.420078904098	
11107	2	47	1487.74472451198	
15531	9	1	97.7271542780693	
