idEmpleado	idDepartamento	ventas	importe	
9932	5	43	1374.58544452423	
22936	10	15	523.756728192678	
24004	6	38	1228.77769471555	
17909	10	19	645.207492599826	
8327	4	45	1431.71778868498	
23244	6	34	1097.37258083065	
21873	9	45	1443.50375387981	
29061	9	28	924.329654334266	
19511	9	2	137.838394668809	
21173	8	11	409.013259228791	
8702	3	33	1062.40503129661	
26277	3	2	138.494018306254	
15865	4	14	496.36215519922	
22879	5	17	586.812249211041	
28924	8	12	439.73147431376	
23142	9	32	1041.72935538074	
21026	7	36	1165.17971253264	
13337	1	31	1013.81910244646	
17398	9	10	359.207133035738	
18518	3	40	1272.6190576668	
29958	8	46	1465.02871600214	
10183	9	15	534.28445576424	
9064	5	4	181.320613036547	
9415	3	41	1325.52552758042	
11788	10	30	985.250842694776	
23427	10	22	745.60097218752	
20954	8	19	657.099575482821	
11558	5	37	1179.03624634214	
24412	4	4	200.200277250353	
8539	9	12	435.515004673747	
9360	7	3	161.683837958464	
9578	1	36	1146.09222539984	
15743	9	27	877.927585392225	
24807	1	25	833.775141366653	
23742	10	22	734.272607981354	
20924	1	21	704.352751106188	
29257	5	28	903.139209422813	
27169	10	21	699.954270785653	
18475	8	47	1484.9795994372	
21105	2	24	783.471653938047	
18249	1	17	595.428906397628	
17201	3	42	1340.95882548995	
14827	10	39	1262.93496306191	
22140	10	36	1166.36230418755	
26202	10	44	1402.46030507724	
22810	3	41	1301.02972460027	
20003	1	21	702.21486172742	
13480	9	20	682.08158115022	
12037	10	20	675.569238604777	
18816	4	19	646.076997260599	
9278	4	8	313.145361241487	
20658	6	50	1584.68600689652	
27345	7	46	1462.41984033138	
10837	7	26	857.896959212561	
17945	8	46	1469.16357995438	
28522	3	28	920.300988759986	
29278	10	12	422.436115156131	
20723	4	47	1503.25216713513	
16313	3	39	1259.95664990505	
16461	5	23	766.116816497462	
20322	10	15	520.273005347826	
22219	2	9	344.467507537672	
29824	4	24	804.129377083913	
13104	3	41	1302.32338999506	
17993	4	9	327.329421270326	
16018	7	48	1516.31280589677	
26961	9	26	860.566432914029	
13022	4	39	1262.58701383257	
10788	7	46	1452.53964122969	
27135	5	42	1335.37872320757	
10188	1	5	218.590145957931	
20963	1	16	545.225441746984	
17054	3	35	1128.83950300926	
20246	4	37	1175.73547909769	
18215	7	23	757.190151269171	
9640	4	5	204.069890512186	
23600	3	27	871.34949270233	
28579	1	18	614.958308848999	
12933	4	48	1523.06522250318	
19823	7	40	1284.2211180945	
11920	7	2	123.3861104601	
22672	5	50	1575.0179943326	
13166	4	17	583.467007737358	
29370	10	36	1154.12327998975	
13095	7	5	202.36964343226	
21700	7	4	176.997831061947	
11917	4	40	1283.67238506846	
22752	1	1	100.030626179665	
28698	8	30	964.611561412276	
10731	4	44	1413.97161922137	
22120	1	10	361.916635950057	
27430	3	31	999.887042287684	
19906	8	32	1039.9976208806	
24441	4	24	798.862782939739	
9367	3	9	343.198648590221	
18138	6	9	330.961398859956	
18822	8	18	616.82944840604	
21843	2	49	1560.61157306685	
20470	2	28	919.032882917222	
15773	1	47	1486.14749918047	
28023	1	15	520.463291686244	
25384	8	32	1039.62784789485	
28067	4	25	829.541939920533	
27493	7	29	940.190515397205	
25643	8	15	507.486851302668	
25683	9	43	1367.9199194945	
23276	1	15	535.846503887254	
28834	6	10	366.684361233695	
19137	7	4	180.70680794339	
28078	10	42	1345.09368944219	
14542	4	2	128.951496057655	
29907	6	44	1407.47780630713	
24550	10	50	1580.18694463195	
13148	8	50	1575.73553181055	
11224	6	22	722.730706037362	
24045	8	16	545.255011015225	
8511	8	43	1361.00049980031	
24764	5	39	1250.00609709416	
22361	7	37	1179.9537465628	
20762	6	5	230.331590208379	
16811	5	8	312.640420828313	
9722	5	26	840.535806734364	
28878	7	10	377.97545242029	
8925	1	2	118.568022008318	
13620	2	33	1053.46208725751	
25701	2	25	818.703103670246	
25749	10	34	1105.22782086638	
26364	5	11	409.976720069524	
27132	4	28	912.536830507469	
21516	4	15	506.228752409215	
10897	7	37	1187.24044210615	
9405	7	28	910.737919635483	
27942	7	40	1295.92542593178	
14480	10	2	116.917723322715	
20500	4	26	843.757826408258	
26277	3	20	683.758262565247	
9621	9	25	825.476054412069	
21598	2	39	1243.27649234015	
24555	6	22	726.636428687087	
23885	9	12	434.449723937758	
20432	4	39	1241.15132717469	
19089	5	31	996.988023834763	
13779	9	48	1519.32381823627	
9705	10	38	1219.51787197009	
26884	5	43	1365.02012316371	
28930	3	16	554.438829642925	
9434	3	31	1019.70009765574	
22288	3	33	1064.26208907005	
14689	9	3	156.132076902377	
9979	7	44	1397.943637575	
17509	9	17	569.960899059643	
29087	1	30	966.823351311881	
28607	5	13	460.657826504045	
10532	5	23	768.701292708843	
13718	6	39	1253.50707835215	
23138	6	40	1279.92748495188	
18381	9	22	741.652395474563	
9916	4	24	790.973917912214	
14327	8	47	1486.72842813969	
22475	6	40	1288.78374763242	
9384	3	9	342.692098628121	
25160	5	5	205.86978381773	
20755	10	33	1054.14753072623	
21963	6	40	1274.47805553418	
15605	2	6	237.853247336044	
10493	6	25	818.213576422172	
16626	2	4	191.552380375356	
26090	1	49	1543.26922130923	
22259	7	25	811.977705402289	
8467	3	2	118.972443472116	
12396	9	41	1319.77895660316	
24603	4	4	197.72400746016	
20126	10	18	603.369668407072	
8682	1	25	825.504022625044	
29144	1	17	589.180263033686	
17390	7	28	915.65239699355	
20756	1	28	921.21198849809	
9188	2	23	758.457580450204	
16479	5	9	353.547898844605	
29313	7	17	579.02325761459	
20021	6	44	1399.00300601451	
25154	7	2	120.965731796327	
27091	7	9	333.844643167148	
23209	9	35	1114.59319293247	
19207	1	48	1536.26785334957	
14862	2	8	300.417090794266	
17794	1	15	530.080093131438	
27924	7	18	607.224133222934	
12244	5	13	463.41064497056	
20850	7	36	1163.83034145638	
23047	3	49	1542.10586709068	
17100	9	2	114.502136499855	
8377	9	42	1356.54806420046	
22421	5	32	1037.85268105467	
22552	10	4	171.757625309638	
27960	1	35	1115.28154335696	
13405	1	49	1542.84049310854	
14976	5	9	324.845762702099	
17760	2	33	1061.66462463404	
26262	8	18	626.806546741541	
22714	1	12	442.886449267569	
20963	1	33	1076.43087634651	
24807	1	9	332.284383667765	
26057	1	2	117.159633430261	
8035	5	3	158.164680971841	
27760	8	13	452.236891599482	
27957	2	12	443.453682904809	
29732	9	38	1235.153803879	
10577	1	6	259.521029675156	
12772	10	12	417.854681358605	
24883	3	12	438.71549645379	
29288	8	50	1583.19481502436	
18284	3	15	517.426019067609	
8501	3	30	987.705170525101	
15030	8	47	1489.78074161791	
19812	5	8	301.726366831794	
20259	10	46	1472.02514065058	
24423	1	49	1539.55433779375	
12685	5	42	1338.2102021846	
21598	2	48	1537.43615654178	
8280	8	10	368.133483290734	
13391	4	37	1184.32824715242	
18139	3	36	1159.85857633867	
27702	8	39	1248.14736394591	
12951	2	4	176.866576381431	
21460	2	40	1285.2768201033	
28734	5	12	441.175943259697	
21198	4	36	1165.51698735241	
11440	9	22	733.746397315406	
15167	3	33	1073.89871967672	
17549	6	30	972.811903885013	
18831	4	20	676.366225795991	
28203	10	41	1296.79295581616	
19677	7	42	1326.74135210306	
23945	3	5	216.136808347021	
27298	5	11	402.572129668003	
26428	1	44	1388.68134812856	
27430	3	8	296.685009736887	
13018	1	32	1036.42851196063	
29616	4	36	1164.03096175009	
23397	2	46	1456.96340788946	
26487	5	27	894.926289252437	
18730	5	12	427.703103547778	
10693	1	2	125.555963611955	
12568	5	24	805.114845002589	
22986	3	49	1558.91105206633	
11204	7	37	1197.07611743225	
27781	8	13	448.842893675362	
18861	4	36	1148.07193943675	
16255	2	46	1470.03125847784	
23412	2	39	1243.25640270638	
19854	1	1	83.2861553147836	
10950	7	17	586.635560517495	
24785	10	35	1124.22846809226	
18567	2	9	338.673063450806	
16790	3	26	858.558202115148	
13745	5	48	1516.57230000783	
13594	8	20	684.137019721855	
21586	7	49	1540.29305704883	
8539	9	13	472.88786086854	
10531	4	1	91.060948339785	
14281	5	27	877.936695552402	
8088	4	17	581.407406563595	
23424	5	24	785.622309998433	
28577	3	32	1045.04277747359	
14531	9	43	1362.3492706578	
13034	2	10	366.401859208197	
21283	1	24	790.684666964544	
12348	1	26	851.56836217808	
9806	3	36	1167.20861194991	
8910	5	15	513.045018703232	
28770	1	39	1255.3401309137	
24551	4	17	583.125825833122	
29107	1	6	254.179240434514	
13585	6	3	160.472748652321	
9535	9	33	1073.2071940383	
19205	7	25	836.625143604644	
20749	5	35	1114.30261272672	
26786	5	15	523.032518943321	
19039	3	5	217.955524315106	
28230	1	3	168.200702671055	
10043	3	50	1592.33304958434	
12244	5	1	97.4450479156547	
17493	4	26	863.715138837563	
21196	5	45	1430.64231697034	
25539	10	30	969.525748570229	
8303	10	3	169.730665278496	
15030	8	6	252.564487723896	
17507	2	33	1068.06828865226	
8191	6	29	957.578606231873	
8855	9	14	485.99982966017	
10638	9	24	784.544328406707	
17203	5	10	356.391952688057	
25545	8	19	643.540651092092	
25541	3	36	1152.9700134103	
11326	2	20	659.026712337056	
25024	6	11	393.518882688842	
8681	9	39	1242.08079354934	
26076	8	20	680.513186138362	
21424	4	32	1042.76557434479	
26112	7	40	1272.50919285813	
12757	1	14	486.391450467702	
29717	9	37	1197.27453149728	
23122	2	50	1580.86332748684	
25705	10	32	1036.98623977461	
14202	6	50	1587.91627179269	
28216	6	34	1100.16032948166	
18208	5	11	412.456320082981	
21865	9	32	1043.75571943994	
20201	6	26	865.465869412509	
13031	7	1	101.933058510503	
18112	4	14	482.269687281116	
28318	6	6	241.104500778534	
23727	7	44	1402.33753273372	
14772	3	11	384.687158197485	
27057	1	1	98.7278987554498	
18199	2	26	860.491647636747	
19303	4	41	1317.69226772603	
25788	10	29	954.979993028091	
28631	2	3	155.517028903364	
13920	5	40	1272.6186053793	
29993	5	4	193.837371484301	
23869	5	41	1322.61637831229	
19601	9	47	1493.98975594621	
15351	3	23	761.20878228974	
11158	4	42	1328.50069029653	
11833	8	30	978.948178225638	
10330	10	49	1539.58517474103	
19492	9	21	701.209227024209	
12929	1	34	1101.44603631527	
23809	2	23	759.688311349455	
16735	4	37	1194.5443500553	
12372	5	15	513.789426588355	
20963	1	33	1080.26694459853	
29914	5	16	545.446331456977	
23432	8	40	1281.80925220335	
16677	5	13	475.058518087053	
26725	2	2	116.581720428812	
15641	7	45	1426.72889906295	
20540	10	45	1442.72604517766	
8994	4	46	1469.36541908857	
24788	7	43	1357.27434519551	
17386	1	24	808.808768283952	
9553	10	7	282.602419239749	
18835	8	29	935.64554772137	
22650	8	1	83.7301423790539	
24057	3	18	623.439827628173	
9482	4	16	554.054419954333	
19336	4	9	338.853492894607	
14598	7	35	1134.24211465485	
26886	9	44	1398.53506470031	
23396	8	20	675.82661496281	
25972	7	10	367.100800521253	
21684	7	18	604.996157234998	
10020	9	43	1370.14696896549	
12639	4	36	1158.67182137383	
19826	5	23	763.775072155416	
29763	1	41	1303.28477555108	
10480	9	27	899.654545197102	
9553	10	41	1308.48554947809	
8429	1	21	688.968093567047	
20959	7	36	1160.57515474063	
8402	8	41	1311.24709305877	
29092	8	49	1542.30968312468	
25901	5	4	185.777558063053	
19070	8	15	507.388708455203	
29880	5	49	1568.48026069276	
22651	9	23	760.837556180003	
14423	9	29	936.891201276747	
15334	7	21	702.877905994131	
26323	4	38	1223.6693806684	
17753	1	25	823.909927207935	
28967	6	47	1490.96336866308	
24833	5	34	1112.25394785044	
11213	4	7	286.151609814796	
17299	3	48	1515.34426018379	
21278	5	30	985.028603200348	
19295	4	35	1120.01395907254	
28312	7	19	638.344208224837	
23067	5	23	757.478639910686	
27818	9	24	785.060862668353	
19358	2	14	504.893758271306	
27032	3	40	1280.73168184642	
23750	7	36	1166.96711236935	
9129	2	41	1302.91097161496	
25495	1	3	163.861696386645	
15046	8	28	907.443549534047	
23779	10	47	1508.79326935336	
13135	7	41	1310.11997563304	
23971	2	30	986.774510083149	
20941	4	18	598.034180047938	
25143	9	23	771.773742535977	
20046	5	25	816.92717523171	
17024	10	4	198.243349584864	
19118	4	25	833.757951610609	
19735	9	11	388.790264347936	
24620	3	2	126.027252136742	
21424	4	26	866.499085159273	
23910	6	4	176.824861176696	
22016	2	15	508.256839266166	
28576	2	2	115.249881686293	
23947	5	46	1462.60227144817	
27738	7	38	1217.16321867759	
16054	1	39	1235.97558690048	
21209	7	48	1510.57273398646	
17285	7	19	654.625137492374	
9218	7	24	784.863246299728	
23405	8	26	854.846852670818	
11391	5	11	398.844547420202	
19208	9	46	1454.8027087817	
21980	10	6	253.643218173479	
14270	8	39	1243.76111308288	
20214	7	22	744.940567326239	
12396	9	5	222.175905286416	
17154	6	18	603.424686809734	
27739	1	7	264.074335295742	
19812	5	47	1479.84347289421	
25654	8	5	224.279980689418	
24436	3	8	319.398711509723	
19811	2	1	101.915861676408	
23381	1	37	1199.94515892116	
21648	8	2	139.686991339404	
16233	4	32	1050.71758054696	
20589	8	49	1550.1166911936	
9762	9	4	184.843725946193	
12802	6	15	531.895638132419	
27971	9	1	86.9827519762249	
23356	8	43	1372.72001907822	
23050	10	10	358.495996239826	
12999	2	47	1497.36134546686	
25400	8	46	1469.31700804705	
24896	7	4	198.529518041075	
9224	8	32	1023.18909789584	
8473	7	5	210.08736895867	
20845	8	22	722.228758224393	
28296	7	28	922.458591220183	
12516	5	27	887.73053959372	
17677	10	2	124.756094945947	
15377	1	39	1256.3943783829	
8179	10	22	728.285834122582	
21001	2	30	978.998450086917	
9525	5	2	132.596696863229	
11010	2	37	1189.94872193315	
10299	5	46	1455.31726685135	
25237	8	25	813.13129190967	
13351	7	29	954.273066965059	
13669	8	1	106.833175209739	
21928	3	20	674.751269945293	
13958	6	37	1194.81866277513	
23494	1	19	649.683616314867	
26816	9	15	508.946791453728	
24397	6	47	1501.74727144732	
22723	2	18	627.100373649551	
9622	6	3	154.908999500288	
15743	9	28	908.31168034501	
13578	6	50	1575.56289034689	
13920	5	14	491.884690901211	
8051	4	40	1267.04652748399	
17807	3	35	1131.13186095428	
13940	10	33	1058.67709585404	
10155	8	19	647.642385516149	
20413	1	31	1012.14322722151	
11602	10	17	576.350856430992	
13652	8	14	501.483201953342	
17571	3	50	1585.48570073465	
28694	3	2	135.113700132404	
28748	7	8	300.572015187038	
26361	3	18	614.853198367568	
22634	9	34	1099.94714706202	
18799	1	40	1280.96609558955	
12955	1	30	976.343795702022	
17691	3	45	1435.08737794826	
13274	8	17	567.885602306521	
9252	3	37	1191.11287738714	
17393	5	22	722.917411589491	
16354	8	36	1147.34846205793	
18178	3	16	549.738269406249	
13745	5	37	1195.40031369561	
23449	4	25	816.985399283928	
15040	6	25	830.570658981134	
28809	1	14	505.06246292268	
9481	8	31	1012.23148203093	
20415	8	6	257.901356303087	
12644	7	41	1308.81237992496	
15806	5	33	1068.41455401313	
18934	9	49	1567.56973659972	
26029	9	36	1171.42914439152	
16312	9	29	948.280098395553	
29918	3	28	901.77568861366	
20635	2	22	746.665867877503	
28698	8	15	510.573900318972	
13919	4	38	1220.68401210973	
22781	7	17	593.624233991664	
21944	2	7	277.717282528857	
18371	2	3	160.643448606433	
27559	8	49	1566.85522286541	
12704	8	36	1156.24584043224	
11408	6	23	768.465519979813	
26435	8	46	1469.83156611669	
16275	5	23	758.017591777266	
22288	3	22	733.701051778021	
22110	10	34	1091.97997684217	
10209	8	37	1174.80412288327	
19226	10	48	1513.85256718558	
28181	9	40	1273.33982061285	
22513	4	20	673.859413505466	
23756	10	31	1013.8616691408	
24103	7	32	1035.98749626241	
15599	3	32	1031.9915879108	
21579	3	43	1360.96321828708	
28644	7	34	1105.82462094064	
22372	7	27	896.484377205598	
18202	1	15	530.06112820006	
29138	2	10	380.561201973148	
15430	10	19	633.614632931358	
16372	6	39	1235.41090348522	
13138	10	25	834.241870918424	
22630	7	26	867.538476506033	
17477	1	32	1033.06864794021	
15671	10	1	97.9159641349297	
13762	2	16	563.68455574088	
28661	6	29	952.291916791486	
21174	1	41	1313.07750975391	
27582	9	12	433.281279184521	
23469	10	26	850.392195270579	
23062	2	42	1355.65978359229	
11421	1	28	921.463143956597	
18381	9	10	370.168319777664	
27278	6	34	1110.46942878071	
14243	4	23	756.062188724085	
28110	6	50	1591.10262162569	
15750	2	43	1381.27274942644	
8946	2	41	1325.56874757892	
23559	9	2	138.967807506662	
21172	10	4	176.869607203114	
12214	5	31	1013.08248608051	
9424	1	45	1437.42735914766	
9432	3	9	344.048789117508	
26864	3	2	115.472559312113	
25467	5	13	474.555140507666	
19828	3	19	633.708067458918	
14062	8	5	215.441648129114	
16127	7	48	1516.28851048476	
26107	4	35	1140.81247032658	
28852	7	39	1240.84124693686	
14776	10	38	1214.08952311337	
13148	8	23	770.622883909672	
29466	6	8	293.063032018516	
29471	9	39	1244.1026495975	
12752	9	15	525.232545121215	
18304	3	25	812.613351946982	
8630	8	10	368.707363926204	
22409	7	42	1335.3968720396	
24422	2	46	1451.91560198176	
24398	8	7	274.333036036386	
15315	5	43	1381.40913498654	
17130	6	43	1378.90246708826	
12832	8	25	821.522843698749	
11353	7	22	743.460371915	
28565	4	48	1517.68003702056	
26549	8	42	1352.39626954887	
8377	9	22	723.69334936314	
8643	1	48	1525.5180674817	
14539	4	10	355.929399186712	
24426	6	43	1369.86059666139	
21886	3	41	1324.55187151421	
22521	2	36	1170.91562962668	
21347	2	13	471.093320693398	
27117	10	7	283.691594770035	
12069	6	38	1220.53214685085	
22520	2	44	1397.98354433756	
12010	6	17	570.193081800916	
17954	8	25	832.06591719392	
21340	4	19	638.513507432543	
28909	10	33	1064.20789667601	
26069	10	12	428.242907611766	
22666	8	32	1036.00340630673	
19009	7	6	252.265039427329	
24952	6	24	792.440032247659	
28503	1	39	1236.30267215721	
18061	6	20	665.036899682617	
15914	8	21	708.400111938082	
28292	6	22	726.065670180165	
11584	4	20	665.236883659492	
15694	10	49	1543.4488367771	
23543	10	41	1302.39525769949	
12020	3	2	125.875877386833	
17013	7	46	1473.65314559715	
10896	7	46	1464.63477147028	
25208	7	11	395.460472216578	
27845	8	38	1234.18001899225	
18233	9	21	695.904515448913	
28860	4	37	1200.58841720251	
28173	5	4	197.792522291556	
23436	5	22	722.158870958797	
28497	4	48	1510.01471809578	
23903	2	7	289.923580647411	
12843	2	39	1240.35911129804	
8811	8	43	1370.95187366519	
26364	5	48	1516.28937542266	
28322	2	2	123.173893486696	
21097	8	10	379.529563216273	
23800	3	1	89.3714372484812	
27938	6	1	103.57050274665	
12467	7	22	727.24900078366	
28206	7	8	322.420270146066	
28642	8	35	1136.64144673228	
13150	4	23	776.88336460706	
11565	1	13	467.707705305753	
14248	8	45	1446.09012842462	
16626	2	12	425.405728679805	
16291	7	38	1206.63742766093	
28555	8	1	109.08281145109	
20105	7	34	1107.15769975779	
9772	4	29	932.643137337939	
18853	9	22	723.996157610787	
25516	4	50	1597.62767918297	
20707	7	29	940.281183822211	
27056	6	11	412.48056240961	
23239	9	3	147.465338961904	
11694	1	40	1278.67599412737	
22295	3	41	1297.26248402952	
14585	4	18	606.458549223123	
28431	3	47	1488.23112255346	
25316	9	50	1586.3521278586	
23647	9	24	782.079028888642	
25864	8	30	969.604664598407	
15929	8	21	714.273394902364	
9132	1	48	1516.35463647375	
29064	8	36	1154.19317858023	
11721	1	5	218.319326964356	
21158	10	44	1395.64429500869	
12333	1	14	481.313165762142	
16525	7	27	876.150656825002	
20215	4	37	1193.12877867051	
15624	6	10	365.507336466344	
17091	8	21	699.028674689601	
10279	7	21	702.495167433515	
29512	2	48	1537.98788287583	
15826	3	41	1301.02856663104	
23707	9	6	245.753810967204	
29386	10	29	948.992512779772	
11598	3	34	1085.9454402914	
9854	6	1	98.5446430456567	
20415	8	50	1570.05474353677	
28072	8	1	107.542591331314	
11954	10	20	666.821703997823	
29689	2	4	173.430717444714	
15519	5	26	865.149384953617	
20588	7	50	1598.16271334801	
18042	10	48	1512.3870389128	
24929	10	29	949.642396825199	
10581	9	28	907.878548888433	
14738	7	41	1303.48653470328	
27846	4	8	317.613381295285	
25110	7	12	425.911409457173	
23323	1	43	1373.07101399315	
23817	2	4	201.140314695025	
14223	9	2	117.218374888049	
26587	8	49	1545.16997189502	
29725	3	29	952.815605547659	
15946	1	14	502.368051829919	
11440	9	26	860.528728133314	
10339	8	28	913.514526725521	
19415	5	41	1307.77080146026	
16394	2	19	629.761433671118	
28231	10	24	805.324261898792	
18448	4	25	832.932154626088	
29246	5	48	1514.02892108729	
22775	8	19	647.135800871596	
29908	2	1	104.967482921187	
29313	7	30	975.13251174946	
16458	5	31	1002.29330094638	
29562	5	21	711.451995778574	
29605	8	47	1501.7115279947	
16242	6	11	409.6834813476	
29832	8	7	291.317043738122	
13558	6	17	587.913906177466	
23532	9	48	1518.17637901668	
10926	3	49	1558.80953652729	
8032	9	4	195.257324890819	
17112	10	27	876.173947153694	
21132	3	46	1449.12400994875	
26409	3	48	1518.19192312574	
26808	4	39	1241.80613966743	
27738	7	26	868.676930139156	
13382	3	17	567.765746120254	
19990	10	23	777.826631058858	
24490	2	19	638.537275529717	
24527	8	26	847.217369213336	
15630	10	17	592.436322473193	
12094	6	17	577.888359994576	
13060	4	20	665.276792545466	
29250	4	50	1592.81791098081	
17455	8	12	428.212961083377	
15373	4	42	1343.38575913728	
20123	8	3	168.463784646459	
23742	10	6	252.430913565881	
8828	5	11	390.773841585393	
19234	3	31	1020.29330986566	
9466	5	28	902.218329432522	
29763	1	45	1433.88954937174	
27775	2	6	259.401796357428	
22035	2	8	298.013584082021	
23477	6	50	1573.19523042682	
15611	7	18	617.254527163345	
24951	10	49	1547.34909587882	
23318	3	7	276.426553109859	
23173	1	44	1401.77500670858	
9090	4	47	1507.92989994769	
28011	6	5	214.594365719051	
19480	3	26	865.157107815685	
17584	4	7	282.963935678342	
27295	1	3	158.408838360761	
18232	6	45	1429.9126470042	
25541	3	3	156.641658393965	
24952	6	19	653.244041881172	
13531	6	29	942.336805007577	
14176	2	40	1271.70838705809	
13594	8	15	519.093871321107	
25589	5	3	141.995687550863	
20283	6	1	107.497630839933	
23204	4	7	274.394879096372	
15465	9	22	746.81155187395	
9218	7	2	134.699478398403	
25577	2	35	1127.07912292661	
25505	5	11	389.855719203994	
11674	5	31	1009.47538996557	
26917	2	10	363.239034695196	
12481	5	6	238.325768857415	
17879	10	8	321.219696701141	
10672	3	2	118.886130172241	
12640	3	7	277.140064592073	
19067	8	17	577.883069151027	
16360	5	22	736.591207094766	
21137	9	10	361.367775519084	
21600	7	21	696.772150796266	
26819	7	38	1231.11042586673	
29027	3	49	1544.99669269891	
24836	5	21	704.551612504084	
13823	10	28	921.327834260337	
8682	1	10	371.339193010395	
16728	1	30	976.051624350274	
10285	2	22	730.607375582032	
22143	3	21	712.623003494285	
11599	3	42	1327.27921465751	
12471	10	10	374.924424316233	
14956	6	17	586.867954184705	
16888	3	6	242.905263976616	
11045	10	9	351.571302689412	
15517	1	23	770.141717256113	
9560	9	25	826.126979638881	
9069	5	17	580.722526507789	
29034	7	46	1471.67997026429	
24585	10	29	958.297622314793	
8838	3	27	874.720698592589	
27788	2	39	1239.49467027536	
13958	6	34	1112.59024448348	
23510	5	6	243.314105683618	
24897	4	15	526.116107500212	
24321	7	8	307.398807959351	
21143	7	18	617.873705913254	
12097	7	48	1513.18751841466	
12955	1	39	1243.44923785117	
9893	5	40	1266.71020324654	
28994	3	4	175.708235546811	
13433	8	20	668.017043223613	
26015	2	41	1305.08086652732	
25614	1	31	1021.81763126599	
24429	6	36	1148.54487148511	
11340	6	33	1059.8695075977	
12407	5	31	1022.13361601445	
21324	5	31	997.340112308664	
19893	9	19	647.156774554009	
17758	5	37	1197.76603706077	
18096	10	43	1370.65649454047	
9875	5	22	731.44600648966	
11739	4	35	1143.78750351434	
10612	7	2	114.188548379665	
12639	4	11	407.420263740895	
21703	3	25	832.154698610378	
10330	10	44	1402.98776501929	
17730	1	26	846.57012598895	
23216	8	1	91.6677320057842	
29266	3	33	1068.1840516013	
22120	1	34	1095.09271706226	
8693	3	35	1138.16360366445	
21456	5	11	405.460094327787	
11912	2	38	1219.58544683623	
29897	9	46	1461.87050850218	
11185	7	22	721.873105243721	
26823	6	37	1184.18190631279	
13764	10	33	1067.79632018311	
23505	10	34	1098.8805851987	
27569	9	14	477.152804544732	
26177	7	10	383.454128347083	
29278	10	13	458.151674595732	
9113	3	42	1332.6023864991	
14426	8	33	1063.89717233549	
19864	8	18	616.914767947474	
10998	3	22	739.262171433895	
23163	10	20	669.843557788918	
21637	1	36	1165.05032291871	
11016	8	21	694.360392491501	
20936	6	27	891.701795091714	
27280	4	42	1348.00810124167	
12600	7	45	1428.78686733022	
26170	10	48	1533.56575195378	
15833	7	10	353.913933203516	
26974	2	37	1187.64112777432	
17602	3	5	223.274692102929	
25683	9	4	175.707166761024	
22777	7	33	1078.40169610381	
21209	7	45	1435.89384194272	
13278	3	40	1293.96140888983	
8216	2	14	504.411042940063	
26590	2	43	1371.3035799243	
24945	6	47	1501.51978640888	
12645	6	6	255.265186249868	
19900	7	6	251.617486184285	
14108	5	19	637.544631882359	
24572	5	9	342.556948895826	
8440	5	3	165.495419691082	
13682	9	36	1159.94712276382	
17324	10	15	506.671766241394	
20023	6	46	1475.68760128491	
23042	7	49	1554.33729583134	
12407	5	47	1498.45952710996	
27588	4	6	250.003970009277	
28406	3	27	894.311908713687	
27774	1	31	992.504819944736	
21255	3	31	998.843619990555	
20550	7	3	159.890331178853	
14465	2	34	1097.27378043219	
24902	5	40	1268.158092307	
19916	9	6	242.31114082146	
23858	10	8	317.937442100578	
12223	8	6	232.209733497449	
12881	2	24	799.96593691407	
29553	5	41	1320.17595035964	
15465	9	40	1266.30584973204	
29019	7	37	1204.59785171067	
16816	8	2	131.546161124271	
9252	3	2	111.944319061909	
20182	4	41	1318.59581639925	
27331	4	18	626.165938482697	
29423	4	4	185.780210208977	
9401	7	38	1231.90247824038	
10487	4	44	1404.91917630887	
28010	10	50	1572.74176160467	
9770	8	18	612.150548422779	
13288	5	16	556.631888186853	
29812	3	36	1157.33720024924	
28642	8	27	892.279686151203	
10272	1	50	1579.37013606512	
8305	8	14	476.705222538069	
22096	2	17	584.348138097836	
12704	8	1	85.1032001548927	
23197	4	7	267.688626250107	
27747	2	31	1016.0141938068	
27576	4	44	1393.67080541033	
27691	4	48	1530.32734022025	
17206	8	43	1363.5617819445	
26313	1	33	1059.60202448983	
13540	2	7	275.136307829589	
24388	4	25	824.431072112374	
13225	1	1	95.816835582171	
18170	8	50	1581.12791567162	
16367	8	6	247.735749635722	
18442	5	35	1131.65026806837	
23456	6	7	266.473600839485	
13770	10	38	1219.09384642685	
13906	5	24	781.553849494808	
22442	10	15	535.089235890233	
29884	4	17	585.311636452243	
21244	9	32	1032.94678017169	
10444	7	7	291.010787771554	
28369	3	2	133.551100629173	
26606	7	45	1441.35130636457	
24542	1	47	1480.5058277587	
14219	5	43	1369.90739107593	
15515	3	11	402.434817590953	
19534	2	4	173.540350801097	
21420	6	7	277.262208404607	
10097	3	10	362.161360290908	
19237	6	15	515.872931757883	
29862	4	45	1441.50641974132	
18529	2	26	867.61064502765	
26806	8	35	1117.90364436708	
15725	7	27	871.452869768931	
28071	3	39	1257.96300272362	
17028	10	8	312.834241945685	
25243	8	49	1564.52110724734	
26805	6	43	1383.95174310727	
13021	7	48	1526.50514494931	
11746	2	42	1335.97850951179	
27553	4	45	1441.03606976617	
16367	8	20	671.944136634443	
8483	2	45	1436.80801123232	
20781	8	17	574.164744286875	
10015	6	18	610.349102900526	
27738	7	5	204.652294537356	
8641	3	33	1064.16672860466	
25293	3	9	353.268908240492	
26999	7	43	1386.26816076518	
20122	10	31	993.056701995924	
19645	5	43	1375.07803869205	
14381	4	21	702.247964359004	
20209	5	11	386.96804969896	
27523	4	18	626.423355893429	
26462	9	7	265.694434766515	
11745	5	15	530.797037468663	
16152	5	6	243.751893790323	
11035	7	11	387.18279849141	
9637	4	39	1246.10680273087	
13188	10	33	1071.23598781938	
15944	10	45	1436.78698941916	
26893	10	36	1166.2995735399	
24363	6	23	777.44066419892	
12408	4	43	1359.26337607171	
20848	4	30	982.924652371055	
11391	5	25	828.206190554521	
11361	10	16	543.224271304544	
25641	2	30	976.282879866791	
21818	10	46	1473.68726534475	
14807	1	49	1553.6393588938	
25330	6	39	1254.57273917951	
14319	6	31	997.602106387542	
29097	2	18	608.584090940926	
14205	4	26	849.333126940454	
10638	9	37	1191.91071040552	
25506	5	38	1219.06665113711	
8121	2	8	296.743089396853	
14079	8	29	947.186562077695	
26158	3	29	950.156724858171	
23491	10	39	1245.25509653858	
28312	7	29	938.268088986291	
26858	3	45	1420.27144256061	
24663	2	14	490.994047639423	
22068	9	30	969.104658294984	
25876	10	22	740.794893065838	
28673	4	25	819.258455382315	
11813	6	16	560.64259532869	
9269	10	17	571.480288473647	
12861	7	20	685.758435002416	
12574	2	24	807.165965254962	
14110	9	3	149.082348155362	
29332	7	39	1257.33830875593	
8317	5	5	217.844940376396	
16316	9	15	535.269157129931	
24458	7	47	1499.19152009263	
14192	5	10	354.736496226274	
23595	7	47	1494.50347243552	
14925	5	3	157.544635160614	
20641	9	37	1191.24009191582	
18540	10	43	1382.14291234601	
8868	5	39	1261.42802323281	
10753	7	3	167.883848737871	
8261	4	14	479.581642895742	
24384	5	45	1432.62880187138	
14120	10	42	1338.48396281641	
12210	6	13	457.475932304503	
24250	10	4	173.663873418078	
24661	2	35	1137.63492275851	
19746	2	32	1034.51264548791	
10070	1	19	646.627783629404	
18743	2	8	314.05394807181	
12125	7	27	896.565331712628	
14556	2	32	1037.02607363324	
27214	3	1	80.851706192294	
26703	5	5	212.967898833085	
19732	6	1	96.5155468585508	
20727	8	23	755.305525900473	
17014	1	44	1408.33600590394	
21174	1	21	698.468483005869	
28627	2	6	243.66619698874	
25971	3	9	347.563595225831	
21481	4	50	1571.7439828309	
17464	5	10	370.524444864376	
20326	6	22	746.521300089788	
18393	9	47	1484.55701073844	
22636	6	50	1597.23443042358	
21843	2	26	859.757166011146	
20781	8	3	153.314933810995	
29332	7	29	950.141606847822	
20405	7	28	917.174214179243	
24973	10	41	1324.56317870159	
11566	1	5	219.198454236238	
25166	4	42	1355.94647016187	
18038	9	36	1168.01381251217	
16211	8	50	1583.82707330576	
9699	4	26	850.384240248419	
15923	1	31	1020.68979966486	
24902	5	20	658.365245768039	
18137	7	38	1230.62069547857	
9433	3	10	363.318960761334	
17437	9	22	725.594581964237	
26130	1	32	1023.00767257018	
16361	8	35	1136.96764298573	
8547	3	2	119.130651373011	
23455	9	17	573.112017183151	
11597	8	26	852.517016442733	
19473	3	8	300.312235122692	
29867	3	5	216.993234184102	
29087	1	11	402.301258296846	
13434	9	47	1482.67597323408	
19286	4	37	1199.4309703258	
23361	8	3	166.167466531586	
23682	4	33	1059.07615215475	
20034	8	32	1027.57389492708	
17988	9	35	1114.57931712017	
24861	7	40	1289.68404040192	
19546	10	44	1397.3594038735	
23937	2	42	1333.06034280595	
19256	5	49	1548.07179113295	
13584	6	42	1341.24953239283	
12945	9	37	1197.71876629336	
21854	6	1	100.348939607082	
12154	7	7	267.493315910685	
14694	8	4	197.338431308669	
18740	6	28	922.064604927816	
25516	4	4	174.855493835572	
11183	3	35	1140.61886155075	
15040	6	46	1469.01226112107	
19498	2	1	97.0246328865293	
15609	4	30	962.583658584665	
8490	10	20	675.825747193687	
10975	8	4	176.940280132434	
27455	9	6	257.715310425365	
9649	1	12	415.149522244534	
23558	5	35	1118.0716150245	
16165	3	28	924.555922655648	
16095	2	15	514.776339845162	
16306	4	9	331.393793491364	
29703	5	6	253.409282906637	
16378	10	21	712.039994295705	
16284	9	43	1376.92219530089	
8299	10	22	722.763931827044	
21718	1	42	1351.01367551415	
17980	3	33	1067.46563361374	
26236	7	41	1317.74324385344	
23909	7	39	1238.39571217	
15125	2	23	760.122302081493	
25208	7	11	408.372575234795	
10764	5	2	133.434495391992	
27267	5	10	374.14303290385	
27810	8	33	1053.02483637492	
11717	1	40	1287.62945685891	
29022	5	21	710.293454635094	
22251	8	47	1489.37116308574	
11222	6	23	765.600194467977	
22138	5	21	705.245642357155	
28569	2	25	835.514356659499	
28189	5	31	1019.62921167707	
9438	3	24	797.066046445196	
18596	9	14	478.256523347579	
23494	1	41	1311.89815489198	
9634	2	12	431.299974001618	
10374	1	4	199.968601297573	
22051	7	32	1039.71759971218	
19645	5	27	886.850226040394	
13751	8	34	1102.49069019337	
20122	10	47	1508.45215610622	
17903	5	22	723.926629910211	
27927	3	48	1509.50227990258	
16968	1	7	270.023394464526	
9762	9	26	854.907700556753	
8429	1	36	1145.96561038213	
20625	7	36	1159.65105989932	
22634	9	28	916.03179683724	
16913	1	49	1564.32733709194	
21526	3	16	554.954834466313	
29250	4	9	349.335264092933	
14070	6	24	800.027682296945	
24413	9	14	479.595187455227	
21068	6	40	1283.66889275781	
11581	3	31	1014.73319175408	
16945	6	25	812.246286315958	
15253	9	44	1415.57776572908	
26537	4	41	1322.88159998268	
29257	5	48	1509.55882220974	
17247	5	30	988.196290334778	
14039	7	33	1066.64682549734	
19241	9	10	368.344147339624	
20588	7	39	1249.54932777656	
29868	7	14	492.825972667349	
29999	10	3	169.041565996148	
28472	1	34	1095.1471281681	
13390	6	35	1134.32774704617	
16454	4	43	1375.15275955906	
21420	6	31	1000.14183940373	
16692	1	32	1025.62222129927	
14043	10	18	602.795330529472	
20291	9	11	391.296075801969	
12559	5	6	260.615407573346	
15772	3	8	295.252553660075	
17800	5	42	1329.94355606378	
9424	1	2	116.195672171282	
8148	10	14	498.870295332219	
10345	10	46	1463.41110092747	
20056	5	35	1119.2353323471	
29927	4	47	1507.05922599279	
20595	7	5	207.978396959593	
18439	2	44	1394.26165779785	
12881	2	48	1525.0438259938	
27648	7	7	290.645360001663	
16501	3	12	435.910378264222	
13645	4	2	115.486674362555	
10114	3	18	620.034024221838	
27542	5	34	1113.39715368738	
20093	7	33	1063.5233315935	
18439	2	17	579.651868576022	
29351	5	18	615.722208272536	
16875	8	14	477.087001314893	
27019	1	35	1130.15877750244	
13707	9	47	1498.65393570562	
23731	3	2	115.843864696028	
23323	1	38	1220.1080087666	
18337	9	33	1074.37730213365	
15833	7	34	1096.67630723523	
9844	7	4	180.981828468378	
14454	8	43	1359.76057238866	
15746	4	1	91.6378633359624	
29291	2	43	1384.49830034026	
22408	4	48	1515.88995743352	
18956	3	18	618.70511579267	
16431	4	49	1552.15950393684	
12913	5	49	1558.03918829096	
22295	3	18	619.412274723599	
10612	7	7	264.342633795153	
19837	7	49	1553.72533669403	
25889	9	30	978.537519582798	
27917	1	11	393.375990983739	
19782	7	49	1552.16666480162	
29952	1	7	283.646267635583	
27092	8	1	82.4995962169485	
14476	7	26	860.217893375185	
29024	4	40	1272.38516769949	
15624	6	12	443.300321345823	
28721	9	32	1038.90396777489	
27867	5	2	136.915594403127	
12835	7	2	133.554891633594	
22634	9	16	555.113103946258	
16152	5	1	100.930593358786	
20177	5	11	391.629427965558	
20398	7	14	500.489970827703	
12441	9	14	489.900013026735	
24829	2	5	205.708329214579	
20057	7	26	861.137298299529	
14976	5	10	361.96147186773	
19553	5	6	259.408688964047	
17932	5	4	189.835547297185	
22016	2	19	641.818370037628	
28044	8	31	1002.19398809699	
8539	9	43	1362.42927245909	
14133	4	43	1359.47475995844	
20207	9	47	1495.42136265683	
15688	6	12	423.480096619334	
27214	3	46	1478.37170036434	
24278	1	30	986.338710201131	
17921	1	9	338.485856064822	
19371	9	14	477.871189973257	
19422	1	34	1096.07439963896	
20931	9	12	435.691390426686	
28938	2	36	1159.67181699335	
18195	2	3	164.985812010703	
25929	5	7	266.275877592282	
21324	5	20	663.555543470921	
13986	7	7	273.44073367931	
8312	10	35	1127.65918128549	
26343	6	22	718.436042330431	
25479	1	12	443.458696996541	
11939	4	26	856.807687420774	
16386	2	2	115.47333435876	
9296	5	32	1039.7607128321	
22318	5	2	127.426936834784	
21143	7	27	884.647468442399	
20262	7	50	1590.70726997718	
10104	2	33	1072.8688723747	
25996	1	34	1095.39998660581	
23399	4	5	208.805102765935	
26236	7	45	1426.45117472226	
18592	1	23	776.901889991435	
15698	10	9	337.450802855869	
26839	2	1	84.9339448311059	
21198	4	45	1443.88978939685	
14429	4	12	416.71914954517	
25073	5	30	991.182002886749	
25002	1	7	269.737392342527	
23440	2	15	524.171507677143	
26005	7	4	187.078233560118	
14105	9	15	516.737796755851	
25093	8	44	1394.01346733515	
19684	8	33	1056.96161114469	
11397	7	24	780.418111710072	
20522	5	39	1259.04440442987	
23664	3	19	637.480491994638	
14901	4	4	199.421713519572	
28735	3	16	541.258776365434	
8605	9	8	306.643615954855	
15983	3	8	314.214093235421	
15784	7	45	1426.34446955581	
22658	10	48	1532.26759553527	
29001	4	42	1333.47811701404	
17136	5	39	1243.5254295373	
13125	9	44	1415.94999196751	
14696	2	29	933.027859876411	
18364	5	18	606.345035678868	
29177	2	49	1562.43327526489	
27760	8	41	1315.0023356243	
23102	1	16	554.827291516041	
28752	10	47	1504.71409267965	
29605	8	29	950.611224244633	
10722	7	13	462.971713758526	
16801	9	26	857.533607435195	
12544	9	15	512.034681342558	
10291	1	41	1300.96929998182	
11794	8	25	838.623596783086	
27772	5	12	430.75744559558	
18765	3	41	1315.78202759651	
15520	6	42	1348.26666246553	
28719	5	27	875.093874705533	
12025	8	13	473.818151128394	
20850	7	42	1349.26922600217	
21350	4	31	1020.58094772537	
13535	8	7	281.69824557458	
12412	9	19	649.445229661393	
14582	9	44	1399.84607627608	
12390	2	29	935.055222648687	
9980	1	43	1380.71630840223	
26210	7	34	1089.94644484015	
10320	8	23	765.225754922827	
26748	3	35	1129.44849361174	
8909	2	26	846.225256419846	
25316	9	26	861.185893370391	
12555	6	10	382.460633210121	
11651	9	47	1494.18357918699	
29868	7	32	1043.4237729774	
10064	5	21	693.92537331857	
13426	10	7	268.9839528636	
26055	3	17	590.861929520435	
22234	5	44	1410.3741138663	
17876	3	32	1028.74872762186	
13040	2	16	554.735056718222	
10960	8	49	1569.3442161611	
29655	5	7	282.364140880464	
13328	2	36	1166.12657251122	
14827	10	31	1011.04175357662	
22356	10	7	279.428003709497	
11091	3	9	348.383430367514	
24553	8	49	1558.07510444805	
28880	5	44	1398.85689521155	
17921	1	43	1368.66426792399	
11659	1	25	825.476748768928	
27121	9	16	558.376953489323	
12568	5	32	1039.12021852989	
28922	3	32	1032.52631842742	
28728	1	7	262.998369533102	
25555	10	11	392.897169288666	
28019	1	32	1041.82718396272	
18860	9	26	846.504762306113	
9695	3	35	1133.18178360033	
8573	1	40	1271.28981303018	
27214	3	6	261.716966862659	
13681	7	8	305.055890784159	
29084	7	44	1389.60153659321	
21818	10	13	455.265599067912	
16166	8	4	184.385967824788	
25057	4	37	1201.78582038814	
25789	6	16	555.072974225075	
24537	8	18	617.851102155564	
15858	7	9	337.545527004425	
15332	1	5	224.698223464516	
18066	10	6	241.77349273198	
24977	8	24	804.920098076072	
14582	9	48	1537.89254859923	
21820	9	45	1446.34514708367	
25353	8	48	1519.08309441017	
25168	5	43	1379.92500984106	
11215	7	25	818.216806844909	
14954	8	21	715.571673063362	
8234	9	39	1238.40347608477	
21963	6	37	1200.41807256658	
9002	10	20	666.671792281173	
22386	5	45	1422.64120395418	
12468	3	40	1291.08954962859	
23412	2	31	996.561486998834	
22361	7	10	383.971744842814	
28306	10	10	367.848302930523	
21668	9	45	1422.0656748405	
17691	3	29	949.934314782701	
14831	7	41	1311.18520965389	
23785	9	22	730.526603688731	
12585	6	39	1252.09818935585	
28162	1	32	1022.47919055749	
26886	9	33	1057.68014592011	
14713	5	5	219.084300836122	
13308	9	26	847.031760759201	
19103	10	9	329.679165934063	
10708	6	6	259.742679567888	
25868	7	45	1427.09854181255	
12381	9	33	1061.74060468643	
15846	4	44	1409.25593318849	
25181	1	41	1324.35502948442	
24057	3	42	1330.53232821195	
25996	1	41	1300.52957744362	
13682	9	39	1254.15867174704	
16845	4	38	1206.89077519201	
15671	10	1	100.556650692856	
14318	4	18	620.484404890092	
11939	4	37	1192.77507144621	
17656	8	34	1113.44322401725	
8819	2	14	483.073359692038	
12163	10	37	1174.68036244376	
25900	6	11	406.255510899357	
18529	2	38	1208.10128622134	
28329	4	48	1532.76371103374	
29763	1	20	684.618020749007	
8126	1	12	439.075762908475	
18692	3	18	613.966341155565	
23723	6	13	473.04004959438	
9172	6	3	151.293854225098	
23034	3	44	1416.53766489426	
10114	3	43	1379.72014554763	
18444	6	38	1205.13865944237	
24664	4	28	906.665892501672	
15675	2	38	1207.01892331569	
21328	4	17	572.600034108665	
14531	9	25	819.294302174493	
15562	4	42	1347.23995215597	
15743	9	44	1398.80824776311	
13946	4	20	679.313386324473	
26129	9	40	1269.40392847611	
21859	5	37	1200.18233027318	
23832	7	30	991.118265032358	
11670	5	39	1253.83106837693	
14175	3	45	1429.14754289628	
10824	6	46	1476.06304308216	
19580	2	29	936.139464069223	
23543	10	5	202.11162651056	
20982	7	2	116.930877881558	
15600	2	44	1389.67071180682	
14585	4	10	363.415094149958	
25013	9	42	1347.36389804043	
28107	9	8	309.29060339429	
29144	1	45	1436.49109076545	
27475	2	28	908.111849961855	
9160	6	36	1155.84624124497	
14741	2	28	925.842678456494	
14958	3	44	1414.37790433614	
21059	1	35	1124.91643488636	
8530	10	35	1134.46628008711	
15667	5	14	487.955997850725	
24385	8	41	1315.7128247785	
20765	3	43	1386.70262997351	
10561	10	42	1355.80468758745	
28785	7	39	1245.20293979216	
10528	1	1	109.535787640855	
20349	10	4	199.216370042049	
18799	1	14	503.866435710279	
27053	5	4	173.510654127929	
24258	9	23	761.558637638371	
17495	8	13	467.59647301752	
16816	8	9	353.31669853689	
16902	7	25	821.676157126984	
26735	9	17	593.46168512174	
21090	2	45	1444.03929554114	
24135	10	27	882.891029418861	
27580	2	7	263.562097411399	
29249	3	23	752.424442522425	
20517	1	43	1378.95374332506	
15761	3	2	136.700667951582	
24972	2	42	1348.47855667978	
23618	9	8	316.964136397915	
26290	5	17	577.035463274008	
21029	6	20	683.369337787558	
20470	2	44	1387.87876007514	
9534	5	3	149.173766853834	
9857	5	36	1150.42954215334	
11519	3	43	1368.64756867692	
23097	6	50	1598.55404253982	
17537	3	2	131.172682070719	
13138	10	39	1246.75735565217	
13562	9	31	1004.91639783835	
29846	9	8	302.323517269606	
20015	2	9	344.341967675994	
17602	3	7	271.357388473748	
28022	9	49	1553.69110369761	
18664	10	44	1413.47970029967	
13570	6	39	1235.3135774449	
24721	8	1	88.6281285847668	
18248	2	44	1399.61175525543	
29052	1	43	1356.84667304011	
11855	2	15	512.273028358944	
18745	1	1	108.600972382632	
23875	10	29	955.372240243187	
14416	4	31	1002.0742387893	
8157	1	1	90.098395613068	
29027	3	18	605.687740913447	
15694	10	41	1315.82891827255	
10371	7	50	1592.45179522431	
25013	9	1	105.220820542993	
9846	8	30	972.284143833576	
9525	5	6	253.418235934069	
28405	4	2	115.424161011085	
25519	2	33	1068.21576693478	
21552	2	43	1385.98772340733	
20153	3	6	250.99186145281	
13826	5	25	818.67736150449	
8332	5	24	783.33329218595	
25955	5	49	1567.92592751231	
18459	4	37	1176.02917293833	
24285	8	16	559.106245487512	
22533	9	12	430.568801365126	
26112	7	14	505.312393170461	
13898	6	2	122.337972057209	
13016	4	35	1114.8012819862	
25621	2	33	1062.68007517917	
28020	4	2	130.993181267284	
16936	5	16	557.33418945099	
21464	4	11	402.104296647992	
10191	3	47	1490.34819184353	
26374	1	33	1069.41132911919	
24293	3	19	628.248519966495	
20073	10	22	743.796313937659	
23371	4	50	1579.34198806963	
27909	2	10	379.853994911469	
29466	6	28	916.20552832084	
16774	1	7	288.363164015283	
16870	8	38	1221.66322303082	
27449	8	40	1281.29509899826	
14270	8	43	1377.78036446207	
24020	2	35	1143.48602594039	
11473	10	45	1434.60062388079	
21327	2	43	1376.19577345261	
26938	3	50	1573.33322199682	
25834	2	23	758.888538237144	
26972	10	33	1073.3391197181	
27002	2	30	969.492236827264	
15888	6	25	834.107750334827	
8146	4	16	558.354244268664	
29689	2	1	100.365527020938	
28584	1	25	815.01374219312	
14439	4	21	710.146408113719	
17916	1	40	1267.38764993259	
18215	7	15	512.598955646436	
14372	2	28	920.505509767917	
13359	3	31	1006.27787167499	
10771	9	1	86.960635188483	
17079	7	50	1586.26300032542	
29159	10	45	1440.57095825699	
8455	5	49	1539.39416361013	
14175	3	49	1559.10521434578	
22361	7	2	128.353551462457	
28990	10	31	993.724621624558	
25255	10	4	182.10360338078	
28489	7	19	635.809491423801	
8405	4	12	424.035623867081	
20219	8	34	1109.62192199641	
24135	10	2	136.082172941455	
13212	9	23	768.36177202331	
16621	5	16	549.78219508649	
11715	4	49	1562.62869743753	
11311	8	37	1197.01413847367	
29318	10	34	1102.03819318769	
13905	4	7	270.145563050241	
17437	9	2	112.543146997943	
22976	4	22	724.50562160672	
20521	4	19	654.373027912515	
29138	2	15	531.979171173637	
27406	7	30	963.449433820066	
20545	10	2	121.462162268098	
24989	7	4	173.187838351907	
12685	5	27	896.885430932457	
18665	9	50	1598.97994518233	
17888	4	10	381.738769627055	
28972	2	23	755.33444965041	
25730	2	12	439.264921005473	
16822	10	29	960.860870033903	
21065	7	8	311.197358291222	
26783	7	22	738.836478301713	
16894	3	30	973.576123236481	
16287	6	28	909.244893132357	
11225	7	8	302.100163689861	
12753	4	43	1381.09226477383	
27536	1	42	1341.90093538812	
12951	2	45	1418.67515011629	
21547	8	34	1095.13247447793	
10963	4	15	520.876002256235	
26243	2	40	1274.09217007183	
15071	1	31	1017.52373057302	
18345	7	12	414.852914370062	
20757	5	49	1563.71719772169	
9143	6	28	913.410063885809	
19169	1	3	145.745978311517	
14088	6	1	88.5720491821748	
8102	2	2	137.736829583411	
22052	6	38	1217.99960371945	
13540	2	38	1208.10821492603	
22666	8	33	1077.24208688235	
8954	8	14	480.055808648493	
28371	2	7	275.999888161197	
21579	3	12	431.904843762473	
15828	2	36	1154.98146401485	
22878	9	21	702.813566505357	
17200	6	44	1399.10879598889	
16686	3	45	1446.20632525822	
13287	8	22	742.219783413326	
17363	2	2	129.373606280132	
10097	3	21	691.985851997503	
23505	10	32	1026.76915373037	
10200	8	7	276.544570418328	
17509	9	33	1063.17475383318	
13031	7	27	878.424563705188	
13203	9	31	997.245694639741	
29004	10	44	1394.78564878683	
12102	5	39	1240.53730195413	
13540	2	42	1340.52853374767	
28565	4	44	1415.92187369984	
12441	9	43	1360.13725779957	
24119	3	13	451.470412933952	
10280	1	18	617.410672520013	
26185	10	7	283.629619350484	
15990	1	30	980.280857840684	
11292	3	35	1114.45544060061	
15107	5	19	628.596519450003	
28794	5	3	157.744964546405	
29200	1	26	859.777774466098	
19920	5	25	831.13945262094	
28126	8	50	1590.40789600015	
28644	7	9	324.001940043644	
8228	4	35	1137.33484593096	
11365	10	25	831.156706079448	
9196	8	47	1483.61878315155	
8697	10	45	1431.14154964273	
19355	7	16	542.836590140516	
27731	10	18	621.671279474009	
10855	2	42	1354.26342911751	
17135	1	37	1199.2865971845	
15211	5	50	1581.98346878494	
9481	8	47	1495.6946101299	
28035	8	23	756.455366702962	
12580	10	32	1045.7588681978	
25011	2	45	1428.89015025873	
23510	5	9	327.32301634146	
11954	10	25	820.979160154694	
22833	7	29	951.678160536884	
27420	5	23	765.292634016505	
22520	2	48	1516.16436924607	
16602	9	9	350.960329524689	
21806	8	13	448.034747228043	
27475	2	11	397.208295835745	
10885	6	44	1402.07773001961	
20422	2	45	1447.97095712645	
16232	1	21	705.771673948398	
9957	4	46	1462.64513612848	
16206	10	50	1592.37026881071	
8664	5	32	1051.62398592179	
19353	2	2	120.526023414231	
13803	3	3	154.217047055353	
27666	8	41	1321.36383144248	
25725	2	20	666.428550792126	
14274	8	48	1511.08033079239	
11602	10	2	138.965710279981	
23656	1	13	447.983911953859	
20545	10	47	1489.43430779941	
10406	7	32	1045.38786433888	
15945	3	37	1179.55597068162	
12540	3	32	1047.28301406246	
9931	9	15	534.409104499225	
18506	3	26	853.11436931282	
9866	8	47	1486.27387283662	
28396	7	5	221.241936563161	
18357	5	45	1433.93840491489	
23371	4	46	1464.44264766967	
16018	7	40	1295.01504623099	
14717	2	36	1171.65180432221	
19067	8	13	454.739469091752	
26612	6	22	732.957841499223	
8337	4	10	373.47628044592	
29138	2	40	1276.91835891312	
25844	10	31	992.4523305299	
10977	1	29	943.613405220031	
10933	10	16	560.179123096251	
23917	8	38	1222.37314877211	
8346	4	48	1526.7936442079	
23107	9	42	1335.25711591135	
11745	5	30	983.185748952993	
13826	5	26	857.847109203156	
19816	6	49	1568.49641351425	
28199	8	16	550.466321329803	
17698	8	36	1170.04729355222	
25722	4	41	1313.73740570328	
14120	10	35	1125.06955012915	
19437	8	9	340.619637342458	
8641	3	28	909.266059337773	
15946	1	26	845.375035910576	
21027	3	30	986.793157917817	
21178	6	33	1060.90623830487	
10730	3	12	437.888708542049	
11081	1	43	1375.59129581581	
17017	10	43	1372.12218985526	
23961	9	41	1318.00961995405	
10951	1	33	1061.75526474684	
25682	4	34	1097.84596021187	
17995	6	16	561.760874391422	
14480	10	6	255.966359272584	
12184	1	49	1568.13932510472	
22963	10	50	1583.52830945678	
29918	3	31	1010.75662771741	
19022	5	10	370.993331806265	
21093	1	38	1217.63079971896	
14294	8	11	398.666144422566	
25835	3	42	1347.04974296831	
10299	5	14	477.298688142234	
16504	2	11	408.911500912584	
28385	5	41	1322.8151455721	
15743	9	32	1030.90120769613	
14628	1	15	516.592561507873	
22651	9	15	521.19026774596	
18571	1	6	234.177191888065	
25946	9	3	142.202115385887	
25564	3	11	401.708861478469	
26313	1	33	1078.78660054821	
27273	9	50	1583.94278316942	
14064	4	40	1283.0670757606	
8209	7	6	252.53646713334	
22019	5	21	696.172386434009	
25113	9	36	1173.31876757244	
12226	7	19	635.176588331897	
27329	2	15	529.640010320414	
11173	10	7	264.858646404398	
25387	7	31	993.833230786879	
19234	3	10	375.069132957174	
14532	6	18	597.884984630106	
29526	6	47	1504.79616905786	
25330	6	40	1274.44271057585	
12980	7	47	1481.85814047319	
9681	6	33	1062.33316288438	
19403	1	22	740.612274380686	
21210	3	42	1350.82728493532	
24892	4	43	1367.11779080663	
24057	3	31	999.657439496209	
29223	9	45	1447.09048148575	
26276	3	40	1277.50308170798	
14095	6	29	932.835521610843	
14561	8	26	851.381149129654	
22424	10	49	1566.68766273497	
26411	4	22	727.770861986918	
14725	9	48	1531.70813642987	
29392	7	37	1186.45091376568	
25993	3	44	1414.47382821444	
26901	7	16	550.200596409943	
18283	2	18	619.715970558913	
12157	2	7	283.711516653985	
8398	8	41	1313.38918042993	
24136	4	32	1050.41332837679	
9594	10	8	319.223019405838	
25208	7	33	1077.81248157742	
20671	7	44	1414.77888445127	
19439	9	11	389.224407258082	
21320	1	36	1159.79397283857	
10789	9	13	474.820557532283	
8019	6	32	1028.35172112489	
17091	8	16	561.116617396994	
9487	8	4	186.134685401867	
12998	2	8	303.797568932081	
13770	10	1	103.597011465392	
20067	5	25	829.164758338204	
24461	7	17	572.502519084375	
22548	10	22	734.46879033673	
18855	8	45	1440.95700509891	
14784	8	49	1568.56804481175	
23187	2	43	1375.98028712719	
27061	10	23	770.362982810644	
8702	3	13	467.059401081437	
15761	3	22	742.544675889679	
22765	8	16	554.618379992721	
13762	2	44	1401.28351884023	
11395	3	22	731.107261558579	
8978	3	15	511.685926630947	
20120	8	7	285.848804398369	
29815	7	49	1568.40152444709	
9390	4	39	1241.61063114256	
20726	1	32	1048.72567456622	
9340	2	21	715.166182105972	
14561	8	41	1314.65804999445	
8039	8	13	454.117260227966	
23672	1	4	171.35761630319	
22198	9	27	884.49580420018	
21095	7	15	534.382840681068	
23702	8	32	1035.21969117002	
12270	8	14	484.045658895767	
16749	6	39	1247.55427843312	
21596	2	12	431.387867122604	
23607	3	7	271.033312096742	
17555	8	30	972.297233274345	
12481	5	50	1571.30571837132	
19177	1	30	965.973864088754	
26010	5	36	1171.36839630612	
22298	7	21	709.037952678761	
11405	1	25	827.784137664262	
18249	1	25	817.522904396766	
22520	2	6	235.268342902543	
29499	10	27	877.239346093144	
29166	9	42	1345.49390866677	
23268	2	45	1445.90578340269	
9869	9	23	774.220309282756	
12852	6	46	1449.35298774827	
23884	10	44	1416.65211557255	
28666	5	19	650.844504540248	
24285	8	17	575.79494838407	
19629	10	15	517.939500565612	
18425	4	12	426.705220018842	
28839	5	30	983.092957820321	
14485	2	4	183.375602859713	
17916	1	37	1191.39244839148	
28169	8	25	833.209926389721	
16327	5	50	1579.62604655867	
15702	3	45	1445.95043529102	
18114	1	13	471.476635407413	
22221	9	46	1449.68030870412	
21393	6	48	1532.2393951622	
25846	5	49	1544.66895413802	
20298	5	2	118.119678403307	
10345	10	41	1299.24909916671	
13024	9	32	1036.91134620314	
25911	2	11	401.013766378636	
18665	9	32	1024.59242000458	
8219	4	17	579.329670713902	
17203	5	34	1094.76216780709	
16772	8	23	771.238957518357	
29993	5	37	1188.64451590397	
24889	1	8	309.915122534109	
10609	3	1	102.069308879818	
22700	1	40	1283.90178896668	
13944	4	33	1068.3259000016	
11919	2	44	1413.13318154455	
27575	2	12	444.371285049418	
17534	4	41	1303.23176589945	
26748	3	26	869.260398703283	
14689	9	18	620.437740711699	
26564	7	18	604.764272479696	
19699	7	10	354.705500730642	
12555	6	8	313.651299659932	
18800	9	49	1558.587892297	
11215	7	18	597.280190604404	
26588	8	2	137.340438876925	
22295	3	9	344.461320612794	
12296	5	9	328.012264262891	
26808	4	20	679.640863705259	
10985	6	5	219.087306884624	
11417	5	50	1591.67967181265	
8558	10	35	1120.02342879773	
25856	7	24	779.891760898704	
16093	8	26	859.357643974646	
22630	7	27	895.54474250206	
15841	4	27	872.853950258742	
20101	4	4	197.148664499237	
12299	2	37	1177.99024692643	
24551	4	11	388.582562463629	
21278	5	35	1124.89201702405	
13573	10	42	1349.62788927817	
18368	7	29	950.023317034367	
15349	8	11	401.889947765456	
13875	8	47	1479.60554702189	
24524	4	30	987.150432480104	
20398	7	7	288.024378031504	
27110	6	11	404.635911139024	
27295	1	41	1299.19116885364	
8860	2	21	715.04970285811	
25788	10	43	1378.25926684693	
11845	3	13	468.838641340304	
9962	5	10	356.394280659218	
8702	3	19	656.690036587738	
18866	1	46	1451.03889469571	
8406	8	28	924.916036224419	
12305	2	39	1257.53389443156	
16038	2	41	1311.01765447809	
25181	1	3	159.531786106309	
21240	10	24	781.968908562311	
18736	5	30	979.570907326215	
14196	10	2	136.552445765842	
12337	1	23	776.580155741693	
21777	3	47	1499.68880700864	
14390	8	29	955.674860922468	
15163	5	24	779.559285705704	
14384	1	3	148.621087106234	
18304	3	35	1130.02336163541	
22657	6	26	842.711664905172	
24618	4	13	468.357046464624	
17411	2	7	275.471949742861	
13450	2	40	1295.98451704531	
9052	1	26	866.381038122988	
19278	1	31	994.64920343582	
9230	2	42	1344.36838167923	
29914	5	27	870.809851433528	
25597	2	39	1254.74095544533	
12780	8	49	1552.81555296519	
8191	6	12	434.045752638041	
12877	6	19	651.437459816894	
24436	3	11	389.2558125729	
25237	8	42	1332.7045277379	
26031	3	19	645.270151759158	
22577	3	38	1212.96256140478	
23572	10	28	901.381596858325	
18242	3	42	1350.24866554432	
10318	2	41	1315.28539115344	
18861	4	16	543.333392209994	
20242	2	28	928.85286620299	
29324	5	48	1534.44160775023	
12025	8	39	1238.0108480705	
22381	1	36	1161.83629578065	
8709	2	2	117.616878392928	
15332	1	14	476.021338364119	
23020	10	31	1009.01165513741	
28385	5	33	1068.33957125821	
28770	1	19	653.047733536478	
13650	9	32	1050.33451002572	
24089	8	32	1046.21508684299	
28424	3	24	780.046261316187	
29278	10	28	918.52934537387	
28044	8	23	758.001016396098	
10644	6	36	1161.92424623385	
17856	10	28	910.834122389012	
27254	3	15	519.577753115249	
20011	9	3	162.274749801622	
28408	7	37	1202.45760321732	
24825	1	30	961.745077223398	
20442	3	28	912.321654908509	
22707	4	20	660.229043262186	
11986	1	40	1270.17508077909	
8131	2	41	1304.71834146637	
14537	6	29	956.971901840051	
27705	1	34	1108.09432628941	
14960	2	13	472.71309598941	
15133	4	39	1246.86637958831	
10832	10	34	1091.28229400668	
10204	1	36	1163.61759433691	
23899	1	20	678.307210150318	
13085	8	38	1205.42619537815	
18562	3	33	1064.27389455227	
20496	8	38	1205.28769489624	
12685	5	7	281.170495432415	
11340	6	28	908.270057154945	
25520	10	25	830.346198394124	
28040	5	21	713.635653962212	
12905	4	39	1258.36763865238	
12239	8	13	470.359699758868	
15050	6	50	1585.63754829841	
27237	2	10	356.028810421018	
13819	10	8	297.76211789705	
16744	4	7	284.406445419605	
26870	3	17	586.600466122199	
27044	4	39	1253.99949132185	
13713	4	42	1332.90811444302	
17680	2	38	1231.2547961768	
15208	1	6	250.780281504048	
27853	4	42	1334.43602937015	
19754	5	23	773.384808289532	
13603	4	25	819.106847056703	
23871	3	5	227.791062327005	
18861	4	12	433.540313930037	
13122	5	38	1231.01173730149	
19114	9	9	348.623822940804	
27056	6	9	344.266526971136	
19056	10	48	1533.29250660413	
18943	2	7	284.864393940598	
17980	3	18	609.522552103513	
21744	1	1	83.308242374709	
23817	2	43	1362.1452755491	
9535	9	50	1577.05727725153	
26155	2	34	1089.43013919957	
24706	9	13	452.027299875406	
11599	3	45	1440.78889146484	
17024	10	41	1315.77236676392	
17839	9	41	1313.24165047763	
17402	6	16	556.830520963683	
17106	9	9	333.654189078908	
16781	1	3	160.487923994888	
23809	2	44	1405.94209915304	
27323	8	14	503.907111149238	
26783	7	25	812.097903458447	
18524	7	30	976.107528924992	
17339	3	19	636.292844487491	
14721	9	12	442.466925365136	
14471	10	33	1065.76863535948	
21158	10	24	798.117875344175	
10156	2	41	1302.9724105182	
15556	8	43	1375.18621184639	
13430	2	26	841.458299812609	
15851	8	33	1076.08609808427	
28748	7	43	1356.84626463654	
28571	1	13	470.232786047381	
13535	8	46	1459.20036309361	
20658	6	33	1057.63513305114	
20868	10	21	710.733580622232	
10983	7	50	1574.27595759475	
15497	7	48	1532.54667249161	
28481	10	19	644.003530183809	
24302	2	27	897.053691789999	
15516	6	15	508.771260021614	
25678	9	22	728.845086548871	
21237	1	13	467.05145738416	
8067	9	8	303.492272749307	
21826	9	10	378.971533169491	
17602	3	24	808.331978697484	
22308	7	45	1432.3791455442	
27862	5	22	745.81157465736	
11076	5	48	1538.22712455794	
25021	3	1	99.6664639653948	
15633	4	23	754.424275213119	
18692	3	48	1517.12609242514	
14032	6	39	1253.94810537526	
9335	5	30	967.442709136495	
24830	8	11	395.199735907465	
14827	10	31	1015.69315886856	
16267	2	33	1057.43278500504	
23108	10	20	674.718892813995	
15120	8	47	1506.15689757567	
10638	9	27	878.497891611651	
19715	7	25	815.174631259951	
29423	4	17	581.8919834224	
11118	9	25	834.336340257123	
19884	5	26	841.849942562101	
13221	6	10	366.059177464833	
18678	2	8	300.211012614989	
10047	2	21	699.197353152184	
15695	7	17	592.826936781791	
15179	7	13	463.153758413696	
15100	4	20	685.038786141686	
9401	7	42	1338.96569288288	
17604	2	18	624.283848472072	
13220	4	40	1289.6506588951	
26102	2	26	863.434232204889	
11008	9	30	977.170839131424	
21156	1	43	1375.06202460037	
27465	8	12	425.046446074288	
16711	8	23	752.615256175685	
22108	1	9	337.321311318	
29937	3	38	1234.13494666765	
10299	5	38	1233.38948981529	
9641	4	2	132.306300686815	
29195	5	43	1364.74528596026	
18866	1	42	1355.519747881	
29186	4	3	167.03402459949	
19613	2	36	1158.96000565913	
18041	3	4	182.89815926128	
19434	7	34	1102.79007691089	
9194	9	36	1144.00062718615	
22902	8	2	121.941974182586	
19921	9	39	1253.30079561719	
18954	3	30	979.557064780759	
10933	10	1	106.389774915944	
15373	4	43	1365.50563857216	
9584	1	3	161.879060530047	
19955	6	48	1526.87927659921	
29685	10	47	1494.50874629175	
15985	3	38	1225.20151482206	
14622	8	48	1537.43309528447	
28509	6	3	158.760520554502	
11173	10	4	189.1346255453	
14015	9	28	919.552208762407	
16357	6	10	362.657816243664	
