idEmpleado	idDepartamento	ventas	importe	
14219	5	15	522.352650855832	
15784	7	16	554.592533779606	
19326	1	10	370.895603024818	
22131	6	33	1075.38184115448	
18564	2	13	458.694581677529	
23656	1	38	1219.73825559939	
20561	8	10	368.853971608381	
19972	6	29	931.759441891573	
10914	7	10	383.335941165376	
22273	5	24	800.184431411412	
23452	5	3	155.372660008898	
10766	6	6	239.219040907556	
17348	10	10	358.010197709319	
27480	1	49	1540.66462361285	
20086	8	9	330.211144504236	
21218	10	13	462.388146101678	
27499	8	23	750.697760335495	
29093	10	4	185.076474223787	
17091	8	15	509.887652075797	
15977	8	18	604.981128408099	
26218	8	28	923.601899688878	
14456	10	7	262.840622413364	
9675	1	5	226.805618473704	
23071	9	40	1270.90036872351	
13951	2	10	375.807936441064	
16568	9	50	1578.42255341747	
11838	5	7	271.508867978821	
24064	5	12	422.31317435499	
14828	2	31	1011.44708740127	
20431	7	36	1152.47685936861	
29521	10	45	1422.22179330058	
22596	5	49	1544.27206867573	
24008	3	9	341.301635215665	
12674	5	19	655.525659590739	
28366	10	45	1434.76298022771	
13601	10	36	1161.64328439238	
13739	9	32	1031.39834738867	
23064	2	13	455.447338659059	
8331	8	35	1120.74254043435	
9997	8	27	885.145179333699	
29526	6	6	234.577860568919	
27258	2	40	1292.76079510002	
27938	6	45	1443.85261547	
18737	10	8	301.751372880187	
10355	9	15	509.884319729118	
20373	4	24	791.544192988213	
29869	10	42	1333.88609732216	
28963	9	47	1500.67759241009	
18066	10	41	1297.67388374436	
19327	6	22	735.223568983015	
26792	1	10	354.259918981353	
29157	8	45	1447.7206326312	
8758	4	30	990.205450481831	
23742	10	40	1273.05735610102	
15567	7	39	1259.55044264884	
25645	4	9	339.512028442469	
26353	2	11	407.786915305903	
26453	6	21	699.995234301312	
27901	3	24	779.573904713417	
18994	3	14	480.27202826006	
19199	10	32	1028.22938762057	
9487	8	49	1546.54079725339	
20286	9	48	1520.31235449031	
8825	6	25	830.859081796771	
15393	5	30	977.962638110836	
9014	3	5	211.100591333164	
16888	3	47	1497.91740569189	
21690	1	41	1302.48453811858	
13599	10	4	185.901643385134	
26187	9	23	768.567860111859	
8979	1	32	1030.98979871301	
23555	3	10	375.250421676436	
19038	6	20	664.333933789438	
20387	10	38	1224.7424727421	
21394	1	13	450.40326783918	
20832	3	38	1230.84110458886	
19587	8	12	418.988006943366	
29124	2	48	1525.05424559352	
8099	1	26	841.016048994388	
29813	7	37	1184.26374345285	
15667	5	9	324.536456095305	
20023	6	10	370.831275568731	
27560	1	22	724.639290610626	
11100	7	10	356.223518418252	
23376	6	27	878.216940387253	
19542	9	50	1574.50116066937	
14072	6	19	634.066618193903	
27195	6	20	668.244279114643	
21672	6	31	995.975216941897	
11505	6	37	1175.25095178525	
21429	4	25	833.856369086474	
20188	8	11	411.403113087361	
11547	7	40	1275.87343394564	
9113	3	22	720.470512174289	
16354	8	46	1456.91579171313	
12407	5	7	288.037063315528	
16975	6	43	1372.44844060971	
11932	1	21	692.993533673228	
16127	7	28	923.78873476935	
21669	2	10	378.783728395954	
19145	5	27	893.626787296323	
23367	8	2	111.401559203584	
8039	8	44	1394.77594902496	
13919	4	18	609.106023632505	
9349	2	41	1304.23377027001	
8085	5	50	1579.00949730492	
10106	5	26	863.386698841763	
26154	10	43	1365.46297773973	
13237	5	28	902.654088261842	
11392	6	1	108.709338059979	
22540	8	48	1520.5240214991	
16304	9	14	482.732669712386	
29502	6	46	1458.97918530692	
27387	10	37	1195.31016126057	
29083	6	6	235.735572164755	
17200	6	22	737.39811205184	
16936	5	28	901.901506642765	
14567	6	39	1244.08883607205	
25641	2	49	1552.64214140952	
22658	10	31	1003.46147744146	
10416	5	37	1177.03397313926	
10155	8	28	909.673126577247	
18156	1	11	386.509321176684	
21984	9	18	610.650691599888	
11989	8	48	1534.71149102538	
14146	8	21	699.586685625644	
20540	10	21	699.376987730794	
12799	10	49	1543.86342161515	
14508	2	43	1367.82668102897	
22418	5	6	242.366204523652	
29846	9	46	1458.39266397915	
8082	8	41	1325.99447327014	
11517	1	20	681.265510824167	
29082	4	16	542.232320598435	
16431	4	10	370.636956156528	
27704	10	8	293.13489689172	
15944	10	17	576.055326543774	
11105	1	4	195.533266978121	
29685	10	19	651.989748148243	
9024	3	27	899.207443082336	
24929	10	24	791.114461827611	
15759	8	26	868.603640454171	
14430	10	43	1365.5901908528	
8468	4	30	967.265878881917	
17112	10	39	1254.72693028614	
28160	7	12	431.123699374089	
23174	1	16	552.423927780438	
27284	5	3	160.563272685075	
8568	3	16	564.734940009534	
27611	9	24	799.517679661288	
22548	10	30	986.135556672763	
20715	5	5	208.359604537654	
19569	8	22	740.35139226371	
22992	10	48	1520.32725732789	
8729	1	24	801.749755256693	
20969	1	50	1583.95366071908	
21963	6	41	1324.8922380269	
20618	9	26	864.125257425068	
25538	7	20	674.394532607121	
17158	4	20	684.647084644366	
24064	5	29	959.632509574123	
25828	3	28	919.523277226613	
23163	10	50	1597.63629671076	
15184	3	22	740.28788373819	
15605	2	6	250.316674080825	
17637	3	7	274.529548228965	
26332	5	44	1401.46715888822	
25599	6	31	996.746864708488	
12167	3	28	904.673205104039	
18700	1	49	1542.60067527303	
24728	3	6	241.342785508066	
12715	1	24	786.368239664644	
21943	9	20	672.099087923811	
17391	2	22	733.434698327181	
28707	10	7	292.347015613852	
23268	2	11	388.43033268509	
23618	9	36	1144.08293572445	
14966	2	31	1019.24344229477	
27377	3	29	955.923761313746	
21220	6	37	1183.5877916513	
18355	2	5	227.162757845206	
8146	4	18	618.813715045719	
28292	6	33	1059.12848160562	
29213	8	19	648.309001367683	
14392	2	26	856.230647850889	
15707	9	42	1330.0330594415	
26842	1	20	665.643081006428	
27469	2	23	760.938253496279	
26483	3	42	1340.48256534174	
15447	4	11	386.683295437453	
17534	4	17	568.24265886482	
12945	9	41	1311.93006911871	
12485	5	35	1121.138734371	
17208	7	49	1567.34266350388	
18877	8	49	1539.57493350821	
22685	10	46	1471.591184601	
23064	2	27	870.96734374341	
20539	2	21	705.302307114612	
8501	3	24	796.949204801092	
29085	8	33	1060.19738205718	
27408	9	19	629.65654048587	
22985	2	36	1155.67706307195	
24420	9	26	855.890067581036	
8929	4	18	622.134264736499	
22807	7	19	638.174894153222	
28064	5	7	279.767317008119	
24585	10	35	1136.26051661384	
20259	10	1	86.916693936529	
29001	4	41	1307.98024171404	
25103	5	14	493.319422571603	
13225	1	15	519.870724994629	
15871	9	11	385.648795732133	
13391	4	47	1508.20149611132	
8978	3	34	1090.80674095583	
16931	7	16	537.48432679916	
27846	4	12	420.818794528404	
28588	4	46	1460.394795621	
23869	5	32	1029.32729534308	
12272	6	47	1484.0572358873	
12460	5	15	520.283614639325	
11277	7	38	1208.88646722254	
14263	8	22	720.528905391939	
13779	9	39	1256.26429936675	
12667	2	18	597.989909666586	
27308	1	33	1054.35801640822	
23826	6	15	529.41271638936	
20123	8	39	1265.22950529364	
20832	3	21	704.756424419934	
14637	5	24	793.859764818968	
19884	5	12	420.755831012854	
18866	1	35	1117.46298894168	
14741	2	15	518.780628609835	
26664	7	8	302.294237493674	
19507	7	47	1495.72637925657	
19617	4	19	633.931251165425	
28183	1	20	671.485694773256	
20715	5	43	1362.92364746468	
14637	5	15	516.994216869117	
14047	2	1	90.1341072144611	
14998	8	19	656.46333084277	
19987	8	7	273.772542827657	
10776	10	20	658.726387069899	
26961	9	33	1052.95801178224	
24940	4	28	927.163142770139	
26999	7	46	1466.81257044282	
18610	9	7	262.593863132686	
26145	9	44	1403.72857300738	
17539	7	1	110.331993415175	
27651	3	34	1109.85833670472	
8196	7	37	1198.75613897981	
13603	4	1	91.1963889799995	
25389	3	45	1441.64004840033	
9552	3	25	821.245071227311	
24969	3	10	356.665590161768	
21795	10	46	1451.31091483464	
14336	2	48	1509.12763509393	
20856	6	47	1499.4127637052	
19407	7	9	337.90015791445	
19825	8	36	1167.77624832828	
27028	8	4	188.762177763862	
11110	10	18	614.537811714475	
23385	5	15	511.504092193909	
10065	5	27	893.056929117561	
29726	3	30	967.224410701182	
23947	5	30	975.856433629923	
24882	4	1	81.0900963847945	
21443	9	3	163.354558238459	
8986	9	1	92.4751168547548	
10987	10	16	536.8754897904	
15698	10	46	1465.9986320259	
10002	4	20	657.895147063721	
8501	3	32	1023.40057875188	
18121	9	31	1019.19318812862	
27147	1	28	907.59390504453	
29958	8	9	326.511071811668	
11899	2	19	630.160080152638	
25520	10	40	1267.5708936097	
17657	5	11	409.101156596607	
17545	5	22	731.177339223762	
12792	10	27	871.764153275529	
23505	10	22	725.684143381977	
14294	8	38	1234.89751187847	
12136	2	37	1194.89808771522	
24705	4	37	1195.10362583916	
12791	2	11	409.559442032855	
23227	2	40	1275.82294054135	
14430	10	41	1297.53555738252	
26326	9	49	1545.62864733191	
12153	5	2	124.415464421928	
27400	1	22	724.803616071494	
10832	10	23	772.072931068052	
8088	4	34	1105.02348955023	
16626	2	29	949.217968540833	
27371	3	47	1501.3719294506	
14039	7	2	121.925519128295	
27132	4	43	1362.26845063375	
18677	10	43	1365.66945795234	
24547	10	3	165.733601081061	
18195	2	49	1551.30670914022	
21859	5	46	1465.72247405803	
19827	9	4	179.239304894227	
17918	8	44	1391.25345615263	
17549	6	36	1173.45650362477	
17933	1	39	1243.85970467881	
23598	8	18	620.860991916089	
19227	2	20	667.795810228119	
18712	6	14	502.446860271714	
21235	10	48	1513.65116618278	
27167	4	1	110.154518350099	
13445	3	28	901.150834682002	
17098	7	8	321.556741484234	
29464	2	36	1170.3116071086	
8945	3	38	1206.72281869069	
11391	5	10	376.012095052755	
28579	1	33	1063.07803438188	
11010	2	30	979.640299836006	
28607	5	28	916.606004478692	
14893	1	41	1297.9533032784	
13878	8	19	637.664968668327	
26612	6	41	1300.03349308857	
8633	8	10	383.554539002271	
26493	10	5	217.725910906552	
9269	10	49	1568.05965243283	
25726	9	44	1412.07187371891	
10348	10	23	773.925700957852	
12628	1	36	1152.87165751349	
15318	10	3	154.182610211048	
28839	5	35	1117.82125867802	
12069	6	26	865.668385916235	
26812	5	16	564.24262117792	
29680	5	26	864.4906222003	
10012	10	37	1181.83729252864	
16082	7	13	457.794447456391	
23703	8	26	865.454865165732	
27365	9	23	772.524848381302	
19975	10	29	934.43068722935	
24458	7	3	141.441008253694	
28339	5	49	1551.0383830364	
15708	9	19	654.24263392307	
15615	9	42	1341.76363180474	
13364	3	26	853.376080269635	
10350	1	43	1383.88439119974	
29140	2	48	1515.47412898181	
18195	2	25	823.264629739926	
8650	7	14	483.24687458726	
10331	10	37	1201.76132395946	
13480	9	47	1498.30067085954	
17325	10	19	653.205873488079	
18259	2	15	518.293895068715	
16744	4	22	742.285219292289	
18519	7	15	525.662446155056	
29746	3	3	147.716154673936	
18659	1	35	1128.06863241273	
27434	6	9	331.273216051642	
23335	9	36	1162.16793505576	
20745	6	49	1561.51339398768	
19831	2	45	1423.1938037198	
16215	9	43	1361.38462990587	
26025	4	16	549.934003720961	
28735	3	33	1067.9893344026	
16505	4	17	593.613200017071	
25019	3	30	984.625601593696	
21997	2	22	727.982780266545	
19538	3	36	1145.91189717218	
29064	8	2	116.660212481702	
20931	9	22	739.719448955599	
9424	1	24	792.517159652206	
28011	6	12	421.267953524956	
25495	1	37	1203.48724667145	
17933	1	5	208.647347152535	
17067	4	28	918.199291582312	
14894	3	30	965.567621442288	
15549	9	22	723.710669355332	
17806	7	27	895.901336863591	
10742	10	15	526.657412818939	
27119	6	18	599.670147802527	
16373	8	8	302.251781924745	
18592	1	25	824.795022692902	
14310	3	31	1008.82499913165	
16903	8	36	1172.1643769984	
27921	5	39	1254.57098665394	
17263	10	34	1100.97673672297	
17571	3	20	679.527363609302	
11724	10	5	203.383166623946	
27044	4	2	118.580175022865	
29732	9	24	796.774467526364	
25128	9	2	133.768660115902	
28781	7	5	206.521231404748	
26953	1	41	1303.28693010997	
9931	9	25	811.011454393627	
20954	8	34	1111.23688350955	
18880	5	10	380.056378347825	
12653	9	33	1081.10437931544	
25021	3	37	1186.25329952047	
29432	6	25	828.150431787665	
22442	10	46	1468.75047867594	
27111	6	22	735.901610933198	
14694	8	13	449.562231809628	
20120	8	24	786.604417258224	
15061	9	42	1343.52742563166	
28197	1	14	489.24416430725	
16535	5	36	1157.03271733459	
27731	10	32	1049.71862681663	
25937	7	11	389.646547916181	
28844	3	45	1424.08592770998	
25788	10	36	1160.09482471277	
11095	9	32	1024.0054853186	
8643	1	8	312.167295549143	
10288	7	44	1404.6158032327	
20622	1	19	642.497787253232	
25458	3	42	1339.26161206293	
15734	7	20	678.398781026899	
27872	4	12	432.559630774222	
20309	7	30	977.769626722564	
16777	8	44	1413.41834774866	
14484	7	34	1092.6364632941	
24528	7	11	385.098237984394	
11616	5	18	604.599613642599	
16082	7	34	1107.33172214931	
28537	4	28	919.885744955338	
25244	10	20	685.950788839697	
10581	9	20	665.995928247457	
24389	3	21	717.981023414983	
9681	6	13	472.475792277826	
10012	10	21	697.410463642986	
27938	6	18	618.142913234487	
9278	4	47	1484.46324212684	
21174	1	35	1137.45736983486	
27195	6	3	147.750905075926	
22633	7	20	657.906934143001	
21642	6	46	1463.76853686933	
23152	6	46	1452.68955011512	
22424	10	2	118.190605434678	
26374	1	39	1265.29757349999	
28079	5	23	762.920212691147	
9640	4	4	177.538269319357	
13531	6	2	131.258109906343	
25570	8	10	369.880815693122	
14725	9	10	379.297238913969	
24046	5	16	558.485350310097	
16894	3	43	1372.76898220776	
29480	1	45	1421.60136456676	
14916	2	11	401.905428172045	
8848	2	22	740.789142856742	
9769	8	33	1071.7498423307	
28834	6	15	512.83810248265	
12866	1	49	1547.4967475736	
25997	7	4	183.33475259288	
19782	7	43	1372.83495177181	
21121	10	42	1335.51396849356	
28802	5	36	1163.65224069154	
10366	8	5	211.301997290599	
23061	4	29	942.230509660314	
29607	9	46	1466.71867230289	
27013	7	22	737.576636791963	
14349	5	45	1423.24823605979	
8427	9	15	519.051693919605	
13751	8	19	657.2428345388	
26945	1	40	1292.23608427319	
22588	10	27	885.94301447549	
13922	1	40	1275.63158258592	
14150	9	47	1486.54811548374	
11557	4	6	244.416390473217	
27142	10	25	826.708869089703	
29716	7	23	778.729250383903	
16772	8	47	1486.57206194781	
28564	5	19	640.208175592221	
21725	8	23	767.262057274236	
19278	1	8	294.849414031417	
8641	3	41	1315.8800784293	
14282	10	32	1041.37835338776	
16822	10	1	95.217422291272	
18860	9	8	305.30237472863	
21648	8	19	628.846371839217	
15761	3	36	1147.11676274758	
10104	2	26	864.349424272938	
25969	10	9	344.090500075412	
14287	1	50	1577.19188055824	
17951	8	31	1000.72594994713	
17057	10	7	264.572361160336	
17760	2	20	670.646165660883	
8095	8	43	1381.12848953396	
27828	7	43	1364.62241806305	
23452	5	11	412.236936582363	
20314	6	34	1094.25469345146	
25724	9	42	1332.46653957873	
16275	5	17	590.459040454803	
13766	5	6	251.471933131792	
27041	9	18	607.720936708022	
20711	10	29	939.671976631355	
24706	9	39	1258.48657539975	
23149	9	33	1074.01527536754	
8247	6	20	677.644731419927	
29124	2	34	1093.35422443848	
16560	9	27	882.853767724174	
26029	9	47	1486.22086672402	
19734	9	39	1257.18497409354	
19202	2	37	1175.19655908234	
16698	8	49	1562.05989247284	
11740	10	37	1185.17778038288	
16493	4	46	1472.62992689043	
28289	8	26	860.234690299367	
22288	3	47	1488.48533856146	
26838	5	2	136.954873342512	
17729	9	10	374.135615105804	
17052	7	36	1148.43481840027	
26808	4	47	1505.99962256197	
20326	6	11	393.384137821097	
12734	3	11	399.601909555309	
13092	10	46	1473.22721251902	
11264	8	36	1159.15773598438	
20935	6	16	541.859813361363	
19146	9	39	1256.51688459167	
26796	9	34	1107.66372311286	
26900	10	8	295.296848814607	
9534	5	47	1494.50309305196	
18134	10	5	201.925697420689	
12970	10	45	1432.17945389085	
22331	5	42	1332.45417563825	
23064	2	32	1046.26271080517	
9175	9	30	976.113021493011	
21642	6	13	468.73624246043	
27555	2	6	239.541120566214	
29717	9	29	955.177437400062	
19113	5	2	137.393503029548	
12504	4	49	1567.36307802022	
23078	6	31	1017.57269087135	
27692	10	25	811.948150290152	
29366	5	42	1345.99260411504	
20377	2	39	1260.89589602356	
27519	4	38	1207.1644501794	
14287	1	23	768.89394099307	
17437	9	1	95.1319880854022	
12580	10	44	1415.54816956425	
11599	3	11	391.942434269908	
21585	4	44	1410.41147536152	
21786	10	47	1492.6431509725	
20800	6	41	1307.66754472054	
17549	6	2	118.101321476559	
27214	3	49	1545.81987505118	
17135	1	45	1426.46691701676	
11406	8	7	277.074902633706	
22774	9	46	1451.87002357648	
17128	5	22	734.493724188997	
9229	1	43	1380.51424064697	
27588	4	24	796.626762038389	
25620	2	44	1417.49839077587	
8701	1	36	1169.98100830707	
23710	9	27	878.057375623871	
16111	10	30	988.350674672216	
24592	8	43	1364.29516930333	
22963	10	45	1425.00552020269	
25274	2	45	1442.7423834441	
8490	10	17	595.797181667666	
18061	6	7	289.064758889873	
15770	8	34	1083.89368443	
12644	7	21	700.693569733153	
16901	5	18	613.307901161401	
15241	9	50	1599.56137031296	
17584	4	11	406.772537085587	
28732	2	5	210.862127528927	
10539	1	23	774.051472271817	
16658	3	19	647.391533706054	
11552	6	22	738.706013531753	
8084	5	9	346.062762339629	
24511	1	13	470.263794991311	
11406	8	15	526.727825275961	
23651	3	45	1440.96871502743	
29725	3	24	795.721288842951	
18156	1	14	484.885373453091	
9922	10	1	81.8599420794565	
22634	9	14	494.25815270015	
28035	8	44	1394.0781324143	
25749	10	43	1386.63430058706	
20257	7	38	1219.79579378841	
15775	9	23	779.038118859305	
18224	9	18	616.866218883948	
25520	10	34	1105.04739637722	
11107	2	37	1174.66319675309	
28771	5	29	940.76674099116	
28752	10	5	229.864687244345	
14003	8	45	1447.59168256428	
23540	1	48	1533.89077466628	
14634	3	12	437.641929442828	
17831	5	47	1496.60072672023	
28332	4	43	1382.15892997671	
11455	1	28	926.151557548974	
10892	4	34	1099.33480641774	
19720	5	38	1206.48341067437	
20867	6	28	908.04874983991	
15038	4	24	789.717905628364	
13864	2	29	959.335249811101	
25044	5	41	1308.10617440758	
23319	3	41	1311.32878439097	
27531	3	44	1414.95774752226	
16270	1	22	732.415444744944	
20108	1	38	1229.68336892765	
22090	3	24	793.164010044729	
13013	2	13	468.430961849369	
27377	3	30	990.250445655664	
15736	7	9	349.898936762427	
14909	1	50	1576.52967574845	
19208	9	13	454.259719464118	
11514	8	13	473.172002170781	
15946	1	30	986.490732592759	
18803	4	29	950.037016603182	
14870	8	2	110.927387788392	
16852	1	2	136.108082857033	
20762	6	30	976.001387879253	
17622	7	34	1110.02664003057	
11148	3	16	547.027465546051	
18595	3	37	1195.64617335594	
25948	6	32	1038.64470440831	
14969	9	22	738.794629321804	
17001	9	6	256.907849841243	
29000	10	10	363.27044496465	
21174	1	26	840.160697605536	
20085	3	7	289.749604263226	
13329	7	26	842.105286811527	
24023	4	16	563.90383236292	
24250	10	36	1144.11223744234	
14690	7	32	1027.39301885822	
27463	4	8	314.485304353053	
16084	3	47	1487.67253900304	
12178	9	40	1295.16746782473	
23919	5	22	722.524692268355	
28826	1	24	786.151978292573	
12826	7	3	162.749348023324	
15146	1	50	1571.67655306481	
26331	7	17	567.380349043468	
20409	3	36	1149.35474993165	
9002	10	45	1423.70220883922	
15882	5	21	716.616434527848	
13948	2	7	264.412751097424	
23245	7	20	670.867804228732	
26493	10	6	253.335011495899	
23318	3	33	1073.33196310016	
9694	6	35	1140.7187724955	
25575	10	32	1051.15119685007	
19403	1	18	626.563710117044	
17154	6	42	1351.23154218832	
16829	5	26	870.04347469194	
23670	10	5	203.333418538484	
25325	4	4	176.456770643805	
25462	1	12	441.021284293859	
11311	8	37	1194.07173227243	
25360	10	48	1520.69054540279	
23600	3	19	649.311545085773	
14527	5	35	1134.42093454973	
16482	2	35	1131.68730255761	
13745	5	47	1492.25474713941	
26125	5	31	1019.93376466443	
22149	4	49	1551.0587232332	
8707	2	47	1504.52712948645	
16032	2	45	1446.13820821333	
25183	5	28	922.505917904203	
28343	6	42	1342.04437139539	
18848	2	17	566.587180461077	
11663	2	23	778.004534346054	
9217	10	9	343.966040324404	
24615	10	6	243.885038310608	
28755	1	49	1548.17803976507	
8041	6	3	164.431529792227	
17068	9	14	488.621038835785	
28830	8	49	1560.67189009891	
27201	6	22	723.325256706833	
23367	8	16	559.029738828088	
23262	7	26	854.231953310888	
29815	7	3	147.926825093071	
20170	7	1	83.5728383453436	
29341	10	27	889.938481864491	
22628	7	41	1299.44192511004	
15695	7	25	838.598407413158	
13480	9	8	295.541576694484	
16978	5	25	812.672290174604	
24155	10	10	354.068762750397	
24645	9	28	904.059600319741	
25357	7	5	218.028533709249	
16615	4	35	1126.65125470918	
15421	6	4	181.0957355523	
12594	4	24	801.834146865566	
27519	4	5	216.840433206801	
23323	1	19	628.328413473595	
8168	4	15	519.989250507201	
25575	10	20	675.12560190406	
13633	1	5	209.420985267228	
29010	4	46	1472.64348560602	
26824	8	25	812.089305041399	
10689	7	12	418.274542884098	
27875	5	42	1348.36188632453	
28131	4	15	511.290640100506	
15320	8	17	586.744782639083	
26005	7	12	442.714238149447	
26703	5	24	787.185156525665	
28029	5	13	462.678671806435	
12950	6	44	1403.05350242325	
15610	1	24	785.611944899714	
14104	9	41	1314.7123797027	
26782	5	5	215.78488054489	
24903	7	41	1317.69602758703	
14426	8	21	715.041993444339	
23456	6	22	746.458592091901	
12272	6	17	581.384719992701	
24520	1	35	1130.84809620439	
10318	2	8	321.748820693115	
19104	1	7	272.812822029373	
9324	7	6	261.335357251268	
15697	5	42	1335.51714653872	
27634	2	23	771.854839311845	
10106	5	36	1172.06944546293	
26707	3	1	98.4463175844617	
11292	3	37	1204.01583768614	
17312	3	32	1039.93592575189	
10824	6	20	676.908798793754	
12833	3	35	1142.13189345884	
10249	10	1	107.044605103808	
11313	8	31	999.849626291473	
24422	2	39	1244.44227928503	
12848	9	44	1413.49543693173	
29149	7	45	1431.25090483169	
12743	6	26	850.681771100816	
9563	4	42	1346.94043378669	
19983	4	15	515.957410426791	
25256	7	11	399.564938768542	
22378	2	36	1172.28219824484	
14518	10	10	383.193699225408	
24796	10	29	936.727686960589	
29002	8	2	131.413250887493	
29134	3	45	1432.86290488805	
28994	3	31	1009.61878775136	
18127	7	36	1168.45681785068	
26326	9	37	1189.34722061704	
8016	3	1	82.2436531643586	
12917	5	44	1408.95522712216	
12861	7	33	1066.05374210796	
18153	2	2	135.375554773666	
22106	5	39	1235.4557132141	
17440	8	34	1097.48031726921	
16937	10	7	278.240429814086	
27260	8	14	482.312779874687	
15058	2	49	1548.08562801596	
17200	6	5	217.126339067298	
27605	3	2	120.234465729554	
20006	9	26	846.205097421168	
14637	5	42	1329.91556874007	
9846	8	28	907.274802414363	
23201	2	36	1146.80885688719	
13410	7	43	1365.80543935569	
14483	10	39	1245.05326306683	
18423	6	12	435.634066702628	
19623	3	14	483.203876131775	
19554	6	35	1141.16966561469	
25742	3	47	1501.21694277097	
11339	9	11	384.533975713204	
9311	3	16	547.01425648621	
18789	10	30	968.101559657651	
25948	6	8	310.50118166511	
13391	4	6	261.819781224159	
16654	10	49	1558.56589795955	
26554	4	48	1538.55512146771	
12895	3	29	936.085135068784	
9725	5	5	209.922106363774	
21492	3	47	1502.65424165067	
23328	9	43	1362.23605156049	
16801	9	1	83.6126276122465	
12685	5	15	509.099096967419	
20749	5	37	1201.77218452178	
11891	9	38	1230.98069862974	
8937	6	38	1210.85505668579	
16616	2	34	1086.75633868517	
22419	8	13	471.588891889709	
20363	2	47	1502.36930902226	
16106	10	32	1046.20184947094	
26984	9	31	1011.18265705704	
9230	2	47	1483.16527681573	
14040	7	21	713.555432033518	
20405	7	41	1306.70596805713	
13017	5	40	1269.75231300562	
20517	1	20	669.649370028474	
28321	10	9	345.007395830475	
18313	6	25	836.38484233822	
26053	5	36	1170.9222476049	
22005	10	14	486.359987820666	
26147	5	33	1077.22883818542	
20040	8	18	606.414911619581	
22081	10	1	107.287152235996	
8035	5	40	1288.13027784607	
13229	4	41	1297.70967745115	
20223	5	29	941.940970635945	
15751	2	4	177.952182450309	
28173	5	45	1424.87437310856	
15129	8	33	1053.63593198994	
25641	2	35	1138.91441930966	
27535	3	9	339.685308346378	
28235	2	36	1146.2276448059	
9818	4	45	1418.16352165219	
17001	9	8	314.472097416628	
21361	6	10	357.998414169065	
21218	10	26	842.592469808921	
14947	3	28	900.816471772649	
14846	3	41	1305.50261789258	
17881	6	48	1515.82815825745	
13040	2	6	234.950382669899	
22048	3	6	238.296924381655	
10454	10	49	1564.04517481292	
29577	3	17	580.834567109511	
9584	1	4	174.967816143747	
14442	9	17	570.034285713935	
29548	9	14	501.368698897478	
26672	10	45	1433.45882445269	
28020	4	39	1261.39559160052	
18501	6	19	640.748868659487	
12721	2	37	1192.17041119569	
19158	5	40	1293.55850212907	
11340	6	24	782.170279129488	
15073	9	43	1365.16288746389	
10170	10	41	1323.56211854311	
10146	3	14	505.425403465249	
19317	1	25	835.821139940909	
19026	6	50	1576.32547537625	
15745	9	25	820.96881912135	
20468	10	47	1504.06250707063	
20021	6	10	369.039727993794	
13496	3	34	1112.90287423548	
8289	4	39	1261.88196557662	
22650	8	31	1017.95295989977	
8103	1	12	443.454889712601	
17922	7	24	786.516541124562	
26101	9	46	1464.95501225114	
12408	4	3	145.00175516354	
29432	6	14	479.08333461689	
12049	4	32	1028.70755388807	
19825	8	15	507.159843196701	
27094	6	43	1368.83289825583	
15488	2	19	639.504777937897	
21222	1	28	920.556684080771	
14844	5	31	1015.971864935	
18516	6	9	328.063063439011	
18316	2	34	1113.1836633725	
22931	10	1	105.580344510069	
27536	1	48	1532.31933609225	
27274	1	24	798.095992132135	
16555	5	27	876.340978553677	
13534	9	34	1108.48214618325	
23324	5	15	516.556590849793	
14382	10	26	864.125504449068	
24434	1	46	1461.46552079425	
18165	4	45	1445.35591718059	
29000	10	36	1157.51502921689	
13946	4	43	1381.06475734201	
27895	2	4	174.601403109078	
20383	2	44	1409.04669395138	
13703	1	35	1122.17727422816	
15905	1	26	866.26699443267	
17644	2	3	159.847652651299	
29993	5	44	1401.44011082195	
16358	10	38	1226.78843026366	
28520	7	22	722.047508434415	
16894	3	17	576.414958805039	
23923	3	18	626.09221491315	
14055	8	5	217.37967739691	
25387	7	30	988.451275019185	
26129	9	21	705.079273462798	
21335	1	12	436.366943733938	
20370	4	32	1034.3754898358	
25389	3	8	312.688037712447	
26168	3	5	213.589025462786	
24081	6	45	1423.33751293986	
16616	2	22	734.053724191177	
10679	10	46	1461.61359504872	
14912	2	12	429.19102252889	
11483	10	33	1075.4990551041	
12479	5	31	992.241740092748	
14503	9	25	810.240795430839	
13220	4	2	124.006139284003	
23859	3	1	102.872826989215	
23962	1	21	707.721528516953	
8547	3	26	860.55758181054	
23199	5	20	676.346283385691	
11108	7	14	477.756461127548	
25589	5	36	1156.48743910551	
15702	3	18	598.098972532013	
21702	10	38	1229.00151190767	
17022	10	3	163.890254909122	
8325	8	50	1570.40035205446	
9649	1	20	670.036640665511	
17675	1	47	1506.53027965991	
8126	1	39	1240.89284876403	
21219	2	40	1288.98524560453	
28609	6	25	838.064667115949	
18026	2	40	1293.76825381712	
16211	8	10	373.924356500583	
22552	10	42	1351.64810463397	
11465	7	17	567.091448459351	
21870	7	47	1488.20066711316	
28280	7	18	623.868061073063	
11070	7	4	173.016718669337	
27265	7	15	519.97403481974	
24398	8	3	154.106656347451	
8938	2	7	283.868553137345	
15254	4	22	730.536478986282	
9014	3	2	118.128007854395	
25061	8	24	791.302192989412	
29650	2	40	1295.90143416817	
29361	4	32	1031.87373481312	
17114	4	21	699.102348004981	
15280	5	14	496.804953858631	
26040	3	11	391.936478797317	
25513	1	25	822.260855148668	
10456	9	2	136.974825662083	
14853	5	23	773.718582304995	
17987	8	13	446.230848453115	
29619	1	2	125.701225048723	
18195	2	4	178.658497677491	
21603	6	33	1069.60477580764	
25221	9	38	1219.2807048649	
19832	5	43	1359.44976311151	
18526	1	18	621.189018553677	
12480	10	13	465.966591679476	
21499	2	12	444.338849170291	
27611	9	11	406.157758052534	
21685	7	17	572.696176698756	
13024	9	5	214.352267335333	
11597	8	47	1495.98905707523	
9609	8	6	247.845341231602	
26416	10	2	135.266666028307	
16658	3	41	1323.85095047012	
11727	5	14	505.150291633397	
29302	6	28	922.04012831768	
29082	4	34	1100.13807821094	
29615	4	48	1529.85610831988	
21327	2	7	267.747493697213	
8398	8	24	786.450925463089	
11636	5	13	472.477730248346	
19231	7	42	1347.21998214127	
22395	8	35	1118.35943125112	
21524	4	44	1406.7967795426	
15114	4	48	1533.1000777395	
21372	9	22	732.016520095997	
13567	7	29	951.298004049481	
29655	5	6	253.23168680688	
19862	2	37	1194.5938008626	
22064	9	14	498.631993615363	
12104	2	38	1232.01041994244	
20711	10	3	144.346084810955	
14725	9	28	927.537405364	
12380	6	9	328.22313145186	
25726	9	39	1252.98960695648	
25876	10	34	1097.48667265171	
16291	7	9	348.919962248262	
23903	2	26	864.418297961549	
16745	1	36	1151.82770011566	
16252	7	2	134.007443140264	
27628	9	41	1309.76780717716	
25876	10	46	1477.71079508481	
22381	1	6	237.840302287527	
21534	2	47	1503.77574051906	
23455	9	27	895.313135914185	
17269	9	35	1128.05609293657	
25655	3	30	976.607068784818	
18377	7	30	975.251397534856	
20557	9	50	1591.65466222523	
25326	7	33	1069.89635047964	
23447	7	41	1322.12277693773	
25016	5	5	207.118717342205	
18480	9	17	585.971088607782	
13025	6	39	1259.77992299003	
29881	1	39	1253.22349480038	
13364	3	12	431.438515536226	
19691	2	49	1551.24534455652	
25217	8	44	1412.4839253223	
26870	3	45	1426.34968537202	
29395	1	47	1489.17249845768	
27523	4	35	1114.66858762999	
13503	6	7	271.107162363411	
12383	4	25	811.563957189938	
19165	4	3	154.064183083393	
18083	4	17	582.34184739289	
26664	7	45	1431.64297226427	
18475	8	28	920.307935867602	
22586	4	44	1407.04353457645	
11548	9	3	150.861343513644	
8628	9	31	1007.66361898168	
9966	4	19	653.120166069418	
10575	9	8	315.719780249391	
12197	2	13	458.028408204219	
10241	8	5	213.740050556948	
14698	9	33	1076.68311828593	
14476	7	17	594.766935163535	
21499	2	37	1189.37967985374	
18452	2	38	1214.58369073206	
12130	9	17	591.483643628416	
13843	2	14	485.043984802926	
29431	10	42	1355.40945131118	
9445	5	50	1576.04660651462	
22720	8	6	261.577024581645	
20883	5	5	204.69745038296	
21425	3	23	776.509216677635	
20685	8	34	1104.89170260024	
21586	7	36	1158.37499620317	
23532	9	40	1267.75748237397	
21648	8	20	674.999636651482	
10322	7	28	901.551091420255	
26407	1	36	1146.2413280952	
28368	10	16	536.436036925966	
28719	5	32	1038.06861258953	
15960	6	39	1262.65520165798	
26652	2	18	619.33885551027	
14842	6	35	1118.66064481375	
15798	6	22	746.146837894873	
17248	8	3	163.776119204134	
15100	4	31	1001.43389312617	
28010	10	33	1063.67016364991	
13021	7	7	287.74815706897	
16695	10	36	1169.56353420837	
20744	6	28	904.390054021212	
19207	1	20	663.991043243553	
22051	7	14	496.776184410218	
9673	5	34	1086.40299668834	
26209	5	42	1349.09030913799	
19654	3	13	452.231038050834	
27366	8	7	263.096804704097	
13472	5	22	738.456559636843	
13138	10	26	842.058835682487	
17638	5	12	416.661653824459	
10188	1	28	901.00028169388	
17434	6	31	1021.30570056909	
15546	10	5	213.763047146501	
28724	1	35	1138.62198111537	
17907	4	1	89.5301377817663	
16654	10	20	686.866506806978	
21178	6	30	977.554966405758	
25579	9	33	1077.45014479265	
26574	10	9	353.2679760611	
11451	9	39	1252.55045349363	
24920	3	25	812.043897924965	
8281	8	26	849.310252093389	
9136	10	46	1461.42229088648	
21120	9	4	196.684129143452	
28957	7	27	877.651167659858	
9704	1	24	795.373206546238	
24285	8	37	1194.40119504668	
18911	2	49	1558.02247347218	
17916	1	46	1448.62009726866	
15497	7	34	1105.60356064961	
22933	7	8	293.149797605886	
15602	5	35	1127.8134799785	
18327	10	7	277.295827733956	
20276	8	7	265.845917102809	
14858	3	23	751.656552493412	
9295	2	37	1197.58598133809	
17778	1	41	1307.92126597274	
27292	6	40	1290.1062199893	
26185	10	42	1355.80139346225	
22207	1	24	786.143958152339	
28396	7	34	1084.66067766988	
17387	8	48	1536.54307701464	
19782	7	2	139.492255737769	
20757	5	24	809.57967427074	
25011	2	39	1235.43575523209	
8287	1	1	96.7629120204425	
27412	6	35	1128.89215451148	
9413	3	33	1080.7168743949	
17644	2	34	1109.13050703198	
28762	10	2	139.280331087895	
10361	2	24	786.221152798376	
15161	7	48	1523.98374833352	
24064	5	24	790.402187588812	
11845	3	19	635.197703575342	
26317	9	12	437.519636283405	
23520	3	2	135.079801927823	
21385	5	24	802.56875235707	
12429	2	10	380.092055266766	
23848	1	7	288.75182902848	
29820	8	19	633.717102591748	
10135	2	26	857.829843004155	
14294	8	8	305.074331231916	
25902	2	27	889.836462368181	
19436	5	42	1336.45527503288	
18224	9	5	203.511856218573	
28191	5	43	1373.18680171538	
24090	3	25	824.009872835134	
15089	9	49	1547.91713004369	
16061	7	13	466.965428621958	
17818	8	14	491.944156443674	
15311	8	30	978.945240834237	
23393	9	40	1287.44874641646	
15538	8	41	1321.6487513304	
22051	7	36	1167.12401790876	
13501	6	6	247.88977582375	
11833	8	27	875.500820910326	
21255	3	24	789.81799635562	
29322	1	22	731.842616615744	
21574	4	16	561.248373911366	
23392	7	26	860.888255639415	
10092	5	40	1266.48105203476	
16814	3	4	193.684320651779	
29307	4	15	528.891966440199	
19800	8	44	1389.33976618077	
13916	10	11	399.38240785123	
17813	8	10	369.166049272365	
22318	5	12	417.411292389692	
22469	2	39	1242.09812415861	
14085	3	45	1428.3262808194	
20539	2	21	696.576750565589	
11968	6	13	475.017228981022	
25828	3	31	1007.82921070598	
23656	1	33	1081.35439096082	
29893	7	24	802.084290870505	
23809	2	48	1528.31411514818	
24842	3	26	859.586346437962	
21505	6	22	726.706614646458	
13992	6	11	403.036980704887	
29337	9	20	686.067818052167	
12876	7	46	1462.24895351671	
13730	3	27	872.753039185308	
8734	5	37	1180.97502446779	
27149	2	21	693.751445772942	
28369	3	21	697.186350588308	
10274	4	23	760.335090253658	
27672	7	34	1098.77240638191	
25990	3	7	282.334997003123	
29267	2	38	1223.27816968005	
11997	1	13	467.307927751591	
25788	10	36	1162.01881537308	
16952	9	29	945.261805572203	
25733	10	3	150.726135741326	
8749	10	45	1418.8436813554	
11035	7	32	1027.86357338906	
18358	7	30	967.236050556989	
15163	5	22	744.145522352376	
18300	7	43	1376.18236479172	
26986	10	34	1100.49669618741	
24567	4	31	1017.07286718165	
8162	8	45	1434.34580694621	
20275	9	32	1035.77550932568	
21178	6	37	1181.91174867652	
20326	6	4	199.590849224287	
8041	6	43	1370.38867805637	
20101	4	1	96.9269274626518	
12348	1	50	1571.11603012826	
11189	7	7	286.094355455644	
17753	1	18	599.564460459894	
23393	9	39	1238.80990276058	
17186	7	30	988.303429385788	
10835	5	5	228.794206263867	
15143	7	13	466.781015650733	
22707	4	2	125.774798563577	
26658	8	21	698.999420394655	
12480	10	50	1588.13521645411	
26155	2	3	165.50602756697	
12147	5	34	1099.93287487884	
24661	2	45	1431.70561585189	
11581	3	21	709.004675927108	
8299	10	27	900.610001469315	
16032	2	3	166.831052269242	
20595	7	24	794.133122709642	
17364	9	26	854.790196407023	
24420	9	9	346.307465446325	
10213	6	42	1351.31494499339	
21063	10	11	404.291093239696	
18459	4	37	1188.98552935058	
22789	1	2	133.490817571753	
21814	9	45	1434.84824031352	
25166	4	26	864.168592795808	
25855	8	34	1083.40398164625	
23777	2	38	1226.20991845904	
25300	4	30	985.964113523236	
24975	9	26	851.722011105959	
23025	10	15	506.473444191028	
8437	2	40	1290.84129050879	
26782	5	33	1061.3841752435	
18955	1	28	923.362767716573	
21278	5	20	680.259423125656	
15011	2	24	789.219060125397	
18633	7	27	892.678050926271	
24140	10	40	1282.77053654323	
18966	1	50	1584.46826691947	
22251	8	33	1079.0044983658	
27722	10	31	1013.22460910921	
27246	5	16	558.48078992147	
19318	7	1	104.951337177749	
21255	3	24	799.844260960745	
21168	9	32	1039.72835693496	
13390	6	27	881.730022990019	
17904	4	39	1244.21264747354	
11455	1	49	1544.47674893983	
29616	4	13	471.492020260306	
26213	1	4	196.462865712337	
15378	2	42	1347.51475467697	
12753	4	8	321.642386616041	
12579	9	11	407.121552269497	
19320	2	46	1453.28338377796	
15772	3	1	99.0737330629834	
22776	5	40	1292.63583422296	
10216	7	13	462.130500777685	
17653	6	6	232.603537883891	
19125	4	23	764.716220146379	
17315	5	13	454.641309964769	
17993	4	47	1504.89944773954	
14319	6	18	602.584287804823	
11567	3	33	1080.8169021275	
10483	6	27	874.052787457617	
28277	5	7	272.525976203627	
20917	10	10	377.293925945318	
25400	8	21	704.12185232347	
14780	9	6	256.570107162264	
24973	10	25	831.446192726235	
27595	7	48	1519.78561580171	
11486	2	1	87.9319505430441	
23733	9	14	484.060515726013	
27680	8	25	809.664855790168	
12826	7	43	1375.78569804122	
29763	1	29	933.082856337113	
26724	4	27	872.834155071915	
28520	7	10	379.339756061947	
20691	5	13	469.141268389831	
18477	3	21	693.762460636796	
21222	1	19	633.118217323496	
29432	6	38	1219.95594532227	
20732	5	35	1138.92723270642	
20715	5	25	834.717898198738	
28809	1	26	869.501247810899	
15075	1	34	1104.20725642899	
26693	10	7	264.831057574987	
29183	9	30	963.719738239292	
28322	2	38	1208.10079146554	
17137	9	28	904.28903465359	
19572	3	30	987.6235889027	
13040	2	11	407.088559347712	
29266	3	22	740.07451304238	
29107	1	18	598.05431639685	
9911	10	38	1209.8269569547	
29081	8	36	1174.10505062626	
13347	4	14	490.640321304388	
28725	8	33	1077.66388779397	
11286	1	25	830.898549720132	
26926	6	18	607.318284757118	
15798	6	22	742.434430989639	
11183	3	6	257.608170666549	
27666	8	33	1067.64254031127	
22143	3	24	793.030556213591	
27742	2	16	551.706404458595	
25846	5	4	188.530915169293	
11067	6	29	943.454238950952	
14585	4	34	1111.97753082587	
20209	5	19	631.335854228277	
28768	5	18	600.20052744085	
19799	3	25	826.239577991068	
18655	6	31	993.296078161009	
18359	7	50	1592.98923238785	
26819	7	35	1138.84107724709	
29220	8	5	211.598002822882	
9338	8	25	834.6853646425	
18075	5	13	445.972215033123	
11126	4	43	1367.86638960609	
16086	2	7	291.315654316598	
28638	9	43	1369.84553102862	
27869	7	1	87.69491862864	
16420	5	31	1013.57418770603	
27216	4	34	1096.02106085793	
19336	4	29	952.281072508675	
13122	5	45	1443.82260382353	
23969	5	37	1192.697056454	
13225	1	29	947.857437500664	
21688	9	47	1486.00619932916	
16351	5	37	1199.83789883546	
12771	7	7	281.68064741496	
13555	6	15	522.442535032724	
17584	4	44	1395.17026727794	
10371	7	36	1148.44120634181	
25830	6	46	1461.82298363271	
13621	9	49	1551.32802964716	
11261	10	13	455.510046656947	
8337	4	6	232.313405010995	
14156	9	12	425.896676492829	
20168	2	10	363.011493740143	
25920	5	23	760.970332641606	
8451	1	6	240.753017478042	
25458	3	23	752.853526749114	
19147	5	11	412.383884011015	
12580	10	20	687.900264024688	
15727	4	3	158.049456662521	
19834	4	50	1594.32751074169	
8697	10	11	414.099326959857	
13594	8	37	1201.23343579529	
25688	1	13	466.456313573968	
13203	9	13	455.141592312204	
11715	4	24	808.132835593136	
9879	4	22	722.773931698303	
11392	6	26	866.348233477375	
14400	8	33	1061.05301869151	
26480	4	18	599.623366128478	
25177	1	42	1328.86024328361	
16067	5	23	761.587109808618	
19456	10	4	195.3614678026	
17447	2	29	949.207952390056	
13586	2	29	959.009348004595	
14508	2	26	840.673477668629	
24820	10	33	1057.44803962179	
24461	7	48	1512.13963199041	
21519	10	12	429.655206813316	
13125	9	3	157.757992408126	
16951	6	32	1031.06931071313	
24985	9	45	1444.85487181919	
21141	6	5	211.166248755141	
10331	10	37	1187.51304759994	
14458	2	42	1356.08795616594	
18827	2	20	682.371959631505	
21009	5	1	100.075538540294	
10161	7	34	1084.85489586594	
28719	5	35	1130.34532167499	
9754	8	38	1209.09251355058	
25701	2	29	934.841391879526	
23756	10	20	681.190303695011	
17896	5	14	488.120796833244	
21063	10	27	874.231615846153	
21278	5	46	1449.49509308184	
14096	1	26	858.597729494142	
19511	9	42	1346.62400170538	
17951	8	34	1099.5498857552	
13290	8	25	824.69630652326	
10944	3	33	1073.54781182182	
27873	9	44	1399.66860333442	
17182	4	18	608.822033800568	
11457	2	3	167.388187650306	
11100	7	29	942.199617504235	
13302	4	8	302.467786363544	
28366	10	40	1293.92293684833	
12288	5	2	116.951937208395	
13189	6	33	1076.68872410277	
17133	3	31	1004.00214573555	
24303	7	48	1520.29685497298	
19197	8	24	783.304977856253	
10773	2	26	840.713894758706	
10081	10	50	1582.7286771977	
29715	3	18	610.142271616562	
24325	4	22	726.980145949395	
25973	9	5	229.472638922498	
19296	10	7	282.933078204716	
16718	10	1	93.7203881953472	
28897	8	21	710.368357408032	
21012	6	43	1372.7696326807	
14826	6	24	788.057297052842	
17391	2	39	1237.91903583236	
28322	2	42	1336.00291180238	
29423	4	46	1451.96050514093	
11238	2	39	1264.78197424895	
19347	1	22	727.669939588602	
22599	6	9	353.466312975374	
19190	1	28	921.129851956447	
9308	3	34	1099.71285930821	
17710	3	4	180.411618510453	
18919	3	34	1094.04947596325	
26548	7	49	1557.89815386659	
26295	4	23	767.443325467149	
29214	3	29	956.107394991493	
20382	3	10	358.089389073704	
27469	2	14	502.247276912558	
14842	6	43	1357.46668416889	
26646	3	26	868.966631250906	
13674	3	30	965.045261236394	
11068	10	3	142.165019317607	
27404	5	19	645.420022423109	
12541	6	18	623.386814437521	
27168	6	3	160.852750130395	
21385	5	38	1210.04846670201	
13650	9	15	505.787535694329	
14176	2	4	174.12749712082	
22413	10	21	698.461626497312	
15467	4	46	1477.97852521668	
26177	7	5	227.251469896758	
11966	2	41	1300.02245415934	
10189	3	19	655.664651289426	
15557	8	42	1332.90361351003	
28173	5	13	469.181528347163	
11997	1	32	1051.92667384256	
26612	6	10	365.490514768982	
22422	3	6	241.749567502062	
11429	6	27	872.819121998185	
20715	5	8	315.427682509379	
17372	7	40	1277.41764325528	
11457	2	37	1174.79784677494	
20819	6	31	1020.45662387295	
19871	5	24	795.822085251949	
19777	6	50	1576.97586479456	
27111	6	28	903.590527225095	
19779	1	15	506.247379009727	
21130	2	25	825.406823989659	
15053	3	3	153.270569291557	
29889	9	21	706.621282206206	
21210	3	9	332.052882542858	
26769	1	8	304.732869036837	
15100	4	13	472.00595475361	
19191	5	31	1013.96644695381	
26294	5	22	728.675126958953	
25440	5	19	648.203338090425	
28719	5	24	807.349610257591	
16616	2	6	244.670482615321	
23884	10	36	1157.06628570197	
20070	8	5	205.954445100368	
10280	1	32	1026.1729694466	
14296	10	36	1170.65447712813	
10371	7	1	109.208313091289	
22705	7	14	475.487787758693	
19655	5	23	773.878382059689	
22391	2	44	1399.69040514887	
13335	7	35	1124.74696722103	
26860	3	43	1361.14586245322	
22035	2	36	1168.71662551943	
12718	6	41	1315.51665162459	
12267	1	20	670.616880222511	
25969	10	4	196.339821571642	
18643	4	38	1229.42815491437	
12530	9	35	1122.03900165951	
17052	7	37	1191.54898799562	
15841	4	44	1390.24741446145	
29526	6	22	721.708395444652	
11598	3	46	1449.59793717116	
23204	4	19	646.410949642961	
12558	7	26	857.2622229053	
25044	5	24	783.801087692287	
28223	8	40	1280.38071170467	
26026	7	1	100.856927829262	
8962	10	50	1591.84034429111	
28331	7	38	1225.92564267382	
20707	7	48	1522.51860085992	
10708	6	28	908.016499405734	
25765	8	39	1241.69820433562	
18313	6	20	684.228486551078	
14531	9	45	1420.97819025674	
16086	2	9	324.577063584969	
14116	2	4	200.82003215366	
21537	7	20	684.683281800097	
26107	4	22	746.864676897817	
27729	5	27	889.254713062781	
23767	7	4	186.76316612715	
8628	9	36	1145.58953368365	
29322	1	18	624.968836114262	
9337	4	1	101.94370319226	
22765	8	6	257.285459645691	
17152	5	43	1378.84356000407	
26854	1	22	745.101516556508	
15606	1	39	1256.69019847023	
10665	2	12	437.753917666969	
11108	7	2	116.004401983695	
29125	9	5	215.713060971216	
15217	9	20	675.304714122463	
20635	2	29	949.966953094102	
29021	5	45	1422.41745895819	
20417	6	29	938.4277124975	
10708	6	48	1526.49494264577	
13212	9	29	957.751673086431	
13447	7	37	1198.25953297236	
14192	5	10	379.804062796665	
28631	2	31	1022.15335740808	
10811	9	42	1345.79225774193	
23352	1	36	1149.79754929887	
25902	2	2	117.367968800183	
11909	1	26	849.56214508487	
27267	5	26	851.359781199768	
15334	7	17	571.673905743134	
11547	7	47	1483.04876288541	
25378	8	23	756.917375902141	
12465	3	42	1347.73843526269	
27738	7	33	1070.93958803962	
23391	7	16	549.796848068851	
25559	1	34	1111.65653977155	
9129	2	16	562.563478016557	
18256	1	8	312.784288596727	
12258	7	34	1084.78582186847	
11514	8	9	324.6578807778	
27032	3	4	176.739559330391	
8832	5	45	1427.6542339789	
18064	1	13	469.12548999727	
8097	1	33	1078.41866290123	
10387	3	2	118.69957113578	
11622	5	1	103.690513234441	
27863	6	39	1263.10301016229	
26945	1	49	1555.83594230741	
19344	5	34	1090.21258170261	
20287	9	28	927.213886737457	
25769	7	49	1558.04954631163	
29884	4	45	1419.28074537743	
10445	5	42	1345.80077405358	
13077	7	47	1494.48324761097	
13739	9	30	966.825390498538	
29012	5	18	602.560499181301	
29195	5	11	384.879219003431	
10583	2	41	1324.71131948974	
19580	2	35	1143.46245532085	
22533	9	19	636.96561682828	
26493	10	34	1108.22156488347	
26710	3	43	1375.40669102939	
28206	7	26	850.583921992492	
11177	7	40	1285.61155390256	
9991	5	47	1495.79479711866	
26786	5	50	1588.18414065437	
12653	9	48	1508.95176320754	
25289	10	30	966.814329627349	
10353	2	36	1166.20755391484	
11942	5	21	704.05652119967	
16654	10	4	192.741236105906	
17104	7	21	717.182664497375	
28998	10	12	417.631637089714	
12156	5	21	693.769831719701	
22921	10	45	1429.75538331538	
13031	7	35	1130.09743910753	
20963	1	24	809.13404297509	
11057	4	28	901.385399895434	
12460	5	30	983.453786272301	
24920	3	41	1322.10174450749	
21460	2	47	1486.69453913658	
26204	1	3	161.532026492773	
28453	6	43	1359.34956338226	
12018	3	48	1524.14589446231	
26419	3	18	613.624359431502	
20837	7	3	143.768017507982	
25517	3	31	1011.11660184856	
