idEmpleado	idDepartamento	ventas	importe	
29250	4	33	1080.00775342808	
15635	3	32	1047.40535393702	
8760	2	25	839.275802429428	
13722	6	40	1272.16405573867	
9535	9	24	805.556427652741	
22833	7	35	1143.45793527712	
13940	10	3	153.097940568392	
29035	2	42	1348.22633526671	
18484	6	35	1115.91835353333	
19398	7	50	1574.27510893637	
28203	10	11	388.416119249731	
11340	6	18	622.138769916323	
13028	10	39	1264.64911072731	
24389	3	31	996.749552952475	
13433	8	4	190.098795606801	
17331	6	3	148.381672719671	
27022	9	36	1164.7593916416	
20899	2	6	251.412686301122	
29144	1	10	355.202115231753	
25894	3	18	622.553220979196	
28241	6	46	1454.66825623748	
27861	6	13	453.193121502732	
26796	9	6	233.899858963629	
28642	8	11	389.161453651805	
12961	9	36	1153.25669856428	
26465	9	40	1295.35212144971	
19207	1	10	363.232505900428	
15763	1	11	402.941749060034	
20871	4	12	438.169951382172	
26912	2	15	535.913772273769	
9879	4	18	609.3789589635	
21442	7	37	1192.70467668432	
16565	8	17	582.309024344342	
21154	3	4	197.020650858535	
15698	10	1	98.3460173468785	
29250	4	30	965.048273655143	
26435	8	21	698.638384555764	
18311	6	26	848.931974120872	
23201	2	32	1038.06901674628	
24137	9	3	144.1206573621	
11143	5	28	926.097684375056	
11811	8	22	742.496760311768	
10655	4	31	1013.85900283878	
29535	4	29	943.518179945423	
14262	6	43	1362.07718256958	
25113	9	1	92.9406905607044	
22529	4	27	898.411874332657	
17873	4	41	1317.21938805525	
29115	9	14	482.860881538531	
27412	6	25	829.728868431285	
10483	6	48	1530.40547766276	
9713	6	45	1420.58406594237	
9154	6	24	795.157824268172	
18605	2	4	186.014743571177	
24589	2	11	414.053151167023	
15158	9	21	706.814631925344	
22207	1	27	893.505494973392	
15380	9	15	530.114348777623	
11694	1	4	198.907357174394	
22414	10	34	1110.20430620304	
10874	6	26	860.225429376692	
29202	6	42	1350.15619150836	
8547	3	30	990.056383884538	
23380	2	20	660.004581259566	
23555	3	32	1044.89614997287	
11846	7	24	795.711442565411	
10034	8	2	119.829745571981	
9907	5	36	1147.62845986878	
27901	3	30	978.403535605596	
9786	1	25	825.050521951658	
15905	1	32	1049.74328816391	
20405	7	11	395.827417520726	
23969	5	25	813.343669554844	
23053	5	7	291.081457869653	
16316	9	41	1296.45553660414	
14368	5	24	792.171495925715	
22726	2	32	1039.33411866395	
27371	3	27	890.381679018206	
20203	1	18	627.084271082228	
28023	1	35	1140.31600800358	
29195	5	14	476.940247117048	
10893	4	19	646.013117845176	
18911	2	48	1520.0808675215	
21784	7	38	1208.44108295089	
17677	10	18	605.508294611009	
11276	4	24	788.794893021134	
15697	5	14	477.546852416148	
21933	4	14	476.294280773166	
16900	6	43	1382.96749969151	
10892	4	30	991.531385421535	
20663	1	3	151.542778681751	
18840	7	6	248.524035778141	
15286	10	22	730.024616946478	
21632	6	48	1527.86471054324	
12515	5	27	883.895227985408	
18096	10	37	1175.9414928667	
10100	5	42	1352.44037642723	
17128	5	12	433.854421579211	
10805	10	47	1498.62202997255	
13584	6	19	646.365740004166	
14862	2	50	1573.11094498872	
16434	1	42	1350.78341446388	
24431	5	12	418.815852449655	
21696	1	39	1257.81035958687	
13520	6	43	1379.98558026738	
19627	6	38	1214.57806014203	
23569	2	20	687.240396387521	
12520	8	17	584.076366398519	
28781	7	14	489.559206967037	
14905	9	38	1221.88165524131	
25743	6	40	1267.48051326139	
9846	8	1	83.1238159551862	
23718	5	47	1503.03007769539	
22723	2	20	658.591349170819	
24934	8	21	713.264059085988	
17924	9	8	294.212311531516	
19142	5	45	1430.07532398686	
19500	1	43	1381.61530093365	
25749	10	2	134.496286648557	
23017	5	9	336.101256951737	
10773	2	11	398.164590149263	
24324	5	39	1243.53546479882	
14047	2	43	1364.66096017727	
26185	10	50	1586.87215018406	
24720	9	23	753.507743269907	
27345	7	27	881.219252385767	
8712	2	40	1265.80280057425	
8516	5	27	885.478959011603	
27960	1	31	1007.18622988425	
23044	2	4	200.514043737442	
19383	2	32	1039.73111949849	
20363	2	20	685.479697084743	
10575	9	30	991.759649045653	
18813	3	50	1580.71853107806	
15567	7	36	1167.20506301485	
26284	2	22	726.156832653171	
18184	1	8	307.197265395521	
26972	10	9	342.270507934629	
17550	9	45	1428.45550268351	
22220	4	30	990.930234468975	
25883	8	4	181.554496633613	
18862	8	47	1493.47048601763	
11126	4	50	1586.73507380613	
26862	3	6	241.085844450205	
14467	3	41	1324.05087216015	
24155	10	3	148.418962726565	
9238	10	9	345.493958082746	
11859	2	3	151.433267775659	
28832	9	27	894.600651457254	
28673	4	20	669.682916453892	
28181	9	42	1345.86616887984	
23574	4	50	1570.82507549358	
24945	6	10	379.358134930655	
27489	3	39	1242.52077302082	
12214	5	9	328.201149854903	
12020	3	11	409.575480189908	
19283	7	50	1586.12245428661	
15508	1	12	431.943702265594	
20177	5	17	584.302616316966	
25963	4	17	578.766327881611	
16627	9	49	1548.77525956779	
15508	1	44	1401.76143737592	
22008	7	37	1176.89013651427	
22216	3	10	369.045163229595	
10353	2	6	262.150535742822	
19339	10	20	662.000816176646	
18314	4	21	691.364166909533	
15349	8	48	1522.31154661733	
29824	4	34	1091.38628615597	
24444	10	50	1587.10722643282	
15163	5	50	1587.015046136	
10398	1	36	1167.80481605223	
16698	8	49	1553.15979825014	
28312	7	22	743.566052179581	
16732	9	6	234.546760318124	
10034	8	14	504.694104131634	
22921	10	39	1256.80039099269	
21109	7	37	1203.57511572706	
27331	4	9	342.821278023916	
15125	2	20	685.088780543343	
19169	1	18	615.725294303021	
20705	9	37	1194.36953279859	
24496	4	50	1590.87830755435	
24889	1	12	417.503313430354	
28371	2	13	454.647874857601	
16964	3	33	1068.90604400491	
25637	1	11	386.121562154089	
20985	9	42	1349.23887602484	
20908	9	42	1332.51738122316	
27552	7	25	837.629582824944	
8019	6	22	740.034378366561	
8132	4	46	1475.25356312993	
9873	6	43	1357.96789161766	
14470	8	28	929.689174801898	
17362	8	32	1042.15497490119	
11286	1	10	379.793059257694	
21673	2	11	396.580349503355	
17159	8	41	1297.68991057653	
14663	3	50	1578.93530870738	
18743	2	22	742.0500559835	
8570	6	33	1057.05479581703	
17536	6	12	423.182411465413	
27990	8	20	660.046981619693	
15609	4	28	907.493425024437	
16103	9	20	682.667870317897	
28207	10	6	258.061352827615	
25008	5	1	97.665277243436	
16801	9	39	1235.79208275107	
29479	8	34	1087.97401270269	
11391	5	45	1423.50704572327	
29169	1	23	752.775089197222	
18684	5	13	462.547338559547	
16970	7	3	169.122424241678	
8339	9	47	1499.21383577362	
8984	1	49	1563.04103357859	
11533	3	12	434.405726769197	
22048	3	44	1410.88312982157	
24434	1	25	839.38682308392	
20356	5	48	1514.39728837199	
13863	1	24	793.244491737916	
9476	7	10	355.879254022557	
16801	9	29	942.125290884695	
16255	2	7	269.794165394173	
29007	3	9	333.756703331022	
9479	1	28	927.072848066256	
27584	2	4	191.761483006068	
9462	5	44	1409.83692443456	
14804	8	21	703.470623448245	
29509	8	41	1301.41107727839	
11701	2	46	1454.75370106043	
15830	7	4	188.113754628279	
28848	1	49	1559.11048041615	
13940	10	38	1224.63980701968	
11786	2	37	1200.77122204042	
16937	10	38	1228.03398472631	
23237	2	7	272.542882837608	
15334	7	18	614.322551178896	
12219	10	23	763.384882529911	
24402	4	42	1334.83544311246	
11864	9	7	276.586522029986	
23855	8	32	1051.24076676147	
27215	10	23	750.329479403016	
14126	3	9	341.264863322147	
12518	8	48	1509.01033549989	
19182	6	3	164.854493627723	
20306	4	10	357.487039807014	
20942	2	43	1386.13113888825	
23922	2	46	1458.75405584404	
21886	3	30	966.648141223308	
26574	10	20	687.749248131993	
27398	6	17	568.909929436124	
27005	2	36	1157.19352641944	
29840	5	43	1383.29262220454	
13354	4	26	865.690816969467	
18880	5	13	466.170801960943	
17956	5	4	194.929504932337	
13225	1	6	233.38824607124	
18130	2	11	406.290278288671	
15725	7	50	1580.42057695818	
27728	4	17	570.906387311829	
21218	10	13	448.224428393051	
27121	9	31	994.194653795191	
25300	4	48	1534.38100547268	
25330	6	38	1233.22031164226	
22252	10	41	1315.39329109499	
8545	5	24	793.66460878107	
24969	3	25	837.907531539866	
20941	4	17	568.351202201262	
23424	5	9	351.179851047313	
18038	9	43	1370.49815074098	
8041	6	45	1420.0831755903	
25779	1	22	727.498247291659	
11920	7	34	1104.55137997146	
24496	4	41	1317.81076634201	
14807	1	42	1342.00372497644	
12961	9	38	1205.54977461954	
17602	3	20	680.860427562548	
9766	5	10	360.783829894282	
16895	8	6	248.902209703299	
27189	8	19	649.585808259242	
10837	7	11	405.63034411782	
26163	7	49	1551.08286859052	
26603	1	42	1336.82248222494	
8490	10	21	693.661829146399	
14998	8	30	965.843771624306	
21820	9	19	630.920228208844	
10335	8	6	255.817858211611	
27062	3	12	438.948990050214	
18082	4	25	814.600420079474	
17419	9	34	1113.10447979397	
12868	3	2	119.154636766368	
21393	6	7	288.032272890225	
16454	4	24	782.964305571729	
22804	4	26	843.929055800628	
15008	6	45	1428.36209363693	
17085	2	2	137.04611296628	
26870	3	25	815.948473930335	
20755	10	21	708.044551679885	
9487	8	7	273.617044404902	
13095	7	30	971.189884846653	
18249	1	35	1119.57950826715	
23227	2	27	897.779936686987	
15960	6	37	1187.57420479673	
14472	10	37	1196.14999048233	
23528	4	26	867.666072541692	
15770	8	45	1441.41168214446	
11273	1	2	132.642146447972	
21245	9	3	145.481855862533	
27092	8	35	1123.68709199302	
10331	10	26	860.621027341402	
18003	4	35	1114.06907736979	
26513	9	46	1472.60441617696	
11451	9	6	237.388068585372	
29443	1	31	1010.83476869894	
12076	8	6	245.276043194009	
22933	7	14	497.141559802527	
20517	1	39	1257.37217157025	
8094	8	28	920.719176326282	
16816	8	9	347.376540017955	
13028	10	23	764.473062886145	
18001	6	18	617.846750569458	
10017	5	14	478.958541489653	
11674	5	42	1353.75078212179	
10512	10	25	838.075371253339	
29871	9	42	1331.34351397461	
14392	2	38	1212.05090270008	
18737	10	49	1544.53394171993	
22066	2	9	340.622324170835	
26620	3	47	1489.44867270507	
21635	5	40	1284.95761201016	
22642	8	13	469.601300689206	
29754	10	50	1572.81587588266	
20524	8	3	167.16678548938	
14468	2	27	877.712324856647	
23555	3	35	1130.00629999209	
23528	4	34	1107.85040743083	
20935	6	12	443.508663793797	
28520	7	5	220.672491742611	
11488	4	45	1425.99575660471	
23906	9	35	1124.43208947984	
28602	4	17	578.278081760871	
21642	6	4	190.336002349079	
19782	7	28	915.261898057192	
15137	1	49	1553.97939273807	
29039	2	50	1599.03540242418	
25593	9	6	246.55022058941	
22140	10	2	130.644204304854	
24591	7	43	1372.12953687279	
29807	1	20	678.653012606619	
24576	2	31	1011.22053383441	
18491	9	14	479.673941396025	
17845	1	47	1495.22929760405	
8057	10	12	440.66801166193	
8566	4	34	1109.14398151876	
23727	7	12	433.343134277194	
21984	9	22	720.620966777495	
22906	7	36	1144.0291545652	
17201	3	12	429.498833543388	
20987	10	46	1464.80647650771	
21700	7	39	1255.61516984162	
24280	1	47	1496.87774042453	
12312	5	44	1392.01982227714	
11462	6	6	256.033183157459	
14072	6	45	1438.72947998286	
29392	7	13	471.019726652196	
29083	6	35	1141.25320148713	
16492	6	43	1385.43763068758	
17244	9	29	959.675743728725	
18425	4	47	1480.82846870684	
8207	8	22	737.425635763177	
26907	9	2	133.63289600873	
26323	4	35	1116.69967982764	
14531	9	34	1094.72341972158	
21874	3	25	822.944450538114	
20023	6	7	266.194981125274	
19234	3	15	507.51074822038	
27206	5	36	1163.69664343246	
8990	3	44	1399.77138938372	
10133	9	25	839.039968829155	
22643	2	36	1164.7932933852	
17916	1	36	1161.40669839522	
14971	3	6	252.40440484714	
24020	2	39	1261.96931156422	
25381	4	16	558.228138870666	
12980	7	27	885.28367061414	
13620	2	17	574.372003085153	
10351	8	38	1212.14786422073	
24936	4	20	658.022803970623	
9757	9	15	524.369190579452	
16676	9	14	489.3853332146	
11340	6	49	1563.82125286563	
12429	2	1	94.0098302504094	
19916	9	10	355.8660152349	
14223	9	6	250.38058676309	
22897	4	38	1227.55434905531	
13667	8	24	786.258259483733	
16504	2	48	1534.30281919162	
11579	10	33	1076.53241807433	
20242	2	36	1162.95966608588	
13474	1	16	537.782200937058	
14869	2	13	461.112589901831	
18917	4	23	770.968460576128	
14807	1	47	1491.30106816595	
21490	6	49	1541.22737684344	
15675	2	29	957.587637825677	
19113	5	30	962.974261568382	
14043	10	14	480.505877882478	
27091	7	38	1217.72356112382	
12970	10	28	922.949000393482	
25532	1	48	1525.83238605681	
20590	7	36	1156.92432334503	
17550	9	42	1344.25776518148	
18812	7	37	1190.45886471423	
19935	2	10	380.013183122507	
17888	4	4	174.208471446395	
19629	10	41	1324.4733355774	
21142	10	5	210.050510712923	
16621	5	41	1297.80504428679	
18743	2	19	633.445809368717	
17791	6	47	1496.64772356704	
18604	10	48	1529.10533726639	
19438	10	24	807.414826716955	
14482	3	15	515.306553149273	
24698	10	33	1071.44313549224	
15775	9	23	773.604382897543	
12184	1	2	119.623065758321	
8959	7	26	840.833664592744	
17308	6	28	924.342832958485	
20484	10	37	1195.39010148281	
22339	7	33	1079.93672164154	
9199	5	17	573.207929028761	
26823	6	3	167.164225358127	
27293	10	8	316.81172329784	
18840	7	10	381.257767892097	
28643	9	24	783.680703483373	
27406	7	13	470.438237819093	
22635	6	10	361.103336681194	
23702	8	41	1320.74193472077	
10348	10	37	1200.64050104499	
23572	10	48	1522.30940904576	
15821	5	4	173.866125202675	
10569	10	50	1594.42430309692	
12833	3	42	1335.07380357714	
12721	2	18	598.536804522638	
8209	7	29	932.461009869567	
18853	9	8	299.563487684151	
29611	2	14	503.550965536177	
12467	7	50	1575.85283211239	
17324	10	3	156.172115316695	
24590	3	47	1503.08101347791	
26533	6	19	656.207748770811	
25464	2	8	316.497774904826	
21028	4	15	523.086608705617	
8970	3	40	1266.31194251883	
26717	4	18	608.676863670664	
19605	10	39	1253.69776318488	
28481	10	9	335.661907426855	
25917	2	14	499.857932673701	
17301	8	26	847.6229939459	
27800	6	28	917.964572067356	
13564	1	5	202.140596975638	
23047	3	36	1156.16304492399	
18996	7	1	102.333459641008	
18295	10	45	1443.01227875194	
9822	5	32	1032.62445702805	
9882	2	33	1069.76009798691	
10097	3	34	1107.44604188364	
15244	4	27	889.201096822136	
11743	5	37	1196.33247963913	
26177	7	41	1303.7702336273	
21053	4	32	1043.3699988962	
13019	6	14	489.308575992151	
27156	4	4	177.164543241805	
27878	9	21	711.136400322959	
22061	4	44	1402.78159836437	
10164	1	48	1534.68103416948	
24537	8	33	1072.34102313981	
20203	1	48	1516.76974862664	
17013	7	5	218.982125622678	
11235	3	16	554.040895213392	
21516	4	38	1216.07210022214	
29083	6	26	864.980832480351	
18188	3	26	848.170717641791	
22914	7	40	1292.3090880049	
27775	2	14	503.72897287073	
12645	6	9	336.710154123935	
10064	5	39	1244.07761665251	
21997	2	19	650.499780779006	
27208	4	43	1372.58090422143	
8868	5	35	1129.9829402985	
9622	6	5	214.776330392238	
28188	7	46	1461.24540400749	
17125	10	16	553.118940774873	
19572	3	10	362.675928977633	
16763	1	44	1400.16881207012	
13137	8	18	617.703080278683	
17672	7	50	1572.09084345591	
9772	4	47	1492.0615248252	
26515	9	36	1165.91234749458	
12261	3	46	1462.70091188266	
29082	4	24	792.117445800508	
14231	4	38	1214.34986871404	
11470	3	13	459.520352473259	
26505	2	13	452.401881689393	
14544	3	16	539.71101458171	
18694	7	6	246.89917277866	
15923	1	5	219.333231663021	
24060	7	44	1411.95020838266	
22984	10	46	1463.53034415447	
29526	6	20	673.995829501187	
28020	4	6	261.356740045062	
23141	5	12	418.89215880022	
20665	2	10	360.875807051023	
16032	2	10	373.582098732508	
20466	6	41	1301.89247184521	
8404	5	29	937.159764495287	
9564	6	11	387.992327282202	
8467	3	11	410.024371636111	
24884	7	31	1019.28330588121	
27867	5	23	775.914302904119	
9878	8	45	1425.6824813344	
15241	9	16	536.946261104637	
16876	10	35	1116.6201926007	
25362	10	3	146.349539340636	
16425	6	36	1168.99390323506	
10730	3	37	1182.12459488871	
16458	5	48	1536.18963521728	
12163	10	44	1414.48861426417	
11479	10	28	910.967588252839	
9014	3	26	865.078518085684	
13501	6	49	1562.59019071357	
8230	3	37	1180.27949831462	
23950	1	12	430.857401132052	
26958	6	10	356.281213740018	
8281	8	43	1361.92344941288	
20182	4	1	81.7222315081033	
27846	4	14	485.460480007092	
24020	2	14	475.768835952398	
28642	8	25	832.598073423187	
17455	8	9	336.82980009207	
11932	1	4	197.376922460914	
14349	5	45	1432.12740826985	
19993	5	24	786.969436624539	
24077	9	23	778.585074720245	
9530	1	29	948.626200253435	
21551	4	44	1395.88417159202	
21237	1	37	1180.36959695647	
27584	2	6	259.536842042365	
18530	1	20	660.783457132421	
27634	2	16	543.009047574834	
13221	6	8	309.710752996481	
17729	9	39	1242.0664718198	
24325	4	16	552.778218943988	
20082	10	13	469.998044590465	
28862	2	2	117.018430548263	
12136	2	9	335.171184695871	
18737	10	4	177.729676113338	
24110	9	11	393.170813132623	
28572	8	27	883.407978454329	
10657	6	29	957.586419693002	
21956	6	8	310.709537561382	
19617	4	11	404.844617398849	
26805	6	17	580.982620129819	
19186	3	20	678.451826068783	
12961	9	21	711.405638787619	
17542	1	20	681.077241730447	
8970	3	50	1588.03475766817	
19323	5	1	84.5945933110056	
21489	1	18	611.658649319624	
9809	6	41	1300.17024033711	
12805	5	15	531.699284488195	
13320	7	48	1512.2234913298	
9754	8	37	1177.42629821292	
13928	5	23	762.453505789141	
24141	3	20	658.537380443205	
21372	9	50	1593.55507306454	
28199	8	42	1349.9768244801	
11486	2	12	418.035117880458	
20941	4	24	797.723339087201	
27909	2	43	1373.10973164305	
29575	6	1	81.754997932238	
21787	9	42	1356.65279317491	
12541	6	25	833.705157131751	
13971	8	13	447.958540678005	
14621	3	19	635.367765089203	
8427	9	11	400.523718893772	
11111	6	21	707.501279370627	
26692	6	49	1560.85935654159	
23360	10	8	319.262783191755	
10733	4	34	1106.75226471701	
16902	7	47	1503.99255539477	
28215	7	4	172.289666874469	
19293	9	37	1192.36085749807	
16407	3	46	1475.01165373019	
16263	2	1	106.120262530688	
11884	6	44	1392.53230506207	
16754	8	28	931.144788140033	
18736	5	4	188.517610555756	
17581	10	3	147.179435932627	
23574	4	9	347.548958522989	
16616	2	44	1407.84941392385	
17558	4	37	1175.77500364546	
18283	2	39	1247.87819272274	
16772	8	29	960.613216795313	
21673	2	1	91.3097630866383	
9082	6	11	397.487261666678	
9662	5	3	144.640173606873	
16018	7	44	1390.32471315485	
23821	6	44	1411.46066414726	
13895	4	2	123.463357483718	
16357	6	17	585.194360215773	
19627	6	43	1359.69455823288	
24429	6	37	1195.44747404542	
27472	7	34	1110.29824681128	
19499	1	29	955.831421760764	
11184	4	16	554.056744386468	
13301	8	36	1171.1394602671	
26906	4	5	213.024079451814	
24661	2	2	123.084060979581	
9042	2	11	390.881919893847	
21464	4	50	1573.57596235982	
19532	7	1	107.175401126582	
21598	2	43	1365.33181011925	
10902	2	34	1104.90638460261	
12589	7	44	1396.17768494234	
29400	5	12	439.409617613726	
25466	5	11	399.862633831735	
9259	6	41	1302.41464448274	
13940	10	22	736.333243258453	
27959	3	26	866.00507538114	
17924	9	22	742.410284924512	
14128	10	39	1241.45921392434	
26984	9	9	350.855681947831	
18954	3	15	530.174380564212	
22581	9	49	1565.2603177192	
12568	5	15	505.979994286774	
13365	2	4	188.774600452173	
23972	5	46	1473.09194033644	
14713	5	12	436.648777591367	
28992	3	8	317.880503422525	
14792	8	9	335.883545286899	
15944	10	28	917.17656621578	
24490	2	5	229.398692394327	
29171	2	7	275.799425708037	
28289	8	18	601.55790450124	
19800	8	5	224.297997161885	
25478	5	17	576.842192829047	
29128	5	3	162.062610686786	
19804	2	18	599.180231969422	
23341	6	36	1152.06351814422	
29694	2	8	301.392844794967	
19743	2	24	798.120708688219	
20850	7	3	145.433549576175	
8597	7	42	1356.29751603878	
25936	8	10	373.972996163169	
16621	5	43	1380.67401279727	
15658	1	44	1410.44319352621	
11677	4	5	222.97180812013	
11756	5	36	1164.43553185297	
16238	9	39	1251.90014547291	
15945	3	50	1597.62462783494	
8729	1	12	442.225529124134	
28162	1	22	733.991469896395	
11621	9	18	625.45558876612	
12010	6	30	981.053072559206	
13669	8	29	943.735146291431	
8718	1	34	1088.83887628505	
23649	8	22	745.27309348121	
14537	6	36	1145.03792909209	
29118	3	15	529.85142747399	
25365	9	13	445.282143934296	
21551	4	41	1298.04751993066	
25024	6	43	1376.37530186045	
22554	7	44	1405.20355755706	
29061	9	2	134.998374606948	
17447	2	22	736.39939614404	
28738	8	46	1477.77670873226	
12128	4	36	1169.53238441121	
21317	1	17	583.348480101371	
25389	3	39	1251.87968778046	
21304	6	46	1462.56742478468	
26824	8	8	317.800023144949	
13129	6	24	783.234412513317	
24458	7	37	1184.26972511423	
16069	9	19	644.612230586173	
23652	6	49	1544.28957623629	
10457	5	37	1176.02566434817	
23290	10	17	594.558165909051	
28707	10	6	236.201384401043	
18389	1	7	264.58630492193	
19407	7	21	695.53680076056	
10960	8	49	1565.80279233204	
13688	5	11	388.656408483468	
19784	4	24	784.748632118455	
28245	4	8	320.255875587583	
24896	7	47	1493.65801616277	
29454	10	7	263.185096319385	
15554	7	37	1203.94310362821	
14792	8	27	894.74635314883	
18966	1	39	1257.82275820981	
14195	9	22	735.459120876835	
15695	7	45	1431.56909934784	
28781	7	18	617.0246815947	
16072	1	3	149.328804495432	
8918	2	24	786.781374209924	
14390	8	18	603.345324864306	
17437	9	31	1021.74540682777	
22099	10	9	340.22999201912	
29585	1	41	1301.29914143183	
20405	7	39	1237.57360001913	
9538	4	47	1502.89730406501	
15521	4	8	320.910809114999	
12125	7	39	1239.62332801876	
14072	6	48	1512.55584407251	
9601	1	44	1389.33272068823	
20736	5	43	1359.82460468999	
12646	9	39	1258.99111661082	
11756	5	36	1149.72174478216	
23962	1	50	1580.84335817995	
26372	4	32	1036.76349632291	
9809	6	43	1367.70948194326	
22568	9	17	574.280710375999	
27475	2	17	589.071709080167	
19393	8	29	960.451624170156	
12558	7	45	1434.31462671343	
20750	9	14	479.479351602252	
18364	5	30	989.391111447192	
17932	5	20	671.626669741993	
27490	2	36	1164.94768196947	
13955	10	6	241.340358444182	
15496	9	16	553.214299824654	
27026	10	10	353.833605104049	
13584	6	10	354.786031262384	
29893	7	28	925.525721891562	
26756	10	17	596.420566903623	
26515	9	2	110.998325436841	
25450	4	41	1300.77534155025	
14533	1	21	713.905608017885	
13934	2	14	477.488350904308	
24985	9	2	121.266905721867	
19038	6	18	602.544169408523	
24681	5	28	915.795672329048	
14349	5	27	893.259024477219	
27794	5	18	598.627784381913	
9127	2	10	361.689000856918	
18077	1	13	454.625991645561	
27599	7	11	406.179464313285	
14288	9	14	476.100564410957	
25821	6	31	995.415911430221	
23108	10	16	560.431270897589	
12226	7	8	314.666899551948	
27149	2	21	713.463351537224	
20382	3	38	1223.09974544826	
26158	3	46	1457.98285682592	
24896	7	47	1490.11327626655	
14391	2	6	241.178410500837	
19645	5	28	922.497390267671	
21889	9	39	1256.57305742454	
18537	7	8	315.014177782002	
12069	6	11	387.302022607672	
20994	7	38	1213.95421341711	
27246	5	12	430.118737085778	
11614	3	23	775.282310049647	
23677	7	35	1139.95878298765	
23848	1	23	764.359300194476	
24907	1	38	1229.06369896096	
14471	10	49	1566.12477785262	
25815	6	11	394.097606127196	
11177	7	31	996.135277168888	
25157	2	43	1358.33439525139	
16360	5	2	139.049263139744	
16565	8	18	625.085508592932	
17437	9	23	752.233393877853	
14780	9	49	1539.57645245808	
8761	2	15	514.21932691439	
26407	1	15	531.913809614216	
26069	10	40	1281.02168589878	
16845	4	50	1590.44392469825	
25320	4	20	678.762623313238	
21416	10	33	1059.68863506787	
14070	6	3	153.299887288967	
20129	2	17	593.290547036235	
9700	10	40	1276.21075831177	
9441	7	20	684.516411071884	
12546	6	48	1526.67345889223	
18444	6	45	1439.75094828743	
26081	2	22	730.733859655789	
9357	3	14	496.803174436466	
10097	3	32	1035.41244562502	
27810	8	12	435.242156402786	
26672	10	24	788.50093516917	
26783	7	2	124.202284125705	
22639	3	14	478.891430235883	
24957	10	3	170.186328296636	
12973	6	15	507.312692304753	
10108	9	6	252.425432322745	
14105	9	5	220.513362279401	
12630	7	42	1353.30024148957	
29024	4	45	1434.26848418744	
24208	5	22	732.625301895954	
20847	7	14	488.501213792945	
25132	4	1	92.0818581860894	
16233	4	33	1079.96528724207	
19436	5	39	1237.08151617883	
15658	1	14	501.382007757845	
9988	7	40	1289.58139095902	
15609	4	49	1561.22995765937	
25555	10	40	1283.52329299018	
23969	5	32	1023.76352991153	
16435	2	32	1038.19946665233	
29932	10	16	560.156724602057	
19760	3	29	932.053465569417	
28526	5	20	657.810434111306	
27587	4	26	855.325542714133	
14757	10	8	314.002135318705	
25911	2	21	700.663666380878	
12037	10	23	753.907978774006	
19447	5	3	170.765898977763	
27044	4	38	1213.28532409542	
24811	9	28	924.608351907045	
16910	6	17	578.329839305174	
20958	6	36	1149.32160341615	
18319	2	29	958.685160502179	
10824	6	19	640.893120766102	
10435	1	19	649.833460082222	
9390	4	1	94.8469790140386	
8299	10	5	226.194078357049	
17427	2	20	662.047065581217	
12043	1	34	1112.26376015333	
12045	10	9	341.793894591645	
24528	7	11	391.400447334815	
25026	10	48	1527.72144440921	
12805	5	6	236.175440510817	
29267	2	49	1546.13732141728	
10657	6	19	651.187421274924	
21335	1	3	141.218029102878	
22606	2	34	1113.32525979417	
15675	2	2	119.129242132944	
15693	8	7	263.134403314038	
14030	5	8	317.092067933219	
23269	8	47	1478.52099062806	
23142	9	32	1047.21056666561	
16713	1	33	1073.03964452494	
29527	6	50	1597.21297897269	
24250	10	46	1475.08543180073	
16677	5	46	1456.44746959975	
24256	9	33	1066.3918500144	
15524	1	38	1223.56588752175	
20246	4	46	1456.18419297793	
28793	10	44	1406.64902592387	
20583	5	34	1098.51745354874	
20071	7	2	129.747463301638	
26412	9	5	220.014917394153	
17448	10	17	589.660132280393	
18526	1	6	234.29546259078	
27901	3	29	939.179610376795	
13238	5	22	733.39669768391	
28058	3	15	519.072166475967	
20331	3	20	667.248056096606	
11798	4	14	486.535028743807	
26779	10	35	1143.38731260197	
14503	9	30	979.182892078153	
9479	1	6	251.259532836852	
13414	5	23	761.969635319882	
23372	7	22	726.799019317515	
28830	8	19	632.435280192846	
17289	6	23	775.8780250586	
27147	1	21	711.673112694022	
29916	8	7	284.138121439208	
24674	3	6	252.784106215827	
10832	10	37	1187.33840658671	
25327	5	21	714.778736641062	
25462	1	47	1507.63149566372	
21817	10	30	976.193256162197	
27788	2	32	1046.08736127898	
21140	8	35	1131.11927263957	
19694	5	3	156.28195889121	
8761	2	29	961.472181529492	
13154	9	23	765.807688965373	
27831	8	24	793.385990482469	
20340	6	19	628.455128999639	
10416	5	18	602.628190835299	
26126	10	24	805.862872603286	
14880	2	41	1305.61473422945	
26163	7	26	843.276441042906	
8993	8	9	341.652984033177	
8512	8	44	1387.70652701506	
15599	3	39	1246.51530823042	
17633	6	44	1391.8418588265	
21120	9	41	1312.00781089813	
13173	4	31	1007.82133141897	
28842	8	20	674.2530933182	
9430	6	32	1051.88118603634	
26972	10	43	1376.59937457023	
18081	8	23	773.704755331252	
16735	4	17	579.338098549907	
9681	6	27	875.951033828757	
27417	4	11	391.070009205057	
27142	10	29	950.413959655172	
17727	6	28	922.650151607883	
9441	7	23	760.569444541153	
18138	6	12	434.718737320378	
14597	3	31	1019.42776608254	
11739	4	40	1283.4000867621	
23412	2	8	299.310619337163	
26673	9	13	463.738716907678	
13779	9	5	222.115967637913	
8545	5	26	843.821661231956	
20179	1	35	1143.57277100141	
17523	8	21	703.176189951215	
24199	7	26	862.897651485585	
27159	9	43	1371.92451615442	
20756	1	42	1353.26447751059	
26147	5	46	1473.86206561414	
22060	1	46	1458.07989974417	
23848	1	18	620.759121766667	
26537	4	6	253.320019474868	
17881	6	16	545.6447986074	
28973	1	48	1518.69319427698	
21678	7	13	465.146035284338	
24060	7	26	844.728753177789	
13442	9	35	1129.36271682818	
19500	1	28	919.831253867518	
15161	7	17	572.13031054108	
26025	4	26	844.96277479686	
15708	9	17	593.085313268511	
24370	7	39	1262.89755060472	
9641	4	5	211.032121093493	
23933	8	7	282.488500830945	
21859	5	16	546.749262729077	
26740	10	9	335.168238810808	
23973	3	43	1365.21194968615	
18632	7	1	91.0582218743201	
15041	6	45	1443.15753735749	
23611	1	2	112.816545941316	
11353	7	7	273.736391679261	
14750	10	37	1183.20042475276	
15421	6	35	1122.46278584118	
27867	5	34	1086.30411489229	
23187	2	13	459.537724135228	
18316	2	4	199.537016395264	
24977	8	18	623.884865783101	
29147	7	4	182.942537229016	
12878	10	23	768.665668875289	
13426	10	15	529.110159412543	
28716	3	39	1235.89681526455	
8462	4	28	920.988615807606	
21046	2	37	1178.0191204222	
9364	6	48	1518.51947482606	
15161	7	6	232.945633564585	
19534	2	11	406.018079075039	
9594	10	11	410.306235221357	
12058	4	13	472.376814928081	
26313	1	16	565.267924370835	
11695	6	3	157.921398430095	
14128	10	38	1231.20672771298	
8490	10	35	1114.88748345286	
27869	7	15	527.297455541462	
10795	8	15	518.437311965244	
21477	6	41	1306.22530606865	
16952	9	24	800.841166302953	
16205	9	1	91.0838465444203	
12516	5	19	641.333160401011	
27022	9	20	676.823508272331	
21889	9	13	448.007951140407	
20119	5	34	1097.68570179943	
28169	8	43	1360.8662942801	
13462	3	48	1510.1069401531	
18835	8	45	1441.04551967282	
28098	9	39	1264.34350806491	
15011	2	32	1037.55869701391	
24177	7	22	730.857233633687	
11033	7	33	1059.34068371511	
25172	8	35	1139.15547014175	
14015	9	9	345.609018889074	
20813	4	8	300.843887394687	
26688	4	32	1026.42017959916	
20950	8	5	231.165584992229	
20438	3	2	123.020151128536	
21978	8	38	1209.06595953231	
12781	2	40	1272.09669746091	
14792	8	3	164.878430182523	
8501	3	7	292.512646267429	
21978	8	2	129.54286726636	
22882	4	5	220.731183654038	
14768	1	48	1524.86200358945	
23324	5	30	972.835134758072	
28023	1	35	1125.79029750349	
10669	10	43	1365.23613892739	
15675	2	14	481.609818228339	
24592	8	23	758.848908226401	
24385	8	22	735.902969211295	
10665	2	20	684.025473875937	
21670	7	43	1380.07880882364	
29149	7	39	1258.69655783227	
22016	2	4	188.453169850844	
29134	3	50	1582.55170538209	
29861	4	34	1106.11902895668	
26240	6	11	400.657717734882	
27880	6	32	1031.42445761311	
9757	9	46	1475.03052098445	
23246	3	31	1010.8816756545	
20545	10	42	1336.97360074938	
11519	3	9	334.175966761157	
15293	6	24	795.386936550674	
23276	1	40	1275.16084544135	
11971	6	29	950.965551506246	
19177	1	29	933.221344786334	
28250	6	8	299.658905481761	
14638	7	46	1457.07751103541	
28635	4	7	284.786548113817	
22302	4	30	963.721898460631	
15476	1	14	484.277304412926	
14393	2	28	909.371352432934	
10928	6	2	114.128608607747	
27181	1	21	715.96273612043	
9203	9	44	1398.57120027699	
26554	4	17	591.790293134651	
8358	2	16	536.092324618293	
17918	8	15	523.145947550957	
16711	8	5	204.850567041361	
16239	1	8	315.075996776613	
23494	1	5	224.87080122571	
28274	2	32	1039.43570144448	
9224	8	17	585.494599838506	
28991	6	10	381.655727802616	
19100	5	2	126.83175975775	
20415	8	40	1279.26187489147	
14262	6	47	1480.45891230947	
20856	6	6	237.15584903823	
9771	8	8	318.292182012597	
23672	1	48	1520.30115064248	
24920	3	45	1430.50786725735	
28228	1	21	691.595693515425	
29081	8	42	1334.03543854786	
14598	7	9	341.215021806404	
15973	4	12	427.904829433144	
11001	4	49	1558.33667950627	
21682	2	29	934.155930715686	
24544	3	16	545.570338212685	
9195	8	19	653.896452083204	
14383	3	2	119.613789971738	
10906	7	28	906.131392021725	
8404	5	47	1508.15862789199	
28337	2	7	276.823270114522	
19445	4	44	1395.12700976577	
17159	8	9	331.625664798369	
18604	10	43	1374.654121443	
29871	9	42	1345.95020021589	
21372	9	18	622.733821711845	
28461	5	11	389.881969573853	
26919	7	33	1070.76141224744	
29542	8	19	650.026704338392	
20663	1	46	1477.51177018392	
16373	8	28	906.57389057175	
27331	4	39	1239.95452420784	
8491	9	26	866.010874428791	
12104	2	10	377.537899304898	
27121	9	42	1348.68136692265	
29291	2	14	493.731208748059	
26400	1	38	1228.3290856836	
13749	7	40	1271.70367661477	
20985	9	32	1052.76243247686	
15291	2	3	142.503056443531	
19231	7	38	1218.78532902281	
9694	6	10	364.485397471341	
25946	9	35	1133.21403120328	
20805	5	44	1392.6816108975	
10665	2	37	1175.33591388508	
12829	7	43	1372.91358680134	
29401	5	10	368.057906687287	
15229	3	45	1440.23452077072	
21093	1	39	1257.63436241897	
20384	6	50	1590.52198640561	
29613	9	46	1469.24949546775	
10299	5	3	165.236777069623	
17506	7	31	1008.94460475489	
11984	7	8	316.712173333723	
24977	8	26	842.61243132996	
25701	2	24	790.367590072736	
17963	7	2	130.030063004247	
14705	1	9	352.177638314747	
13774	4	48	1533.31167467558	
29548	9	29	937.725090597628	
29193	4	45	1447.27387946438	
21372	9	26	847.530769765158	
24045	8	29	950.274446304084	
29202	6	49	1552.99609707342	
18829	4	43	1385.02180294368	
19887	5	4	174.08091434002	
26931	1	33	1075.20414737761	
22424	10	2	130.366930128246	
28160	7	7	289.655312583621	
15313	3	15	520.424721967627	
9865	3	28	917.241252529082	
19282	5	30	982.192775468432	
13659	1	20	666.851357494877	
23040	8	26	843.628335578194	
14426	8	10	369.373298869176	
11431	10	48	1512.33787264318	
21696	1	9	341.912978562486	
13365	2	16	538.944053900868	
8674	6	7	279.318207557927	
9822	5	50	1573.03661341455	
23701	5	9	334.675915024558	
11937	1	16	549.647448803134	
9024	3	44	1413.12704982847	
20223	5	20	659.504717932783	
24720	9	1	88.2622747161716	
22650	8	25	821.337113502127	
22914	7	8	311.009919452951	
18774	10	19	629.298701095068	
23427	10	35	1134.92546797494	
12288	5	19	638.313776849915	
28710	3	12	443.701145743812	
11227	3	29	956.151447368856	
23246	3	42	1338.39200193919	
11876	8	4	195.037341879232	
18475	8	8	295.229176979153	
29239	3	13	451.254559257652	
11866	1	31	1014.21095116726	
17675	1	37	1180.21793412986	
17904	4	1	87.6598079538251	
21648	8	33	1081.25499954506	
21986	4	10	377.709439423731	
20908	9	8	317.690976559041	
14781	10	38	1230.5792081871	
26685	1	25	817.209640451339	
25160	5	23	753.280733876527	
17932	5	17	567.056719999321	
26158	3	34	1098.38541957475	
20935	6	6	245.316269176694	
26380	5	49	1547.33887446455	
29722	8	28	930.274558686779	
22894	6	15	528.45461151025	
17589	2	37	1191.08600910338	
22633	7	3	152.85943075682	
18933	7	49	1560.27506126104	
26592	6	20	683.04917557307	
27377	3	30	977.626430661244	
21964	10	32	1034.40371993669	
14858	3	10	370.769728371301	
11183	3	49	1544.73382235725	
15834	3	19	643.684689441549	
19470	6	46	1463.07099488707	
17269	9	15	525.905446282544	
29577	3	17	595.441462153309	
19197	8	39	1251.34153573371	
12499	5	3	156.723576223815	
12079	4	49	1561.08980516023	
19437	8	39	1243.80077352924	
11989	8	16	551.814015615645	
20129	2	19	628.399158599041	
16060	9	48	1518.11873961152	
19953	9	17	578.126921475924	
12792	10	23	761.695044432625	
16486	10	15	531.284245947043	
13680	8	24	798.063208012871	
15313	3	40	1275.32717399082	
18075	5	1	96.9849384655174	
21318	10	28	919.068240616037	
10178	5	20	675.917409377134	
20125	3	47	1506.22398405626	
18988	1	35	1121.20555471685	
26107	4	41	1322.95169392738	
26735	9	3	145.693650276258	
24799	1	20	681.959826630522	
29101	2	7	284.650909288158	
19734	9	4	189.859165339665	
21106	1	26	852.615136640433	
16984	9	27	883.292016612036	
27092	8	43	1378.11694067815	
12020	3	34	1111.98816630616	
19601	9	28	917.602746317909	
23061	4	31	1016.85083932097	
16358	10	22	723.441222795956	
14120	10	39	1235.48411177261	
14384	1	32	1043.97511851228	
13430	2	38	1218.18400465799	
26533	6	46	1451.80399314119	
9387	10	41	1322.24951440573	
29092	8	50	1579.23767245339	
25575	10	22	740.486064227524	
23279	5	24	792.190928716301	
10769	4	28	923.255946470078	
25853	7	18	626.571403959101	
14262	6	38	1216.91711057765	
26606	7	1	109.220134853022	
11876	8	12	432.147637210855	
12781	2	43	1366.75956707763	
20952	10	22	739.801763156337	
8289	4	29	954.796222743949	
14533	1	10	364.947887270221	
26857	8	20	666.064237107553	
18180	10	2	138.558190045207	
23875	10	12	438.486310559551	
15457	5	13	464.545744315044	
18349	8	14	503.528267640401	
27169	10	28	920.732995514168	
16814	3	44	1397.37734461081	
21235	10	45	1443.94561965202	
22307	8	11	390.790552865151	
24551	4	35	1141.48237039404	
8945	3	28	904.108439583382	
8273	2	23	757.797788548189	
11954	10	46	1465.68383285109	
25765	8	32	1039.82584930948	
28760	7	41	1310.79641228113	
23209	9	17	581.267900290558	
12640	3	46	1454.68569867997	
16372	6	35	1126.21093266001	
8973	1	34	1087.30912743477	
12079	4	37	1179.87920335488	
11209	3	45	1423.52318084963	
26026	7	10	374.735424059786	
13216	1	29	939.830568162646	
8455	5	48	1535.43134514961	
28089	3	24	794.033055339955	
18307	3	7	277.949608246772	
16686	3	23	776.38028996828	
17550	9	15	528.776539698605	
14680	7	19	652.739691777499	
19816	6	46	1452.5032720773	
26332	5	12	423.09959826204	
20982	7	4	192.813373484096	
20641	9	48	1528.49579386809	
15442	3	34	1093.16905340793	
28901	6	15	525.92392919861	
9482	4	26	859.044556272703	
18848	2	20	658.364528761415	
10978	3	9	338.895478480913	
27907	1	25	811.955844132209	
19987	8	5	203.242122998108	
8729	1	45	1420.80666004718	
14544	3	1	87.8583734891649	
21191	10	31	1011.45896154058	
25187	6	15	517.75530205935	
29438	6	45	1436.37762464414	
16781	1	2	114.393140168112	
23710	9	33	1057.57211361899	
29894	2	37	1186.74555464962	
9591	3	47	1506.12069829652	
8230	3	35	1127.95223456246	
18783	7	17	577.461938530887	
19732	6	8	320.548634417611	
18284	3	39	1252.49263572157	
26672	10	43	1374.91701938907	
