idEmpleado	idDepartamento	ventas	importe	
18473	8	32	1025.77684062802	
25894	3	8	304.091853082223	
21168	9	26	862.883522986846	
17676	8	18	600.904293153856	
10902	2	45	1444.91997715315	
23246	3	13	465.378510349141	
22219	2	48	1528.46087288505	
25884	8	41	1309.74293490394	
18520	8	27	893.2367873626	
14483	10	39	1251.33662781275	
12354	7	10	356.764402592911	
18736	5	46	1453.59969057776	
19996	9	29	939.759345976524	
27436	8	17	585.950287629827	
8508	5	38	1217.01332111704	
27440	9	28	928.925487012102	
24907	1	9	332.112105308153	
25973	9	16	538.553192568269	
13982	5	42	1343.22648882085	
18571	1	34	1110.24953566038	
14579	10	10	374.593111339301	
22530	4	47	1489.22474155632	
20941	4	35	1133.39833729593	
10110	10	30	972.335248073719	
10320	8	10	382.185343719174	
27885	10	46	1477.73437915264	
29721	7	2	139.216009294249	
17660	1	35	1119.46961373066	
24249	2	41	1306.76731494571	
21826	9	48	1534.56611138515	
11830	7	16	552.899353426369	
27924	7	2	135.122062850335	
24880	7	32	1051.23029478417	
12980	7	11	397.341311535491	
20959	7	15	508.917656777854	
19326	1	28	923.00465511298	
14120	10	43	1375.04408173964	
29200	1	29	953.28977130041	
9481	8	21	717.967086023636	
8100	2	38	1207.05535121591	
22143	3	40	1280.8713176478	
11020	4	17	594.96148956705	
10902	2	18	600.343220960509	
9127	2	20	675.651027614088	
11089	1	8	308.559745731093	
10598	9	28	926.538879147982	
20182	4	46	1476.13632285788	
10759	8	26	851.496464038033	
16718	10	6	233.795641024502	
26168	3	36	1154.46924524124	
9444	1	9	335.24212375993	
29752	10	21	691.078716875556	
13442	9	12	443.817594556053	
13320	7	40	1280.38160212356	
24553	8	14	490.937276711193	
13022	4	35	1136.5520990717	
11397	7	23	770.693515786293	
13992	6	47	1490.54827491313	
15252	9	8	298.718949434682	
12593	6	49	1567.1855980005	
12325	8	11	406.162501054892	
29717	9	14	488.991259154394	
14079	8	1	82.9756199582366	
21632	6	29	958.670675977446	
15630	10	23	778.437274386379	
22051	7	8	301.642339742576	
15667	5	14	482.369395793588	
20338	5	18	622.418034441032	
13785	1	3	157.032630851973	
26878	4	10	374.008666004058	
27308	1	36	1153.88140527247	
28554	8	30	978.822334007743	
29410	6	45	1420.58610654463	
18700	1	5	216.171137604942	
18638	4	45	1429.37821801257	
15242	6	43	1379.63162177225	
23128	6	30	968.881520595812	
8902	8	16	537.747309681842	
9642	1	22	743.775502342626	
27063	5	33	1055.64646457119	
22288	3	1	81.5980562947681	
20085	3	27	887.719545256216	
25660	4	30	965.673972706159	
23223	5	6	232.298069704463	
21068	6	40	1279.32398762522	
10216	7	46	1461.82063655081	
29813	7	40	1291.30446829428	
19470	6	43	1370.84869266062	
29762	1	47	1506.4040348243	
18612	1	30	972.365557706154	
20665	2	6	232.311139326688	
29612	10	47	1484.49580682651	
14392	2	22	734.570821865728	
16352	9	23	750.781488023131	
14088	6	27	880.892850161015	
29698	4	27	871.880058493409	
17558	4	17	591.985869608813	
23598	8	39	1241.67254498306	
18610	9	47	1497.21375322771	
14567	6	1	86.9174059885169	
22439	8	15	524.169483354394	
25502	2	29	933.718288416843	
9582	1	23	774.46383318606	
16236	2	46	1459.78697502044	
24620	3	1	80.5878399687763	
12759	8	29	956.419789752187	
25052	10	27	870.492610330923	
13426	10	8	307.646456951111	
28010	10	46	1451.00338411099	
29510	10	21	711.305654938941	
23097	6	6	247.670578475888	
28068	2	8	312.946206104451	
20376	7	25	826.7727725705	
28972	2	26	843.07248486349	
11350	10	49	1565.58754170574	
8312	10	35	1118.44295579868	
19368	5	35	1123.31728644824	
29073	6	46	1450.67755025377	
23376	6	40	1279.34668835222	
8319	4	28	916.616637835566	
13946	4	18	610.337871448294	
28432	1	21	711.520703132972	
15980	8	21	716.013999616734	
17172	7	24	784.667073145819	
19632	2	5	221.697526677371	
26453	6	40	1269.38559844596	
26870	3	9	324.251512142015	
15690	9	23	749.804618521503	
15671	10	29	935.278287443928	
29392	7	19	637.498159519163	
20715	5	26	867.645752163439	
28509	6	42	1327.20897561275	
14167	7	19	640.533556454132	
21132	3	22	736.858096354109	
20413	1	18	611.476981216798	
18165	4	22	747.879767877925	
13645	4	4	193.255712070156	
28191	5	34	1105.88699768571	
16111	10	5	231.710229735687	
18358	7	11	402.904197873037	
18592	1	20	671.32802621989	
27028	8	33	1063.65801134317	
25091	7	48	1519.84530854963	
22349	1	27	875.098379885358	
28788	10	24	804.694979230266	
16906	8	48	1519.36493322224	
8067	9	22	737.723034256009	
17483	7	47	1491.49833700224	
22554	7	24	785.193946317394	
10942	1	43	1362.44989436234	
23798	3	42	1348.56277204517	
15524	1	22	741.308319355039	
14548	1	49	1562.32585663084	
10076	7	20	660.597115392143	
28878	7	33	1076.57953454022	
9790	8	44	1412.64878022142	
9958	5	8	297.704288800109	
20073	10	50	1589.79676004024	
18272	10	41	1318.08944834307	
20941	4	11	411.20224152282	
23432	8	21	712.168277610172	
19827	9	4	200.68799180942	
24119	3	30	972.368169507183	
16385	1	27	893.505224591822	
14644	4	45	1443.6599027755	
25549	6	15	520.461602863139	
24885	6	40	1272.41264965032	
27039	8	3	169.914676216391	
21583	8	8	311.595503646692	
22433	1	27	897.707773827811	
9793	6	31	1005.18724372852	
14489	3	1	97.4302887625202	
16301	6	41	1298.96732051809	
9274	9	29	956.442490479184	
27924	7	9	325.288611615677	
26686	4	36	1146.67986010512	
14965	6	24	791.675394583342	
13129	6	45	1440.91561973138	
17139	6	50	1579.97209391555	
20987	10	8	302.332593455134	
16224	4	18	611.662564189947	
16881	6	12	432.753175139778	
27121	9	49	1564.61067220411	
26429	8	36	1172.82839308159	
12682	8	27	888.935387473989	
25326	7	5	206.3374328084	
29813	7	43	1364.88311898191	
13681	7	50	1579.93644106199	
14880	2	39	1260.27856181389	
12707	7	24	798.828200995376	
29012	5	15	530.175479077816	
29509	8	5	203.458952029915	
15209	7	44	1387.79754934264	
17695	6	45	1420.50798821287	
17600	1	40	1290.73592026287	
25196	4	16	550.640034410469	
21494	8	4	171.289841835988	
16268	6	21	706.340083957808	
19055	4	32	1031.43847710986	
8320	2	10	364.233376367126	
18655	6	9	326.952283571918	
19721	3	19	647.808358039618	
27449	8	39	1259.90283335555	
18518	3	47	1487.48617248958	
29024	4	12	437.262650633819	
19274	1	42	1331.13248328265	
16050	9	32	1042.34099883695	
29438	6	20	685.883366151658	
18966	1	12	415.308503776467	
13445	3	48	1529.8996744351	
8508	5	21	700.973385638079	
28053	6	13	456.788669068734	
15826	3	1	89.8246661246869	
26103	8	34	1095.75685488794	
23223	5	44	1399.53967733287	
15819	3	10	359.415102470394	
8331	8	6	236.077319605312	
8116	5	44	1399.53977642559	
13447	7	1	84.569837117833	
21304	6	41	1317.3224699671	
17903	5	23	755.578483881233	
29243	6	40	1292.47620858833	
17020	9	15	509.636114402505	
24131	10	34	1112.76730265132	
24285	8	13	447.532294749996	
23971	2	27	881.728291698605	
26808	4	8	309.632739419878	
15129	8	47	1478.45933230522	
27805	10	40	1265.70657021632	
9238	10	43	1374.64857720521	
11785	7	33	1055.39001826914	
12163	10	3	165.335310625534	
21065	7	14	489.47714262152	
19347	1	40	1295.73871754843	
14845	1	50	1575.38030988322	
15709	6	49	1563.85420615033	
27182	4	23	772.850341784232	
26830	5	3	157.124499714526	
27935	3	25	815.56574244777	
29517	10	36	1157.80290419134	
8734	5	23	763.996433971448	
14705	1	23	758.999752830248	
20846	1	39	1244.62793728552	
11373	4	42	1330.37888737879	
24511	1	4	177.854815357297	
14184	2	3	153.386810009082	
12951	2	4	193.634285905228	
11584	4	10	372.040694454704	
8065	6	1	100.968310879994	
28762	10	31	1011.32081779247	
14912	2	11	394.562714805157	
15858	7	10	371.750065410393	
29177	2	21	701.770246839975	
16431	4	41	1314.11600714275	
10904	9	38	1208.65489248589	
8812	2	19	634.476074983588	
13689	5	5	218.172243637113	
27634	2	5	227.13553070423	
22120	1	35	1119.95387773959	
18970	4	36	1155.53435893521	
15153	10	34	1101.49974386278	
18112	4	36	1163.88166653173	
17386	1	31	1020.17679593534	
19092	9	19	640.659926571259	
23592	7	16	554.509656165964	
26168	3	18	615.638075012545	
13582	10	49	1567.31152644721	
18444	6	11	394.085948576259	
21168	9	35	1120.37654500472	
17159	8	45	1435.68547118254	
18827	2	37	1186.56476068616	
26907	9	3	158.952819890786	
26372	4	20	663.974033977824	
29708	4	15	526.766932926498	
25360	10	19	633.326035995654	
28917	1	50	1596.57873105098	
19961	4	2	127.848271302808	
12835	7	24	779.257227023718	
8024	6	31	1014.91248729402	
12803	4	10	374.145484740914	
23209	9	23	768.094005793377	
9059	2	48	1537.59204496517	
20745	6	46	1457.49102142523	
18890	4	9	334.385752423846	
15421	6	33	1060.08586240005	
17349	6	23	763.639952858742	
24805	3	33	1063.56506378556	
24746	7	23	775.361135478765	
27514	3	3	167.083825062534	
23347	2	31	1020.90423489963	
11764	1	45	1425.68196251322	
9766	5	18	625.714811080003	
14531	9	19	637.170621974939	
25971	3	39	1260.03138351256	
17363	2	2	136.303160328559	
16392	5	37	1200.11476743972	
29100	7	42	1338.82295689491	
18578	9	20	683.968010714263	
8984	1	26	855.869231212823	
26559	7	36	1162.21674034475	
22512	8	4	186.075283561868	
28053	6	44	1399.54833732897	
24004	6	26	851.664149449982	
12951	2	7	265.282839697452	
9950	1	45	1424.75605710631	
26703	5	8	315.609894914371	
26724	4	41	1307.77603143257	
29219	4	6	255.003313913477	
9127	2	23	760.7899711471	
15241	9	38	1212.07616143491	
19038	6	17	586.627803680779	
12324	5	32	1038.9150166134	
24433	5	25	812.223043410211	
12541	6	25	825.808392998673	
22692	5	13	467.440353141837	
18917	4	36	1163.9076988976	
15143	7	41	1306.3906451065	
9694	6	23	765.791043511495	
29169	1	37	1180.57406417121	
17264	2	44	1390.86970330722	
25442	7	36	1152.07301122699	
28565	4	27	871.950390968449	
13862	3	8	307.002123513726	
9090	4	4	179.472310105093	
15377	1	1	90.0035086693259	
14738	7	19	640.849949606159	
29171	2	35	1121.78219791585	
11391	5	31	1003.94265046527	
27167	4	13	470.463772597939	
23623	4	32	1033.21126855594	
23288	6	9	337.755774156077	
20011	9	32	1043.88026058855	
17735	8	48	1523.38799581089	
24525	6	46	1452.69574694927	
24011	5	7	268.070201179045	
20627	8	30	968.545668464408	
12362	2	23	765.927895515192	
16816	8	40	1272.20818172777	
27599	7	15	509.629695317535	
26118	6	25	824.475967485679	
23910	6	33	1055.86392142617	
8848	2	27	888.561749872082	
20356	5	1	94.5711643316649	
24639	3	16	555.007663627624	
21906	4	15	514.27643121885	
24216	2	13	466.766945899821	
26767	3	44	1413.49176766979	
25362	10	44	1411.36222897627	
19164	2	27	872.591030370719	
15788	1	17	572.395461430957	
15404	1	47	1493.72412233321	
8168	4	19	653.031913383413	
20237	10	34	1103.39394654305	
20820	4	33	1064.9995279056	
23774	7	1	90.1437291177659	
8096	3	28	914.12489259342	
23020	10	36	1172.54621381524	
24431	5	23	752.191839344889	
26664	7	6	255.279331028126	
13704	8	26	863.906107500152	
8701	1	24	793.827696998523	
15743	9	10	383.833380967301	
9553	10	43	1384.53954131554	
15475	9	42	1327.57870259116	
9484	8	29	954.320387278833	
25237	8	35	1142.74754309223	
20343	2	35	1115.5270208025	
26778	7	29	959.527296460945	
11317	9	19	637.738191819628	
9991	5	34	1098.89468467743	
28983	3	14	477.97980338241	
12856	5	2	114.18246337873	
24799	1	9	336.161348193959	
16000	7	12	436.09809668553	
9466	5	12	415.005781881048	
23777	2	9	343.511261354904	
29027	3	26	857.379226636784	
20524	8	42	1351.9944598861	
25128	9	39	1265.19587888624	
17227	8	38	1223.2365627695	
23063	9	25	827.358181936367	
13887	2	41	1310.41996893958	
8099	1	5	211.351620094549	
12067	1	47	1498.06831116698	
25143	9	35	1139.48714622273	
12970	10	40	1284.72386077266	
8500	6	49	1540.48631404549	
10291	1	16	538.388467905292	
27217	4	45	1442.5520178315	
16327	5	29	953.945308585626	
10133	9	44	1395.99945464917	
21204	2	1	93.7360561703034	
19580	2	34	1096.92885069965	
28223	8	39	1245.72358781738	
14402	8	2	110.648270487156	
22717	4	23	752.030540458872	
25461	3	34	1104.02220855654	
18793	3	10	366.992461740501	
14871	6	37	1200.68727634879	
12594	4	30	971.528888126616	
28607	5	29	951.23992509732	
23216	8	15	533.964471208846	
19511	9	26	853.624037156638	
9899	8	43	1373.69634569329	
24764	5	4	174.415658048548	
15599	3	46	1459.54165895448	
23697	5	11	396.870565189454	
17189	3	22	747.295849857524	
8289	4	22	729.993746024554	
12719	7	42	1346.63246776286	
20930	5	2	136.745665956636	
14290	6	45	1420.55175392914	
22090	3	34	1086.99596045865	
23541	5	19	632.042768258621	
28575	9	2	116.547925563784	
27805	10	34	1083.40772805894	
27727	7	6	252.481760872752	
26129	9	47	1486.47123014856	
8558	10	7	268.091556368438	
9664	7	40	1269.59652650617	
10204	1	37	1202.26122904674	
23750	7	19	657.138552897209	
28230	1	35	1116.97527862944	
20677	2	40	1283.792883234	
21385	5	41	1302.89523002826	
25822	6	13	464.243747212106	
13008	1	18	617.253612679082	
28235	2	21	690.437760376575	
18564	2	11	405.449826198374	
23188	8	39	1262.97524142218	
20629	3	25	839.489052798361	
20223	5	17	570.386764896282	
22287	5	5	231.30718353731	
19436	5	10	373.666990759627	
19691	2	9	351.996637672184	
15661	4	10	373.393710727521	
20935	6	16	536.795931782944	
26168	3	12	437.655274401258	
11079	4	44	1403.65265311843	
22331	5	40	1279.94548726824	
18286	10	30	967.85329558321	
22271	7	27	873.190464187968	
24859	3	44	1408.39472188074	
13768	6	4	175.919550068639	
10691	3	27	897.19964262899	
20232	6	50	1575.44770072002	
15146	1	18	606.740095711658	
10727	7	16	544.886082441027	
13022	4	38	1209.1756622536	
17440	8	19	627.240542428214	
12460	5	17	579.54877958612	
24048	1	38	1217.55097840799	
15709	6	4	178.900905372063	
9482	4	48	1531.09074984262	
11130	4	43	1369.26765907987	
18553	9	10	374.101372200112	
10594	7	31	1016.9891925794	
15602	5	36	1169.83115392264	
12457	3	3	150.801115665027	
21008	5	41	1310.17191083644	
28983	3	28	922.2880462754	
17839	9	41	1306.43280481288	
17932	5	12	421.84602365915	
20982	7	33	1067.01850460238	
22581	9	17	587.143414964501	
16854	10	36	1166.35890106035	
14542	4	40	1269.24457039183	
23733	9	24	793.328969699018	
21122	4	10	360.046130586437	
25969	10	42	1343.15421483626	
14703	2	18	626.611796275997	
9664	7	44	1414.82648647149	
9710	10	3	162.818577030123	
22657	6	17	588.146069100195	
29302	6	10	381.743230922959	
12294	6	11	409.070764858774	
15727	4	26	848.74383101647	
22504	8	31	1021.05572856081	
19293	9	13	466.593240605012	
29562	5	42	1327.44752930824	
14442	9	46	1457.50365150045	
11105	1	3	152.367530238054	
22544	2	33	1081.26209812298	
22524	10	43	1378.20928377016	
26328	3	23	763.426461836056	
24752	1	38	1221.93807439038	
22931	10	13	471.485859524219	
13636	4	8	300.216433694687	
28897	8	18	604.399331679754	
20168	2	50	1577.89526547207	
17845	1	29	956.404518148119	
25821	6	30	966.964777860308	
23944	2	10	366.854158736232	
24550	10	4	173.480742281992	
26331	7	12	437.657440992844	
23832	7	39	1261.42049077033	
17013	7	15	531.344440528818	
10084	2	12	421.376217278361	
17203	5	37	1188.77613510414	
27365	9	42	1330.84074156864	
9669	3	11	386.203130328191	
18221	2	44	1413.41112601264	
24107	2	7	264.83995185459	
18473	8	46	1466.02144741734	
24749	3	1	80.6287461522169	
24572	5	23	764.722293114626	
9515	1	35	1134.73240137786	
21069	7	37	1190.75483627187	
13855	2	38	1229.34751891966	
13139	6	32	1040.1968942211	
27734	9	35	1125.35754118364	
28440	3	50	1595.9334640186	
10505	10	24	783.237913317623	
24426	6	12	423.353586356786	
20772	7	46	1452.66825933599	
25381	4	26	849.920516037345	
16080	6	8	305.170706689903	
13385	5	19	643.636739888991	
14079	8	10	383.592042766321	
9575	5	30	965.205340574125	
19438	10	23	774.873041536134	
22414	10	32	1049.02813669715	
21113	4	7	268.929638019265	
8506	5	10	382.150865114364	
8995	7	13	466.749696688144	
27142	10	39	1259.64701841569	
20711	10	35	1127.97232773526	
27800	6	50	1589.33783474813	
21235	10	5	230.488628107351	
18287	2	22	720.322740152629	
11225	7	46	1477.72632432996	
24146	4	15	507.367613738108	
27189	8	45	1432.27959345667	
10301	4	22	735.752499036376	
8350	9	31	1021.24439898005	
11213	4	2	124.092525487809	
21121	10	47	1487.52757838346	
16270	1	38	1215.24065070564	
22516	9	43	1377.58053761794	
18339	7	50	1598.70416872143	
16931	7	3	167.205673012513	
21559	10	27	880.731023252351	
8605	9	20	670.868914775024	
19114	9	36	1164.20243745865	
18448	4	15	532.537724288431	
21817	10	29	960.471054129522	
19760	3	7	263.726864542685	
8016	3	49	1543.50057237945	
12578	10	8	320.812482945999	
20966	4	37	1187.7369249555	
9763	9	32	1036.24978408043	
10978	3	47	1487.70770063983	
9102	8	2	117.78417451204	
9640	4	8	303.570794530013	
24567	4	19	635.967700032502	
24140	10	29	937.174993631046	
27876	4	38	1224.48148799338	
9868	9	47	1482.68908674023	
17831	5	33	1079.27175072919	
8501	3	12	420.981727736528	
22686	9	39	1236.74996537936	
21053	4	36	1145.39456662973	
27652	3	32	1040.26620816452	
10854	3	17	589.024778767035	
12821	2	36	1162.47056989114	
25208	7	21	697.989927445534	
28303	6	6	243.65387056193	
20627	8	2	127.485414281248	
29612	10	31	1002.10918737674	
20177	5	44	1408.57573384818	
17653	6	30	962.392937653881	
18364	5	21	689.930055984263	
15819	3	26	866.056202271048	
19999	5	11	384.887874044891	
13574	10	27	877.999667561613	
10942	1	47	1494.14201828378	
26893	10	13	458.159221922122	
10309	4	21	704.72720056061	
20324	10	46	1449.61314082593	
28629	9	34	1106.27864255862	
11143	5	33	1075.920153873	
29098	3	37	1184.47175535582	
13756	8	42	1348.52535180213	
23623	4	19	642.751703151852	
26177	7	40	1284.0729560722	
15635	3	50	1590.01862369013	
16705	8	13	469.583439226068	
25133	9	38	1208.70879892665	
15519	5	4	179.784799003873	
10092	5	3	164.069405349004	
28387	6	14	499.611037494434	
13607	1	1	84.8384916432381	
24990	1	5	215.968899976448	
13636	4	32	1036.59880988141	
11068	10	12	441.954203342066	
15695	7	18	621.811106382781	
15808	7	45	1440.46481508783	
8518	9	3	161.844136007989	
9415	3	1	81.7318675675112	
23120	10	45	1434.5477968429	
14689	9	24	796.817183567592	
20419	10	5	216.241450261437	
22148	2	18	621.39138500271	
27051	5	15	512.236749097815	
11430	10	8	305.343987301618	
21306	9	12	426.319728096165	
15331	5	21	701.651498368779	
29059	7	42	1332.89630046715	
15858	7	32	1025.5711269684	
16511	1	22	741.825681748719	
17909	10	16	559.015771708924	
18183	8	18	599.754287432765	
25420	5	2	113.075945914293	
20039	7	50	1572.99310817057	
19825	8	29	945.061573863524	
9722	5	2	132.278210023548	
26129	9	44	1396.8692148276	
11201	3	14	477.514505012666	
26155	2	28	904.951822694834	
18359	7	36	1172.45194620101	
21323	3	8	308.406488219465	
26196	4	19	634.945071635277	
27387	10	49	1547.70061527737	
23903	2	28	918.039782027732	
25529	6	30	988.964696353751	
24077	9	29	957.554446010643	
16422	6	16	553.961156007816	
19538	3	45	1429.45739238963	
29471	9	49	1542.93367070283	
18954	3	9	336.188561178832	
22234	5	2	133.677203195951	
21666	8	10	376.315085914133	
13104	3	21	702.995332993099	
9665	3	1	95.0653439830362	
16072	1	11	389.461458991031	
26738	9	29	939.678703611567	
24998	5	19	643.080370353107	
19323	5	28	916.288602704317	
8166	1	12	417.407715850234	
24732	1	29	937.753227976036	
28760	7	30	968.367125321351	
27576	4	22	736.68713875892	
14884	10	7	263.137671958254	
18826	9	32	1037.95911725515	
22414	10	38	1205.05363364008	
18730	5	47	1499.85675006167	
14947	3	50	1571.76254572895	
13135	7	6	242.975791805878	
25575	10	4	171.537236017891	
27635	8	11	389.675993318519	
13017	5	25	824.941891555182	
10531	4	32	1042.95031007517	
29084	7	26	856.892313313155	
19481	3	15	509.279921366498	
27234	8	38	1206.14130862343	
17956	5	6	241.872111932315	
29125	9	7	268.540834984063	
18704	10	41	1303.35160297498	
20354	5	35	1123.27205274406	
14336	2	29	947.789541290975	
28303	6	46	1472.35857208835	
14393	2	27	872.194105979146	
23945	3	44	1389.96262976432	
13732	1	23	769.382565789569	
11997	1	21	688.148478552768	
18520	8	7	262.700685794792	
19186	3	47	1496.75895443967	
25655	3	1	98.0106019312565	
23317	5	39	1263.53164917954	
14126	3	1	85.3828702519568	
17182	4	34	1089.19783967044	
25645	4	16	560.580612123283	
16736	5	2	140.106789162432	
13732	1	49	1567.1985947188	
15847	2	7	284.084820879663	
23360	10	36	1171.71934946055	
27342	10	13	451.807399677023	
14047	2	17	589.74149802222	
20924	1	41	1312.98614838765	
23244	6	34	1089.10794629208	
19987	8	30	985.791900281698	
11398	7	11	390.985364201938	
17398	9	42	1337.92015637174	
8723	4	38	1233.25767738431	
9102	8	34	1111.24666962365	
20749	5	21	690.726893120784	
23065	7	35	1119.42277260098	
22259	7	7	273.715411626601	
17247	5	14	488.924035359604	
16124	8	5	227.589347058716	
29250	4	23	751.137868627504	
12752	9	29	939.72876737813	
10988	2	44	1393.01654996025	
27135	5	33	1069.61817455926	
23040	8	33	1065.39465588769	
25024	6	4	176.173019342205	
16754	8	29	946.724508994596	
10594	7	34	1093.75510616869	
17014	1	12	429.810638702386	
23043	6	31	1022.35294784529	
22077	7	1	83.0977956220032	
24994	8	49	1553.75194379769	
9568	3	17	579.44414262634	
8574	9	3	166.154365765934	
9964	3	27	900.478153648078	
20450	7	9	344.361279431899	
27493	7	30	982.843520912735	
12700	6	27	889.693718594356	
22486	4	8	305.195100486835	
27051	5	2	114.421959162886	
29820	8	44	1390.06471225529	
16902	7	40	1278.79933696184	
27463	4	50	1590.36545458732	
23714	6	2	114.164106451983	
23937	2	49	1561.99764100928	
16651	7	36	1161.37320788641	
17362	8	35	1134.2739496074	
12718	6	6	236.704952380017	
21970	10	39	1258.13589616592	
29244	9	50	1597.42158543198	
28982	10	22	743.277913193813	
14598	7	41	1303.04354281306	
13955	10	38	1209.08656657165	
9691	2	35	1115.94230212082	
23138	6	29	934.245001624452	
15751	2	5	229.469072292312	
28497	4	23	767.564062163031	
19732	6	20	670.488614603173	
29869	10	17	581.803938831111	
14015	9	4	187.911801537458	
15942	4	8	304.994840465949	
16970	7	29	958.052293508338	
23317	5	6	239.930859319834	
22413	10	10	370.633200542365	
21814	9	34	1086.01015067008	
18062	7	32	1032.03995648401	
20558	4	44	1411.5412215756	
24589	2	39	1251.76579060581	
16895	8	11	412.779523736229	
28684	7	26	846.885390191751	
22395	8	41	1307.88337220805	
21156	1	8	309.729054006622	
8855	9	49	1568.52031113977	
22404	6	13	454.502076196718	
25682	4	12	437.524634803424	
25160	5	33	1072.33853166566	
24299	2	29	949.363312790805	
14905	9	43	1358.85244350827	
19880	3	34	1107.62053354998	
15217	9	47	1504.02144800128	
17250	1	19	641.899069734802	
24317	3	24	790.019556614579	
19661	1	45	1435.61921000277	
11789	3	12	432.389053270402	
14192	5	10	359.075034651475	
28581	1	10	380.054252808939	
9250	10	12	424.665377226037	
29611	2	33	1063.50184050552	
8108	1	25	831.909364141482	
15554	7	23	751.009081355766	
24941	3	37	1176.79721726887	
13851	8	11	392.354906309561	
25941	6	11	387.889779763245	
13309	10	4	197.283298949377	
27772	5	44	1409.42711869694	
11238	2	15	512.012418746954	
24962	1	35	1118.86847764201	
16476	4	41	1299.73225404496	
20813	4	19	628.153955781904	
10766	6	18	609.957684525269	
10064	5	42	1349.83198631081	
12833	3	47	1482.50815900159	
14416	4	45	1423.92542864379	
26276	3	14	491.250505974167	
27443	9	10	369.538213223935	
14831	7	15	513.548859187192	
23440	2	42	1334.5232316733	
27011	2	25	834.584490374934	
17554	6	23	758.417667317399	
28068	2	46	1461.90646995879	
28329	4	27	880.105759501506	
17052	7	31	1008.71161865476	
11289	6	36	1162.86808105319	
28991	6	20	677.782490829836	
25431	5	36	1146.01273180266	
11018	3	35	1114.97528385137	
26646	3	35	1122.43308350557	
28274	2	44	1407.54180604943	
13683	4	1	91.5581658908903	
26666	2	24	785.95589786114	
27145	8	20	687.374579257972	
10854	3	12	428.039381070081	
13518	2	14	499.856426464327	
24765	6	39	1261.77044238046	
16870	8	40	1270.08817292288	
8483	2	31	995.528465898488	
18596	9	48	1521.83927424338	
19199	10	46	1451.23701219039	
29479	8	19	645.074957499781	
21429	4	48	1525.51221605647	
27242	8	49	1553.47005402365	
18439	2	39	1249.63105874585	
8008	7	25	810.698487726365	
12396	9	17	577.662849024713	
20365	8	6	234.189461690462	
27328	8	23	759.390910733208	
29157	8	30	966.094127970791	
27588	4	32	1024.3687040286	
10767	8	3	142.850840046467	
26839	2	45	1445.52617546428	
19877	1	19	645.531021135641	
17653	6	37	1190.0808868511	
29098	3	11	385.084173188118	
12685	5	30	970.002894182691	
8520	9	46	1470.90332185426	
14426	8	6	248.085598614107	
21149	2	25	829.486825256369	
29464	2	41	1310.10728893341	
17311	7	19	651.270567146722	
15517	1	10	374.451834845567	
15554	7	30	989.579335241383	
11926	2	41	1311.32667159258	
28356	8	40	1288.17408815407	
12755	10	45	1442.19805792076	
10672	3	48	1522.5831052673	
29021	5	31	1001.79260524073	
14901	4	33	1062.65173253727	
27469	2	6	242.154986263325	
10776	10	25	821.162333051284	
23227	2	30	974.009747325447	
26431	10	17	591.709584943815	
25061	8	47	1483.28621948291	
10402	1	7	269.509532875153	
27240	9	25	832.905451260929	
12938	6	47	1508.43641593514	
10435	1	38	1230.47470075566	
16242	6	7	278.013130928396	
8694	9	20	665.205232028479	
22035	2	15	523.593029139374	
26711	10	13	466.621821069448	
12593	6	5	228.881155880578	
9575	5	4	178.064379476972	
12558	7	42	1344.69096600296	
12719	7	6	246.031990426607	
9560	9	5	220.424876725499	
25929	5	34	1097.29369240687	
28707	10	2	122.955207881963	
22260	9	35	1129.85353228164	
12735	10	44	1390.8671205262	
22372	7	34	1102.00257430878	
22729	6	6	246.041640642118	
12980	7	7	291.731985309968	
21943	9	27	879.966445043667	
23774	7	9	350.623122654214	
14287	1	18	615.932880815087	
26583	8	8	322.143382431075	
29034	7	49	1561.45697059178	
10103	7	30	968.500429805601	
28894	6	19	655.079743757415	
16205	9	25	832.396856449729	
21880	4	41	1296.73917819594	
19573	7	24	803.939141707467	
13104	3	7	283.206370977315	
23133	1	23	768.841092721019	
21878	7	29	933.816590520468	
25458	3	23	762.244801652732	
11651	9	31	1000.57135397595	
17318	3	36	1152.17872192719	
28284	6	33	1061.56647824755	
18610	9	8	320.428621098599	
13730	3	50	1570.07246768571	
22308	7	6	244.28159322789	
26313	1	26	866.514259794035	
16076	8	7	264.648746077273	
10814	9	5	225.570678964989	
17247	5	27	891.514955764411	
24300	8	49	1566.63570558961	
15611	7	35	1122.14209772746	
16626	2	41	1301.77318119527	
29374	6	14	505.289412860428	
13690	7	29	958.83739735877	
15846	4	48	1532.79820025563	
15459	2	13	451.287865737122	
23917	8	41	1319.15975874251	
8647	1	24	807.968106683329	
22520	2	10	379.977599633847	
24107	2	20	683.319774439242	
23266	1	48	1518.88641022094	
12167	3	8	296.972570445841	
8573	1	40	1266.29303350406	
26961	9	40	1269.01773016388	
13638	4	28	909.512701122795	
27485	4	1	90.1254882710639	
11937	1	40	1291.19617268964	
18544	1	23	769.882642873508	
23914	3	32	1024.94201417311	
21123	3	47	1494.85800849966	
26501	1	19	655.849873281945	
14165	3	28	912.21539990614	
8986	9	33	1058.18007507277	
8828	5	4	176.72233843092	
14884	10	17	570.776485954773	
26032	5	3	148.287054034084	
24972	2	36	1150.4384994276	
23600	3	35	1131.93010662307	
26431	10	1	81.7600474142283	
28151	1	32	1025.21772551593	
10963	4	21	695.317698966394	
17766	6	5	205.052443689225	
25575	10	41	1324.41792505068	
23311	7	10	355.507676841462	
21028	4	15	519.314872864315	
17907	4	40	1266.72724861034	
14402	8	5	229.790330896988	
24001	8	46	1473.55945909096	
27727	7	43	1363.94097794031	
11740	10	12	432.651275970345	
21120	9	16	564.046612234808	
23204	4	49	1560.87298603769	
8994	4	19	633.838990886621	
28410	4	3	158.92502721349	
11796	5	33	1081.68494375501	
29964	2	29	935.206151481348	
19729	10	44	1395.27344474349	
26840	4	19	651.410890934715	
10213	6	22	740.559766562916	
29243	6	6	234.156104956826	
16486	10	37	1175.31808710439	
19169	1	34	1094.76610320377	
8501	3	24	800.628664791877	
8516	5	31	996.656947264754	
12848	9	30	990.785832307667	
13650	9	7	289.926697821322	
25641	2	9	323.593106122498	
23465	8	11	408.567074429508	
29686	5	13	468.060911403997	
20376	7	46	1464.51114622155	
16166	8	28	900.849366309517	
22986	3	7	267.229652119442	
18629	9	24	806.2080592691	
29612	10	29	954.759874117915	
25400	8	50	1588.00207547285	
19498	2	44	1393.83396653171	
29422	6	17	572.554645395165	
19996	9	30	990.785356662602	
24155	10	25	829.702857299569	
10185	1	39	1242.78545251246	
14238	7	46	1460.33515737408	
25940	4	45	1417.63671359869	
12807	9	31	1005.9416649332	
28166	8	20	672.290738202767	
14750	10	31	1010.81139626485	
26372	4	21	694.976887244255	
18459	4	10	358.376409019519	
29952	1	30	979.255047859277	
21167	6	21	695.037394675909	
21046	2	39	1235.57033447342	
14966	2	9	353.013609290595	
16554	8	17	579.02760849289	
17995	6	13	471.370340060149	
18224	9	45	1447.6039424574	
23310	10	46	1449.89963841154	
9133	4	37	1200.55159576263	
23552	4	31	1004.42377889735	
29313	7	11	407.760977785923	
29812	3	30	964.721844533795	
14116	2	8	309.388175042993	
24723	3	32	1023.13414248784	
9433	3	45	1421.22325646748	
11862	7	34	1085.49854768696	
22571	7	47	1499.42983171876	
19831	2	35	1131.80190966083	
23947	5	10	376.816960115366	
15256	8	25	834.66492676859	
25479	1	40	1279.07911676871	
18232	6	3	170.922951740643	
27485	4	40	1287.8509772233	
20144	3	12	442.651506086183	
11130	4	14	484.488088080887	
28520	7	45	1421.70803363515	
12913	5	34	1097.77431405046	
20670	9	10	373.82094758275	
12457	3	43	1357.6813735057	
11261	10	3	168.824438270565	
10896	7	5	208.33792658911	
12852	6	50	1585.8455509999	
19147	5	10	375.808945063413	
15826	3	48	1531.5502888018	
26710	3	29	944.338058263221	
22048	3	41	1313.5296797536	
24216	2	25	832.490576930573	
21509	2	37	1191.49753693095	
29686	5	11	401.821757816627	
21443	9	44	1395.85931205929	
11941	3	29	958.604116811698	
9088	7	34	1104.86023570637	
23019	6	13	467.450479710219	
12559	5	13	469.410187634365	
18843	7	6	244.793667609242	
9438	3	1	106.063512128807	
11566	1	18	600.314682256577	
14420	6	8	299.651310024621	
25316	9	2	119.111900906596	
28332	4	11	412.138165911724	
17942	3	34	1106.51183321444	
12512	5	35	1140.48882854194	
9846	8	21	713.994436149483	
19507	7	46	1460.31196047566	
16457	7	20	679.297292250813	
15714	7	27	888.332096118635	
24820	10	31	1007.18641745261	
27457	5	27	872.918828387241	
16476	4	46	1468.52552120971	
25371	4	23	757.319574857745	
18112	4	30	973.596026009692	
20215	4	36	1153.78299487465	
10482	1	4	172.218264905837	
16807	10	34	1111.72715749206	
29655	5	27	876.085852308239	
9519	10	12	421.915426786018	
20736	5	20	668.912899470382	
28571	1	10	377.837886241189	
11235	3	3	158.796084224617	
10034	8	4	187.693576713881	
22776	5	9	333.007970756389	
19831	2	11	387.932294787808	
17203	5	25	809.980151844202	
27406	7	17	580.957648056074	
9217	10	46	1476.06080995689	
9358	5	6	254.218881062334	
26775	3	41	1303.47247203042	
19156	4	27	898.440789588932	
23261	2	7	277.857838476942	
23238	9	13	458.424575952079	
23167	10	28	901.393351378568	
24920	3	27	878.123004025837	
23792	4	9	334.709046676154	
19499	1	32	1025.54320759398	
24136	4	20	662.312605056126	
27430	3	20	667.849098047171	
8703	2	29	951.851114850422	
12692	10	15	515.496984587748	
23361	8	29	932.252996550991	
16010	2	2	136.005962144586	
13034	2	11	386.343262300986	
16412	3	49	1559.57174854333	
19548	9	41	1322.97201572124	
24717	10	39	1244.50218295888	
12718	6	14	502.2632860496	
27141	8	44	1404.82112193705	
26409	3	31	1012.64197080053	
17650	2	29	955.723322218155	
27405	6	37	1193.32433532613	
18742	2	45	1422.87824082322	
27705	1	32	1037.15061265843	
29401	5	8	302.476796015388	
9560	9	5	220.855225800003	
26317	9	48	1531.41832419272	
26864	3	3	159.130195155335	
29726	3	24	798.579538426632	
8332	5	11	410.508676697737	
27555	2	5	213.036788093409	
22770	7	50	1584.25115051877	
14596	8	14	505.078411188479	
24196	1	37	1184.85962408821	
28738	8	4	188.74562786368	
22883	5	20	675.060989910299	
27463	4	34	1090.10094525763	
14394	2	46	1455.92622347918	
19165	4	4	175.473021983855	
29171	2	27	899.073948198498	
16291	7	22	746.675057311857	
29720	5	15	529.414552435938	
9966	4	7	288.236754261068	
22407	9	33	1070.0643119356	
21494	8	6	233.415914882634	
10017	5	32	1045.5848896902	
25160	5	1	102.790122080031	
20285	1	44	1401.35031441289	
29721	7	10	373.436222213058	
9809	6	20	664.960279066563	
9544	3	36	1165.47796888532	
9704	1	3	158.694362006474	
16718	10	3	151.239688019845	
8092	9	26	841.576910261799	
15033	8	12	427.749149812269	
28694	3	41	1305.11645426281	
23863	7	13	454.979597653718	
16263	2	31	1021.27396329365	
27057	1	20	678.91655536318	
12057	9	22	737.267778225833	
13025	6	11	403.290722483439	
15324	3	29	946.413012438646	
29335	4	46	1463.73306662949	
19837	7	9	337.340421349434	
17136	5	25	818.814326757013	
23474	5	15	531.245834068975	
12323	8	15	507.174585362512	
28079	5	16	551.146338056375	
29632	4	7	277.597634437307	
23366	6	30	964.510758633032	
13358	9	8	312.871070463616	
29004	10	44	1388.5759594797	
10020	9	11	406.790264065745	
28247	10	17	585.747173738548	
22685	10	9	345.966913488678	
12802	6	15	506.308769782218	
19593	1	30	985.087581065058	
29527	6	12	432.813928887627	
22433	1	27	883.734697775792	
20249	9	26	856.891906325189	
19641	9	4	198.065103719973	
25483	1	5	210.06800977982	
9319	4	43	1385.69397294228	
10482	1	5	213.619259360069	
16686	3	26	845.030707812417	
21253	6	2	134.342426086935	
9455	5	48	1513.01146249893	
24972	2	39	1263.50150092668	
22138	5	25	837.110474275942	
28756	3	14	483.629173600874	
17390	7	8	300.081392256581	
9634	2	3	148.826981963975	
8643	1	26	857.009668115997	
10406	7	32	1038.20524375802	
29039	2	17	575.783225715059	
27661	3	44	1400.26204487321	
28881	8	20	665.681485806443	
24788	7	49	1550.89633291163	
16427	6	9	331.249985178583	
9424	1	41	1302.17008081366	
11651	9	18	618.410304327687	
18393	9	36	1151.64378402366	
8281	8	37	1203.75267997559	
8926	4	31	1008.92546358003	
22933	7	12	432.089208602947	
15053	3	43	1376.90200940562	
27463	4	42	1351.90409794073	
29616	4	36	1165.4925142813	
15610	1	17	575.609996773121	
15244	4	48	1521.44038003005	
24796	10	11	400.028873197748	
20590	7	1	102.165668766091	
19294	4	5	217.539265517862	
28768	5	45	1422.02464903799	
8568	3	18	619.202674505861	
25545	8	7	273.222712703619	
12362	2	36	1160.71903949637	
21625	6	42	1330.11380726943	
12568	5	34	1092.30971353702	
29322	1	23	764.471900670078	
10948	3	18	618.234371570048	
19283	7	26	843.673084435832	
22182	8	41	1314.03586378043	
16275	5	44	1393.96846083643	
15040	6	22	744.429366376451	
14804	8	6	244.044088499641	
19635	5	18	611.566291363708	
13535	8	30	968.585020307724	
10781	6	1	89.9639480234887	
29002	8	16	545.704868615468	
16446	5	45	1440.62728397577	
12330	2	32	1034.19124815343	
18319	2	4	181.563943709044	
27580	2	37	1181.56461696213	
8067	9	8	318.481601997503	
19013	9	19	646.421319696317	
10926	3	18	606.315329804232	
11616	5	13	456.768509362251	
14842	6	43	1381.53005075712	
11001	4	33	1068.1286984068	
21130	2	10	382.438328146207	
20122	10	12	427.51894821763	
14439	4	23	767.891504153559	
29139	8	28	915.670094245891	
22458	5	3	163.600300403126	
17537	3	7	277.91572349049	
9681	6	48	1531.28771644611	
26393	2	32	1034.98501907801	
11023	8	14	499.002569252161	
16238	9	10	382.560513011441	
24317	3	8	319.543005376841	
10745	9	29	935.567678537018	
10062	5	16	538.586619374615	
23541	5	36	1166.77808450851	
15743	9	23	763.93570924361	
9744	6	43	1374.73721989185	
10945	8	45	1437.60792024322	
22356	10	44	1409.78421913916	
26154	10	9	344.496097203575	
18083	4	7	268.045120103306	
19113	5	26	845.335718041908	
23816	7	13	463.319077633004	
23670	10	36	1155.52856625781	
10824	6	1	109.905128157653	
29964	2	3	160.813096054277	
12467	7	30	965.837625044322	
25540	5	48	1520.60172505705	
12226	7	19	635.974648555729	
20847	7	37	1183.54304704049	
24128	3	50	1572.78135480954	
17637	3	40	1266.90738289939	
27672	7	24	783.950530134118	
8734	5	49	1548.5837565123	
26419	3	1	104.181015130217	
23963	9	13	462.03357252387	
23134	4	7	270.715423352418	
8048	8	3	155.781580282274	
26411	4	14	478.365769534542	
12389	5	41	1310.36816043331	
24497	7	16	546.513642885961	
15784	7	8	312.756372053528	
21882	1	37	1176.5812722857	
10826	10	16	549.582451055563	
19087	6	41	1307.40343501205	
28200	5	8	306.161863238626	
13234	3	17	585.059605438756	
13127	4	17	575.60462877881	
24412	4	18	614.785859200538	
20289	5	14	497.628907718523	
18128	8	16	543.744382105649	
23107	9	24	808.813399453095	
15245	8	24	796.531110665077	
28725	8	4	192.272412158676	
24622	7	37	1193.48493065382	
25461	3	8	302.792980364893	
29937	3	48	1519.1192505132	
8715	3	27	871.990381959821	
9026	6	22	737.986375995905	
26538	5	25	834.856998191614	
14639	9	24	797.762675358803	
12342	7	10	357.313998433442	
24420	9	30	975.313067890384	
12330	2	46	1451.44197203752	
21729	1	15	526.221214442617	
25572	8	21	715.653130112054	
28035	8	35	1135.59247524272	
14784	8	30	986.983922024716	
22890	7	15	514.405604244399	
28497	4	24	784.744511984635	
15903	10	17	573.220285891192	
21147	6	41	1298.95563960958	
14030	5	32	1039.24215070868	
16701	8	4	179.416058705848	
8812	2	44	1397.98245431761	
17561	4	49	1555.28874804978	
21885	7	40	1268.75444575621	
11277	7	48	1513.73662657744	
21568	2	46	1448.12513124576	
11486	2	44	1403.74326491903	
11276	4	37	1175.75349061552	
20070	8	13	470.232996265512	
24259	7	30	985.81586585651	
17681	1	5	218.345740837206	
16029	5	22	719.798664934839	
23707	9	26	843.967955356449	
11783	1	16	550.37627223431	
26532	3	20	671.678117975443	
16472	6	12	435.098825858486	
10947	8	44	1401.38803476532	
21069	7	16	542.914322010667	
27208	4	31	998.725041392597	
15830	7	31	1017.79520428637	
23832	7	39	1243.50877134293	
10235	10	17	592.605485074504	
24998	5	7	269.19964445252	
25389	3	29	937.443304163145	
24585	10	41	1325.13930024818	
22776	5	1	103.361236612946	
25020	9	20	671.750304899993	
18357	5	23	770.569387995903	
26988	2	37	1198.07568341404	
20309	7	3	141.199024534411	
23901	9	45	1430.0413472159	
20774	5	48	1524.40862182733	
16978	5	26	844.788742496068	
14066	1	43	1369.57124874441	
24301	3	21	697.115051959229	
11209	3	11	394.289957841062	
22520	2	39	1238.19618260404	
8438	10	19	634.038534608688	
14282	10	1	85.3826239357622	
17864	5	32	1023.86525071406	
13586	2	29	934.243111076878	
22985	2	39	1259.10350757609	
25143	9	11	407.529679093291	
18567	2	30	971.498132576932	
14585	4	25	836.967327053178	
29526	6	25	811.643307102678	
21524	4	40	1282.25325908617	
16076	8	6	245.276857877745	
23002	6	16	543.91435726728	
14690	7	19	631.885096166229	
23885	9	21	713.017569479075	
21356	7	8	321.830189973968	
9856	1	37	1174.4952444986	
23317	5	10	361.160435323212	
23547	10	44	1395.73337936575	
27535	3	37	1186.81057363134	
11187	3	38	1208.78280986509	
18242	3	21	697.845443886633	
28491	9	49	1543.61514550802	
8219	4	47	1490.37538996449	
21677	8	26	856.374826345767	
28942	4	21	713.173876923124	
19043	7	50	1577.67780720148	
10850	6	11	409.033971731101	
25572	8	36	1155.77451864061	
10330	10	8	293.937119009875	
12735	10	46	1475.00992243877	
20522	5	33	1074.39670661203	
25508	8	46	1453.26122027508	
20524	8	10	357.388160134381	
12954	9	24	796.902643254447	
11602	10	26	847.349500156636	
18201	8	16	537.531698074905	
21070	9	50	1574.85979067854	
9328	4	3	163.55209320949	
12526	3	50	1584.40526376684	
12437	10	7	265.075805981213	
27090	2	27	897.701511875587	
11315	3	4	180.475977109967	
11597	8	17	593.495993145507	
17963	7	12	421.107977526778	
8276	2	15	506.473447022249	
16975	6	8	306.655030728623	
28878	7	19	646.190587247811	
19779	1	32	1028.18145505534	
20589	8	37	1188.21115724193	
14982	8	12	429.913377328736	
11298	2	16	563.628307172856	
16918	1	50	1573.83786937866	
23290	10	34	1110.30447832789	
27306	6	24	785.507147975968	
12042	7	18	620.350738717406	
12159	6	21	690.423389100667	
16111	10	4	195.007233971268	
28725	8	6	247.490424368293	
25506	5	8	301.069234153754	
23594	3	40	1281.42570037461	
21677	8	50	1598.49570736219	
26884	5	44	1415.72361393633	
28707	10	18	623.030208043303	
18850	4	29	936.633384663907	
27651	3	7	287.856552474134	
12264	7	11	392.015637602664	
8276	2	7	266.526197132899	
21622	9	45	1434.98245291178	
15050	6	46	1465.66806932244	
28460	1	43	1384.29849189906	
15619	3	37	1199.63545382006	
12549	7	7	277.608342113722	
17856	10	44	1411.32811559892	
21601	9	31	1001.73476765013	
14999	7	11	391.081297989507	
25183	5	18	597.369466776666	
20203	1	32	1030.11915236251	
16010	2	36	1149.26741243772	
13674	3	12	429.901379323519	
22963	10	14	486.518846194501	
12892	2	31	1011.48721995367	
24358	3	30	980.852516675765	
8057	10	49	1567.56336139867	
25620	2	46	1464.02374168114	
24903	7	30	991.381615265916	
27284	5	34	1100.55883723337	
15217	9	12	422.956741947195	
22793	5	36	1171.88101215841	
21933	4	6	256.551904537041	
27133	10	6	236.926111055969	
19056	10	12	422.524464103637	
9360	7	44	1407.36936631024	
17600	1	46	1462.48285905574	
14778	10	10	382.979563392224	
20040	8	7	266.580098619023	
20561	8	33	1081.97789793926	
14032	6	36	1157.44576906666	
8707	2	39	1256.8626084816	
26687	2	5	213.251425052644	
20105	7	4	194.457809419584	
17367	8	2	120.128833595723	
14591	3	25	811.208134336028	
24888	8	36	1162.5133857329	
21033	2	44	1403.91266534287	
19900	7	25	830.277923508677	
21596	2	10	366.019965059133	
8811	8	6	242.509753779746	
25845	9	4	188.569710677755	
26854	1	13	474.425849986461	
13964	9	1	102.98127194074	
23474	5	39	1260.30423673815	
23636	7	19	645.739821533551	
15517	1	44	1417.58904504477	
19899	3	44	1414.55038795925	
19839	2	9	349.938480420941	
8693	3	21	697.643190686425	
18403	2	46	1448.16025253765	
21547	8	23	759.006466362163	
27655	7	49	1545.25176939799	
23656	1	24	787.297715240763	
14148	9	49	1569.05889565547	
21999	2	21	694.645184974487	
14700	2	39	1258.43054837474	
16511	1	41	1308.74195826647	
27925	1	32	1041.77402779543	
19827	9	44	1392.26608750982	
18613	1	12	415.125483057986	
25208	7	34	1108.34855220669	
20214	7	25	815.154669031107	
18531	5	28	909.103400050245	
26692	6	32	1039.92369771	
15516	6	43	1373.25654388091	
10043	3	31	1016.01598738507	
20498	1	8	315.443569903934	
23971	2	13	446.390012598778	
17996	2	7	280.279085617642	
10457	5	45	1418.33913094287	
14104	9	6	243.650696055801	
26353	2	21	713.745818172463	
17453	8	21	705.361650206783	
16371	8	29	938.049083453626	
27379	5	8	314.38703126944	
16634	6	23	777.455162171952	
10177	7	6	233.5706325963	
23270	5	17	576.621874317816	
19182	6	43	1376.78464257009	
26393	2	50	1589.78032126547	
22013	6	2	127.932471096484	
23712	7	2	113.041082971283	
12735	10	36	1168.9369079326	
19372	1	38	1233.81764540161	
19952	2	14	478.439302704502	
11095	9	41	1311.61083908361	
14784	8	32	1025.95370981188	
23595	7	5	225.398913764115	
15720	1	32	1025.48364862124	
22442	10	36	1152.77758596129	
23352	1	46	1453.77142746643	
14294	8	12	442.138637547446	
17287	3	32	1038.01183599886	
17932	5	49	1550.89448200115	
24023	4	22	734.161201573052	
25604	6	30	973.415041646648	
10241	8	36	1165.32244993622	
18970	4	20	663.057574230739	
14104	9	47	1487.04769285724	
26860	3	38	1229.72383414848	
25197	7	37	1182.14547514084	
22504	8	32	1048.16037536047	
10309	4	3	149.659394803298	
27792	3	27	879.304059743557	
27818	9	40	1284.50955648185	
23050	10	2	125.2606481897	
16964	3	28	919.890119191208	
20435	9	46	1449.24863178714	
8634	8	42	1334.67186438603	
13955	10	48	1517.19002280253	
29257	5	34	1104.85991577844	
21885	7	25	812.120083948653	
29818	10	39	1264.98938522534	
10904	9	44	1402.48576624435	
16019	6	10	367.193011961502	
18304	3	33	1075.30746923541	
15100	4	39	1246.21776109851	
21135	10	40	1275.28575464864	
24393	9	19	641.4843950055	
19125	4	3	141.645704797304	
27990	8	50	1590.06227757319	
22586	4	3	170.044656139819	
9653	4	31	1020.90636397754	
22186	3	22	727.501499656356	
11201	3	49	1564.56770347644	
17581	10	44	1401.51205850836	
29061	9	40	1275.7339821736	
17213	9	23	754.467168205635	
29638	2	7	283.887881880574	
24022	9	29	940.971989622792	
19532	7	38	1212.13271223574	
22260	9	36	1170.51305836556	
12579	9	21	689.574181460577	
12153	5	5	227.060808421607	
28524	10	14	487.634846124628	
26972	10	20	679.77209573601	
19147	5	49	1563.38168816798	
25517	3	10	369.632848189041	
29341	10	49	1549.30808891976	
23740	2	12	433.178654514802	
19158	5	13	471.720719892402	
21948	6	37	1176.70507802475	
13480	9	14	490.727049378085	
21997	2	34	1108.2936258187	
20470	2	2	127.917670182845	
13704	8	22	721.651343517774	
14484	7	23	777.149252322106	
14420	6	39	1235.52606975451	
23436	5	39	1263.70147003965	
11520	5	39	1258.85373233764	
11644	8	42	1327.19728054814	
10069	5	47	1490.03669528758	
10402	1	1	101.573179225239	
17856	10	45	1425.40198805994	
17875	4	39	1239.66155657529	
18122	4	34	1092.10081900102	
14153	5	1	107.254011382933	
9516	1	31	1022.15789514694	
14786	4	28	914.736356267117	
29950	6	47	1482.9974979735	
13732	1	13	449.526666016097	
11968	6	6	245.422950985573	
21013	6	39	1245.36074990656	
21347	2	13	473.699874763237	
27705	1	11	385.057310566798	
16744	4	48	1534.34685741288	
25019	3	5	202.545902488076	
23777	2	35	1117.92857680373	
22985	2	31	994.850920119719	
16678	2	40	1287.42091622549	
12552	5	34	1111.92578106743	
16859	10	29	956.584912909467	
29818	10	41	1325.97766572888	
13304	8	7	288.305740490698	
23573	4	40	1269.9249849049	
18831	4	14	493.357199548444	
26284	2	40	1279.31760676173	
22980	1	48	1512.61273815884	
14263	8	20	679.58382947351	
19812	5	28	922.916359958666	
24929	10	21	704.362806186249	
27124	3	2	120.207912419088	
19491	8	34	1090.76569816599	
23428	10	18	625.034149542932	
17137	9	38	1213.77470907465	
28788	10	41	1322.09601694816	
12578	10	36	1148.93987914032	
27775	2	26	864.172193400642	
11712	1	17	587.399251846317	
24222	1	31	995.534027123607	
13432	6	19	652.518084353077	
8885	10	18	621.223793021042	
26069	10	33	1054.89649192192	
8982	9	3	146.31059094626	
16582	4	50	1583.6519884987	
9911	10	8	306.297768906829	
13309	10	48	1531.34432811818	
13022	4	1	97.0271746148482	
27520	6	24	803.236315251904	
13641	8	4	193.570812769966	
16410	6	18	599.105441029698	
18308	9	39	1259.22067551837	
15714	7	8	320.675149634795	
8669	3	50	1576.28055381415	
28635	4	5	226.927951270215	
16927	4	13	450.612367638672	
25599	6	6	244.059029558701	
9129	2	44	1413.26743873454	
28432	1	6	235.477003155033	
23152	6	25	826.304357026845	
17098	7	44	1412.78321223929	
24998	5	4	194.641273224094	
16018	7	12	422.574065673432	
21105	2	50	1591.81999630845	
19534	2	26	858.634691787248	
16287	6	11	409.318753597009	
12675	8	23	754.657252819583	
16468	10	21	700.32660036363	
28415	2	26	859.925165688584	
9374	3	20	662.961293618642	
21867	8	13	465.406978272557	
24840	6	29	938.373709087434	
14064	4	18	610.529324957416	
29820	8	50	1599.31689299611	
8994	4	21	714.902831872414	
17455	8	17	570.701988046384	
29576	2	47	1501.68842098754	
14707	9	39	1259.66707478262	
26808	4	8	304.653751991994	
19777	6	32	1043.62721599807	
29512	2	16	562.012871430262	
8390	3	39	1262.29043214689	
11134	7	24	789.376422906935	
23201	2	16	566.013016703545	
12861	7	11	403.810918928967	
16651	7	32	1045.14213066788	
29910	10	44	1399.53276278429	
24603	4	35	1114.48514435183	
8016	3	14	478.106198272717	
15351	3	26	843.162341435981	
29619	1	36	1158.03698738946	
22692	5	42	1335.67244040578	
19720	5	21	708.695190245609	
29754	10	43	1361.09489481947	
9405	7	37	1182.75081488432	
18643	4	16	537.876811128984	
28210	4	7	278.649727347609	
20665	2	33	1063.07649561347	
13633	1	27	887.675899159012	
25741	5	39	1254.3332349017	
20255	6	36	1151.64051608725	
13951	2	28	911.017727754553	
20850	7	25	837.102008926264	
11094	10	5	220.275021633261	
21174	1	42	1328.16383449741	
27234	8	39	1260.73173194226	
21303	6	22	728.691350560957	
10642	6	8	321.358256638683	
11853	5	29	941.37772194174	
16907	5	39	1256.22596322383	
27113	9	16	548.923946651129	
15630	10	17	584.391954776082	
13462	3	37	1188.61368674255	
13189	6	24	791.849787156959	
17831	5	9	344.291485596584	
10728	10	5	230.492780092402	
27764	10	31	1005.26485031716	
9763	9	46	1456.56104896989	
21985	10	40	1268.00907737948	
17757	5	44	1413.49256111937	
29225	6	18	609.785990812716	
22641	2	39	1240.17210846775	
10056	3	8	302.220402090913	
23238	9	1	96.762824252603	
20276	8	34	1104.92430622919	
16005	5	22	729.734537866774	
10642	6	8	309.678518841825	
14940	7	26	849.434430137945	
8468	4	14	496.566078111793	
18003	4	6	257.026020743431	
19825	8	10	372.052260698775	
26991	4	15	518.61192537407	
17568	2	13	451.991175623606	
27935	3	19	650.320517090298	
11057	4	47	1491.98669991083	
22584	10	39	1250.99514367571	
14015	9	14	505.188423220622	
12837	8	19	649.101401273674	
9274	9	25	837.849182206136	
29487	4	22	743.079186986703	
14471	10	11	396.450780106918	
24847	7	36	1158.17450614561	
15556	8	6	253.107422410095	
27889	10	25	821.880235048886	
18331	8	10	374.238394784852	
20575	2	19	653.645032613373	
26999	7	5	227.058753663236	
29323	2	48	1516.84540308865	
28879	6	34	1096.80340922289	
27138	10	32	1032.25803479192	
13822	5	35	1132.61196081183	
17987	8	12	422.088678377722	
8271	10	44	1395.06741823399	
14909	1	33	1074.18333803964	
20082	10	22	724.547244088979	
12687	1	48	1511.4684076195	
15057	5	21	688.79732566364	
9812	4	25	820.339184673661	
18404	7	21	715.350715404074	
8413	5	20	678.429296630635	
29698	4	32	1031.05321310044	
9928	10	47	1479.25692042301	
27240	9	45	1424.79217852689	
28110	6	23	764.35170119831	
12423	7	30	964.173702525056	
24045	8	1	110.312021277059	
23607	3	5	212.400779152476	
16641	7	18	618.293169652248	
23798	3	27	899.863087246131	
17432	8	21	693.296341920875	
18610	9	41	1325.30435687178	
23668	2	12	436.163449043484	
26846	10	21	698.711866763752	
18486	4	18	604.929890392781	
19283	7	34	1097.04178101245	
25789	6	32	1051.61148466711	
18655	6	33	1067.06468605765	
18195	2	33	1080.34016704203	
15934	7	41	1322.52442946775	
27405	6	15	531.279273615814	
26409	3	17	582.675784203539	
25295	5	11	392.833115753174	
20115	4	42	1352.63102091506	
22427	4	33	1064.30804331988	
27612	5	22	724.414059931605	
26184	7	49	1549.96358232105	
16252	7	22	723.544507140082	
18788	8	30	977.807837583966	
16492	6	48	1525.77327300132	
28901	6	50	1580.51829229133	
23104	10	19	642.197818012069	
18605	2	40	1284.84923854696	
13701	7	48	1533.7506858696	
20899	2	6	239.419885575501	
21287	7	41	1312.02597388626	
24060	7	15	517.193859683906	
22052	6	42	1333.38232761872	
12104	2	34	1088.75572121179	
25819	4	46	1457.70653252383	
29440	7	9	343.926373507793	
28870	3	15	521.244253460897	
19104	1	38	1208.76558401099	
27735	7	21	696.98231584252	
14204	7	14	483.507067302012	
20364	7	41	1306.95367792014	
12707	7	23	776.448511768341	
21168	9	41	1323.37681161397	
10811	9	26	870.137527841207	
11406	8	50	1577.14155702719	
9890	1	40	1272.93575942187	
15225	8	15	524.403721561843	
19721	3	38	1208.45715862161	
29487	4	34	1097.81475520591	
26664	7	7	264.07144178826	
13347	4	4	175.753512427096	
17016	9	21	718.220097347265	
25722	4	5	206.625899507956	
23073	1	12	440.484135207014	
24007	8	2	119.937641266704	
23405	8	31	1014.210120204	
8516	5	30	986.767514136977	
11666	5	25	834.592941568509	
9641	4	21	692.519896650929	
29500	7	28	919.344794954799	
10854	3	2	131.098523908806	
26240	6	2	120.45511832482	
19844	7	14	502.412763173884	
22636	6	16	539.291981188251	
21534	2	27	892.903916506518	
27531	3	20	659.847921328548	
26808	4	41	1318.22915704838	
28120	1	50	1578.30896484587	
13683	4	38	1222.6336345182	
15085	7	33	1058.59805595996	
10778	1	1	90.0350201549172	
27481	5	30	973.910200192551	
29083	6	40	1295.85079991065	
17483	7	29	949.123953613045	
15276	8	43	1357.35436539974	
19386	2	49	1547.96554816326	
24861	7	8	306.586770707083	
24562	1	46	1453.40697929887	
22598	9	31	1000.66628055678	
17278	6	9	332.837513579446	
11023	8	35	1136.11457072949	
24663	2	32	1033.74065939046	
29964	2	7	267.034483341051	
23268	2	42	1349.67924408134	
12258	7	3	143.666373148405	
15056	6	20	673.805876538998	
12955	1	11	390.56796017595	
16095	2	30	972.898192411707	
29717	9	32	1048.81807994508	
16172	4	15	523.496412319828	
29019	7	29	957.158859370816	
19363	2	40	1286.65131189239	
21347	2	17	596.245687360058	
8838	3	43	1377.63752088772	
11520	5	12	432.408543393206	
25450	4	40	1266.49855959532	
22878	9	10	354.035748594457	
14181	9	26	864.084830425719	
21008	5	50	1577.23361133469	
9964	3	31	997.293635698638	
25565	4	49	1554.70660237349	
24217	8	16	546.094756715975	
29130	3	50	1585.82352410342	
25018	2	2	119.216699245952	
23680	3	6	254.036421633342	
23922	2	24	801.843312234545	
20115	4	31	1022.36929743661	
27359	9	26	857.501945894911	
12713	9	20	683.129769807276	
27434	6	4	171.972093103441	
17201	3	24	787.623349496919	
13552	8	35	1133.3605348381	
17127	8	45	1433.92666101173	
15602	5	12	439.682383071483	
29824	4	43	1383.23022422531	
29423	4	21	697.357864518351	
14465	2	46	1453.42063498377	
11917	4	23	752.733519092544	
27706	2	14	475.625608039846	
29239	3	8	299.098039967519	
11058	4	9	349.279961152598	
21696	1	12	425.330964636677	
18331	8	18	609.490884900787	
19021	3	23	779.137222198368	
23163	10	4	181.439196589142	
18829	4	11	403.383708262529	
14458	2	13	457.664512832493	
19546	10	48	1518.21327902293	
20484	10	17	596.715410219839	
9770	8	3	170.85580580442	
14826	6	40	1273.92979956881	
11512	3	32	1042.50194028136	
10577	1	46	1476.17336796418	
16422	6	1	83.3726448581427	
18061	6	10	378.130911205956	
15508	1	20	670.019814013513	
21874	3	32	1047.91713528704	
24957	10	5	227.817784095098	
13992	6	37	1175.642822448	
19944	1	29	941.82306091386	
10733	4	39	1251.43657910239	
22028	7	35	1133.06601428104	
18517	5	10	369.768422604431	
14420	6	29	956.84598684164	
11794	8	42	1335.87306282291	
24578	5	45	1423.79832453271	
9395	4	46	1452.72465088066	
17158	4	6	236.563304288575	
23246	3	50	1594.40729666241	
11462	6	42	1335.05067887486	
25842	9	44	1413.07792461155	
27318	3	37	1201.30222950191	
8154	2	13	468.459222385874	
29134	3	43	1358.13557136717	
24278	1	22	728.01367454604	
23742	10	38	1209.37563773681	
14384	1	48	1536.60387181519	
12646	9	27	886.68630190505	
20177	5	48	1537.77750265681	
27990	8	46	1450.65271337081	
14454	8	12	424.178799402052	
23682	4	34	1104.15601841368	
21770	2	9	340.786535675072	
23572	10	17	592.273964002856	
25801	1	14	498.042293534634	
25997	7	42	1345.12140921556	
8518	9	39	1257.18716687392	
23647	9	45	1430.55401615359	
25578	5	3	141.551471865527	
28981	2	24	793.210410211799	
14238	7	39	1249.44072923131	
24537	8	41	1305.60285088867	
26620	3	37	1177.09069664455	
23199	5	35	1133.80254712599	
12035	3	19	647.661460865131	
13825	3	25	816.213946871559	
21350	4	2	135.562542032247	
25208	7	39	1252.64489805915	
11225	7	32	1043.26415937546	
17319	10	10	357.640872056429	
15057	5	16	550.65905738187	
27124	3	8	301.101208543918	
27371	3	48	1523.80598236053	
23961	9	26	861.664731344983	
11764	1	10	357.777881192871	
9340	2	3	152.627570066893	
22989	7	19	654.04271789549	
19884	5	4	198.037796597014	
9437	4	29	955.358970312103	
29520	6	23	768.755273469144	
20521	4	22	733.415942198325	
21013	6	6	241.230833381988	
29726	3	7	290.040281438287	
8918	2	41	1324.99010907718	
12136	2	18	597.644261511808	
10185	1	5	227.280560688712	
22936	10	27	872.279478605967	
9335	5	43	1377.49445860157	
19952	2	16	538.803693307007	
28699	7	50	1590.75165360735	
29689	2	6	246.611157658794	
8067	9	1	102.170634727073	
8918	2	4	175.011832423048	
19480	3	27	881.19688645061	
21245	9	3	165.609949643542	
15691	9	4	187.475073722878	
15465	9	1	104.211532857368	
23411	4	29	934.656675259889	
25175	8	24	790.474110502039	
8634	8	48	1511.79972767448	
19036	3	36	1153.81309570457	
17110	8	10	363.958973756041	
18382	7	45	1443.42214252959	
27867	5	39	1260.13663060038	
16427	6	30	979.993655988944	
22636	6	5	203.077590858134	
29374	6	37	1180.35003605315	
25930	4	33	1079.12180433009	
11451	9	8	314.496082809985	
29689	2	12	425.414723467741	
18862	8	23	771.078691320065	
11127	9	35	1139.1493702769	
15874	8	16	555.195045841483	
20568	2	30	972.796198396383	
29670	2	2	139.794468013474	
19816	6	34	1088.20989584933	
26912	2	34	1095.56256945038	
12465	3	46	1452.10058756736	
9455	5	18	616.158285614177	
16557	9	14	500.380900176419	
19751	4	49	1543.93446826559	
20011	9	10	358.068083430672	
18534	9	24	793.84120475214	
16213	6	32	1052.51250576811	
18081	8	4	191.029714397634	
25052	10	15	528.488422654797	
13544	4	5	206.08937612087	
22218	5	22	722.609095909916	
29686	5	23	776.054781701441	
20453	7	6	250.302807469993	
16458	5	2	128.416037209526	
28109	4	41	1319.3860426356	
12851	8	31	1007.56368609497	
15019	2	32	1043.55924263762	
19039	3	38	1214.94217776458	
14778	10	13	449.456968442284	
16768	8	11	397.808690852397	
16811	5	19	629.903650837906	
18530	1	12	424.996453088241	
16560	9	13	474.566670653674	
17545	5	19	646.930524635562	
14501	10	44	1393.15767427588	
28503	1	35	1142.99837579159	
27764	10	4	193.388969839266	
16413	4	27	899.672962287289	
8822	4	21	707.46178738189	
25362	10	36	1146.97558888559	
15661	4	24	802.215634026665	
28181	9	25	821.402418437136	
17030	4	20	677.400053794216	
9770	8	21	691.912504272495	
11912	2	6	252.110945290006	
20097	4	11	398.498389645712	
17537	3	10	370.09321032562	
8485	3	49	1567.86525940889	
23271	3	27	875.745012273893	
23040	8	36	1170.1177690039	
19156	4	13	470.909636761485	
24174	5	36	1149.10691620275	
28387	6	15	531.505233334147	
13605	1	50	1596.98821473726	
18191	3	16	537.740940143234	
11430	10	10	383.067022628648	
17730	1	3	144.193275339991	
17447	2	10	376.998686258215	
13432	6	32	1051.69264868446	
10609	3	5	211.585684181929	
19295	4	34	1111.63580320386	
16910	6	43	1357.8540206318	
18130	2	40	1290.33749957119	
9025	9	23	770.401204996929	
12623	4	16	545.658918612478	
11653	10	34	1107.10413447912	
28602	4	5	221.591614960503	
28541	10	46	1453.45037554086	
13702	7	5	230.776793989715	
21866	4	25	815.069707639082	
25641	2	20	680.452234912874	
26068	2	6	232.839543480817	
9666	9	34	1083.56792701574	
18112	4	30	981.512833769206	
16718	10	31	1003.8737420942	
26542	1	47	1501.20667747278	
14467	3	4	178.654727907225	
26501	1	36	1158.3903031975	
13518	2	46	1476.30509191952	
23409	9	31	1000.88765298989	
25187	6	21	717.470475769355	
9704	1	33	1075.69398322873	
27620	1	12	419.197165490686	
