idEmpleado	idDepartamento	ventas	importe	
29471	9	7	270.411554812645	
29721	7	31	1007.75190918136	
17239	5	9	340.288493530959	
29822	4	44	1400.8563506421	
8039	8	48	1527.1556143496	
10316	1	49	1543.62998181192	
26420	2	8	321.964203678986	
27354	4	40	1274.27783231916	
29361	4	31	1003.00415603584	
11473	10	33	1058.62659183267	
15677	3	32	1051.93431672265	
13803	3	28	924.115331640521	
25645	4	50	1576.78798924051	
19470	6	30	970.498216939391	
24925	3	22	718.994713648686	
24360	1	30	974.585788890061	
11465	7	30	969.6346252829	
19156	4	7	268.913194289856	
15788	1	19	631.289008851763	
16045	1	19	633.091231544079	
28189	5	30	981.325590992964	
14430	10	14	485.108655544514	
13025	6	11	401.557100266943	
22643	2	17	589.812585725362	
15494	4	29	957.200622706302	
29480	1	32	1030.81305268724	
16261	9	37	1188.82517821566	
10985	6	24	802.636215390002	
25509	6	41	1307.5117603445	
28752	10	32	1022.99358937097	
17339	3	38	1230.79082423392	
12892	2	48	1531.89427361446	
25884	8	49	1552.4124919029	
19055	4	50	1570.43298611903	
29907	6	1	93.1543309302788	
26427	1	47	1501.0441349731	
18365	7	19	627.55866757946	
9549	7	17	591.586000039981	
26124	1	18	609.220608793768	
27176	3	44	1393.16527256424	
25217	8	30	974.806196584742	
24889	1	33	1073.15382482165	
23585	8	4	197.545830252369	
9143	6	48	1527.75059748802	
23592	7	33	1069.14271564649	
15305	3	50	1580.17798311085	
16053	4	27	885.217092337654	
23792	4	31	1014.4278403625	
21622	9	4	173.931492424538	
23437	8	21	691.731292703995	
9893	5	47	1492.25245314289	
16859	10	14	483.201619648934	
10081	10	38	1233.02882132727	
28863	9	12	430.530600412996	
16496	3	27	894.991306110747	
24321	7	43	1385.30289926813	
11622	5	20	686.194808914417	
11584	4	42	1350.4759078056	
24313	8	15	523.655727935795	
26177	7	17	576.342561662357	
16084	3	12	434.804803596253	
12387	1	35	1119.32798828898	
27366	8	49	1566.76607197466	
12069	6	50	1580.01056666486	
18560	8	45	1427.83576759875	
24796	10	35	1120.04004310818	
28720	9	30	971.70283973762	
24061	9	1	86.3550031214743	
24744	10	29	957.343886009112	
28461	5	25	817.950578675582	
23607	3	12	427.027121310601	
10350	1	13	458.048625242919	
27519	4	39	1259.69258549609	
25274	2	25	838.123736287525	
26864	3	39	1258.28503495934	
25654	8	47	1508.17176617131	
29479	8	10	367.562825292145	
13641	8	13	473.806502778924	
22391	2	35	1120.66987007888	
13474	1	30	977.022639595448	
28537	4	5	225.595960349588	
22581	9	6	254.397337853162	
23611	1	21	708.704722965464	
19207	1	21	695.780467640506	
17413	3	35	1130.74113622808	
27919	9	25	827.589204584988	
29081	8	10	378.86545228719	
12724	5	37	1201.88189148991	
19642	7	23	755.441680008286	
9133	4	8	307.851431662148	
20323	7	27	894.849326058686	
28068	2	27	877.082759773863	
19987	8	3	147.930272104186	
11089	1	2	112.878047131411	
19623	3	32	1038.36046896799	
27861	6	46	1455.47820829576	
13474	1	34	1106.387752847	
14543	5	5	217.535263587504	
9475	3	4	179.914829889273	
17363	2	49	1549.1026725383	
17065	2	21	688.475143373234	
20935	6	27	878.862089216179	
26724	4	2	137.08395435339	
13756	8	29	955.980913748956	
14354	6	9	344.704171393395	
14909	1	35	1114.20382789998	
23043	6	25	823.509034152845	
17864	5	13	474.905085039747	
29871	9	23	772.245565453659	
15664	10	30	986.819539939435	
17582	4	34	1097.74007397599	
11365	10	7	292.388306135493	
11986	1	8	309.806037726722	
20924	1	36	1146.63308834035	
23543	10	12	430.746601312769	
19721	3	6	260.407465743091	
9882	2	14	490.623265323519	
11501	3	29	950.98560433415	
10926	3	15	529.269430436785	
13426	10	20	680.246563013758	
27845	8	25	821.174590820994	
25659	2	43	1369.82094824771	
9159	6	28	930.913323113189	
13081	9	22	729.492454346964	
13784	3	48	1523.1012526169	
21568	2	36	1149.94436153674	
11847	2	11	390.118353138733	
27969	1	38	1226.81453836468	
25969	10	44	1399.76326731954	
17286	7	44	1402.80682666358	
14229	5	14	481.784013324317	
20387	10	5	230.027561704641	
18676	3	10	373.891672889652	
13188	10	36	1171.56719754057	
24026	3	10	368.547496222215	
29914	5	29	946.733871133409	
9025	9	4	197.313383499772	
26276	3	42	1352.72380921651	
23227	2	12	431.076296247112	
21473	2	1	96.5373083281039	
8571	4	1	84.080170432143	
28537	4	47	1503.96036724744	
12753	4	15	509.636326036247	
21065	7	43	1368.62214006885	
26280	6	25	810.111357686162	
24998	5	20	682.461019923194	
14335	3	19	647.276722047141	
29266	3	18	601.29718376384	
20471	5	40	1282.13144581864	
19967	1	26	857.953003224895	
27295	1	32	1044.85494297224	
20073	10	6	235.402148512845	
25994	3	40	1288.26583315072	
8145	7	34	1099.66826687551	
23187	2	24	807.928081717309	
18678	2	28	918.654195125519	
25014	10	49	1547.94876610299	
14778	10	31	1007.59150000643	
13680	8	32	1032.87966113206	
17306	3	24	794.759809856657	
29941	5	24	804.085474761243	
24520	1	37	1196.69449578817	
29307	4	20	675.141817720207	
12178	9	30	969.438738790079	
24606	8	17	585.035526615118	
17845	1	29	947.712512271345	
17584	4	48	1518.49663324584	
15276	8	22	738.238840186148	
20801	8	26	858.085592118132	
28611	2	34	1084.01273017936	
28295	10	3	143.094082243319	
28472	1	22	737.899456107011	
9516	1	18	599.909308087038	
23047	3	15	512.732122108681	
23080	10	20	676.166392581615	
29266	3	28	917.21422357355	
10905	8	29	940.184622211468	
21684	7	36	1162.29118304434	
19009	7	48	1519.3810966608	
17030	4	28	920.640232693702	
14481	4	17	582.667639489597	
10884	2	44	1388.82116937489	
21142	10	49	1544.68309254604	
20324	10	18	621.810264094644	
26409	3	12	437.951883691341	
13122	5	9	326.381864811472	
18861	4	16	541.761728553922	
22897	4	27	874.223406014137	
22486	4	12	443.639115823265	
8574	9	32	1049.8933010967	
15167	3	31	998.785105030418	
24011	5	24	789.721883493346	
26202	10	11	399.844148084449	
19532	7	39	1236.31648639045	
27885	10	27	892.451833566861	
26692	6	14	487.385674643976	
25181	1	28	908.818549527237	
26548	7	35	1140.19758724617	
8681	9	26	863.586613453732	
27216	4	46	1462.39884541482	
15496	9	23	763.964386677353	
29685	10	48	1509.03788186099	
24566	7	42	1343.21159164571	
17775	9	7	278.118715639281	
19876	10	24	794.858920981576	
14465	2	11	386.955486865228	
22598	9	39	1235.49284042581	
12325	8	26	855.533711042038	
19189	7	14	503.5018742939	
19827	9	47	1490.71385814376	
26818	1	50	1578.46957291405	
26895	9	13	465.657583058652	
17367	8	34	1088.21040334562	
26374	1	4	192.239428438358	
8574	9	7	292.09217036706	
29001	4	31	1015.26430538635	
13839	1	39	1252.01140324213	
22072	2	2	133.331553625563	
19028	9	18	611.486855098739	
28999	8	9	338.653661803647	
24630	6	14	485.950783717423	
27898	8	22	724.273227231704	
24110	9	10	374.599724362884	
20126	10	44	1408.19229102144	
28793	10	3	165.227625148943	
26130	1	29	953.372198749973	
22119	10	12	418.055308022562	
14138	6	30	963.592821696584	
11518	1	38	1220.28028854182	
9279	3	7	268.780717937639	
23570	1	1	88.3956740463132	
8191	6	44	1399.9870349653	
14738	7	10	378.704569590606	
14212	3	2	136.982251245986	
16989	10	6	236.675846016349	
18178	3	20	673.629757628604	
27278	6	2	125.609577729185	
22941	4	42	1346.56437690675	
20658	6	45	1426.95134311307	
21925	1	2	130.996396826113	
29680	5	21	690.889024385665	
17007	5	40	1286.22801751188	
24045	8	13	450.721531720237	
12826	7	16	552.925257679506	
12333	1	33	1071.42372818264	
28802	5	18	613.127521971766	
27123	3	41	1301.51148014772	
8812	2	7	287.604719646091	
11001	4	32	1024.22431602339	
19227	2	46	1477.18752818051	
27301	6	25	835.374271401844	
19289	9	26	855.486995901674	
25993	3	18	608.710732147429	
16728	1	18	604.932951650085	
22858	2	33	1056.44806169739	
29257	5	2	119.691159445649	
28537	4	38	1214.43815749811	
22720	8	48	1535.01930062427	
22148	2	4	192.891090490339	
17750	7	45	1441.4867222316	
21240	10	49	1568.90017884267	
10766	6	9	351.900018729223	
26542	1	39	1235.25342250022	
16845	4	8	314.721156356261	
11614	3	47	1482.31818409745	
28384	6	6	258.482537948751	
28183	1	3	166.953013468046	
11008	9	32	1031.22815209964	
13452	3	49	1555.56358242201	
27293	10	38	1218.46241273846	
13647	3	30	969.654727657165	
14879	8	47	1505.44702633538	
11739	4	8	306.380210512495	
14786	4	16	560.490458272626	
18906	2	39	1247.76463741798	
23682	4	24	799.722766205539	
8325	8	9	353.551695511468	
24350	5	45	1421.67446668338	
25596	5	12	416.768562838793	
11523	2	36	1152.10010317718	
13358	9	39	1251.86071860225	
28432	1	5	210.450588376471	
13034	2	49	1539.36850567319	
25688	1	42	1343.09276036131	
27921	5	32	1033.4064465358	
27555	2	25	832.90867814464	
8045	2	27	871.276302817872	
13742	10	43	1373.77161794052	
10776	10	20	680.534189548592	
18139	3	4	196.984686570701	
17308	6	33	1059.19160013049	
18697	9	4	190.590277104913	
13022	4	38	1233.67328641642	
22207	1	50	1585.46462088146	
16642	5	3	162.096217983447	
20182	4	12	418.989005656442	
22672	5	2	130.974595011666	
15476	1	5	216.000375363976	
27584	2	20	670.60707358206	
14120	10	27	892.941190233892	
17894	4	15	526.174508503719	
24439	2	9	350.283328048085	
19553	5	9	332.041137224082	
25620	2	44	1405.76190328494	
17717	8	17	587.532800523347	
19944	1	28	929.927245066467	
29060	5	19	629.106785389179	
26097	4	2	128.220273874803	
28400	4	29	957.168314232104	
12587	5	9	336.725295491854	
10520	10	43	1366.13946393418	
28046	10	44	1392.76369081473	
28668	5	37	1198.25073778548	
15960	6	19	640.790987313162	
23303	2	7	269.626003629354	
25975	8	45	1438.44959046619	
19009	7	11	412.531513056034	
26800	5	47	1492.16066213891	
28497	4	27	881.314709820466	
9107	3	22	729.409505952806	
15990	1	30	987.206235130879	
17159	8	11	393.181395527526	
12970	10	12	430.693962551045	
13434	9	45	1438.57889585131	
15413	1	6	239.270812607962	
19507	7	26	859.064450552252	
16038	2	9	351.773739918961	
28223	8	8	320.91558963103	
22775	8	14	478.394240289179	
18853	9	28	908.77563176154	
18855	8	22	748.748171193874	
20727	8	5	217.551320147492	
9337	4	25	831.067393101318	
21854	6	35	1123.8273726049	
17918	8	21	705.925594673457	
28114	4	30	981.577390554164	
22440	10	47	1478.40945115239	
13046	8	5	213.606602388251	
27641	7	25	835.559959837962	
29514	8	4	183.479201469328	
25830	6	7	283.801892755461	
25917	2	25	823.056028943069	
14420	6	14	496.603303708417	
17509	9	12	423.808894056738	
24413	9	12	430.84522263652	
13958	6	40	1266.42790931576	
12700	6	17	592.339539319435	
26892	8	20	672.882299103254	
8511	8	44	1395.83861725211	
23399	4	9	323.646627517253	
29060	5	1	86.4574926004081	
16858	9	6	238.813932872756	
18402	10	29	934.68566554351	
21725	8	49	1541.19756762925	
27147	1	47	1505.73495510301	
22455	10	5	212.993112976194	
11095	9	48	1519.58936549704	
19039	3	14	493.462241372774	
11110	10	39	1246.49109067698	
18070	10	42	1328.4683499711	
12210	6	20	658.153505147506	
22399	10	11	388.191195758149	
23043	6	39	1249.82603358562	
20363	2	2	128.392682470564	
18127	7	37	1187.97712429798	
10987	10	38	1228.58814378669	
20126	10	19	641.696297713414	
27149	2	3	154.423365180578	
20856	6	48	1534.8653926397	
23131	7	27	888.04861307519	
21598	2	49	1560.04013931381	
19899	3	7	278.924910667783	
13504	6	22	736.600702300948	
13718	6	23	777.835508351138	
26912	2	15	525.607613197345	
8261	4	6	244.15020618781	
8311	5	47	1496.57809181911	
14894	3	1	86.8850684943074	
8219	4	34	1087.73367321479	
29002	8	17	572.842903292199	
8223	4	9	346.724911232816	
19536	2	40	1278.89144081571	
26258	9	15	525.076972378919	
20526	4	6	234.747612771926	
8048	8	28	902.318139161131	
12881	2	17	589.934238321117	
11398	7	27	882.865654603981	
29134	3	27	889.869825472063	
22051	7	38	1218.09241750189	
26372	4	17	572.932481697263	
12913	5	33	1061.98802505712	
23750	7	33	1064.94720977961	
26558	6	17	567.115511711275	
26107	4	34	1107.09160986687	
19386	2	35	1125.32569632182	
20057	7	47	1495.61069699731	
29052	1	36	1173.22999535745	
25513	1	13	448.210621237853	
17996	2	25	835.831769758757	
26771	2	24	802.25707884983	
8986	9	21	704.731611602349	
28629	9	15	517.916174138857	
29717	9	22	738.016906463549	
20085	3	17	587.790004176921	
14243	4	10	363.606488203447	
15075	1	44	1407.53258193262	
28998	10	34	1102.21323057181	
28901	6	6	236.850157192373	
18391	5	34	1095.58995443191	
26075	9	42	1341.5847489152	
24527	8	8	316.415021157085	
26740	10	48	1512.70429700273	
8242	5	31	1005.72856815799	
10822	3	23	753.648187384777	
13534	9	33	1061.74343873828	
23602	1	30	979.262064331799	
26431	10	46	1463.11422337923	
11148	3	34	1095.0784208137	
25215	5	25	826.074543309433	
20722	9	20	678.042885976864	
15404	1	12	425.722489182708	
14181	9	42	1351.82647224135	
27843	5	16	536.33094767869	
19115	4	32	1041.93291094244	
20207	9	45	1426.06058801807	
22633	7	17	575.092929534192	
28029	5	41	1311.80939895651	
17297	9	38	1229.50909243408	
12043	1	39	1252.50981202932	
25997	7	19	629.996916200033	
24811	9	20	670.920210830364	
28463	3	35	1128.36747058126	
11572	7	26	851.05329873555	
19613	2	10	365.476594364958	
18906	2	46	1468.11129168985	
16095	2	45	1428.80873709396	
21978	8	18	620.874534352158	
28602	4	48	1537.286968202	
22902	8	46	1471.14112456848	
25705	10	34	1094.78555722851	
22584	10	34	1087.72100774931	
9088	7	22	726.015497411609	
25660	4	44	1394.27987104015	
14480	10	46	1476.50766858668	
20589	8	9	336.517460540178	
12784	7	36	1149.28372805439	
20489	4	2	139.218641621628	
28079	5	44	1413.4673243265	
21198	4	2	125.348171128588	
22895	8	5	226.063631990023	
27321	6	2	112.496473618083	
9433	3	3	158.151574543748	
29499	10	38	1222.13607792842	
12337	1	6	237.788883781894	
18549	5	13	456.534589667122	
10925	10	29	952.905139360998	
13068	1	50	1581.58522646017	
19751	4	41	1296.08399552111	
16804	2	23	761.729416158856	
21009	5	44	1388.51355866925	
29075	5	4	175.723182976117	
23668	2	46	1472.70413813773	
10015	6	17	584.340345163057	
24077	9	16	545.593038231876	
13072	5	23	750.664538084839	
15413	1	24	788.04755057583	
16398	10	22	741.650998267183	
25589	5	22	720.251973793028	
17750	7	27	885.536895694927	
13976	6	38	1232.93470164432	
22902	8	12	438.38752997964	
13991	4	48	1525.82725517723	
23848	1	38	1223.93729624522	
20732	5	42	1331.28898608093	
26155	2	37	1190.32187822756	
26957	7	41	1299.7069917711	
21585	4	49	1557.5466012012	
24785	10	20	659.823279092006	
13795	9	24	785.415450402263	
12623	4	10	356.776859963675	
28460	1	15	515.874287912564	
24723	3	47	1498.34207463001	
19331	10	37	1184.16092130549	
13756	8	34	1106.44618003929	
24091	6	18	597.50044258195	
14043	10	17	592.768636286617	
9879	4	47	1506.23139265284	
14925	5	21	693.264414953657	
23268	2	48	1508.94200469784	
14091	2	17	595.206152328852	
25638	6	45	1447.22351063379	
27420	5	28	924.790538831051	
16357	6	26	855.557552043143	
27605	3	3	162.627565899225	
18800	9	31	999.062374252389	
22455	10	38	1215.01686961158	
8280	8	5	221.675152248552	
26819	7	28	928.686832808278	
27936	10	24	805.843130501845	
15923	1	36	1148.46990996435	
15690	9	14	487.632729787208	
18913	5	31	1018.9666678286	
14706	10	18	607.930428631571	
14772	3	14	492.413469484268	
16029	5	44	1387.67610201038	
16392	5	4	186.669218440852	
21692	9	15	534.21427829853	
26917	2	47	1490.84709184749	
28366	10	19	647.467005554338	
18850	4	23	756.827597896023	
8938	2	31	995.358538159802	
14915	7	31	1001.76194736816	
17958	9	17	590.668545118844	
26785	4	14	484.952556195181	
8557	10	29	952.639270756691	
20722	9	7	277.381108346107	
11563	5	10	368.543216832235	
16801	9	33	1077.89416512376	
11130	4	49	1548.09259564993	
20671	7	6	237.895901798222	
12757	1	27	881.816157922994	
21828	1	2	128.386583313526	
16092	6	25	811.309969095192	
11654	7	10	370.330743366075	
12632	1	43	1385.71119101053	
18604	10	34	1113.59699114859	
14548	1	23	750.269703134089	
27973	6	35	1141.30973034599	
15073	9	11	412.226611828537	
10708	6	50	1575.30500861597	
17506	7	36	1158.03183952255	
18388	5	21	708.859768392919	
29084	7	46	1453.98014859016	
16385	1	39	1236.94554043792	
10987	10	46	1469.14413017647	
19507	7	34	1096.90762008396	
19870	4	30	970.411645998439	
21871	8	23	771.747451821224	
23756	10	41	1318.77007802891	
19294	4	14	490.831224141098	
11567	3	2	138.554357988087	
27587	4	1	95.3843008053416	
20262	7	2	125.797409399318	
29601	5	25	832.114406801814	
23884	10	37	1199.84761416905	
16686	3	15	525.461563265632	
23392	7	11	414.121993712206	
14430	10	13	450.604995847961	
26931	1	25	809.988295142533	
10500	7	24	801.681265906282	
26462	9	28	926.473652779345	
18090	1	22	743.780987124788	
29650	2	30	980.594237158352	
25703	2	19	647.947228703623	
11183	3	9	346.653752041354	
9851	10	12	439.246146473683	
19120	7	7	287.656698733408	
27428	4	8	317.599685265496	
20645	6	21	706.702278473742	
15088	4	10	354.079110861793	
20848	4	32	1036.39951530676	
18807	5	31	992.904547952537	
16313	3	36	1158.62048001896	
10367	10	20	672.161996938364	
26134	2	37	1198.79575837347	
29918	3	10	366.498769766883	
14229	5	36	1147.781798778	
24892	4	29	953.723004680929	
18044	7	18	615.808426018715	
12156	5	46	1455.73165067273	
25659	2	28	906.969462347668	
8891	2	37	1196.79576501101	
19014	7	43	1359.12408709485	
29548	9	35	1137.26137150883	
21592	2	4	179.341543810135	
21172	10	26	866.431857117653	
17847	3	1	82.5891739142077	
21754	10	50	1579.19556229338	
26409	3	23	770.483129197025	
26248	10	29	940.249627744895	
12979	6	24	779.474997436383	
23435	2	10	379.664707286127	
13591	2	11	411.32143520346	
16360	5	38	1210.54534592225	
21306	9	22	728.83135583663	
26406	7	14	494.25085239776	
20756	1	42	1328.26553123457	
23019	6	27	886.032919886537	
9664	7	30	970.291788396562	
9407	8	34	1109.89798370278	
15610	1	27	889.250921350555	
21888	1	22	732.811960732942	
25659	2	3	145.045173347483	
9911	10	32	1044.69096716712	
26087	3	33	1054.43170883434	
18096	10	22	745.64981003555	
8406	8	16	536.763820786385	
26411	4	33	1053.63541246095	
9337	4	38	1233.31864842834	
18311	6	28	913.348844402167	
28894	6	30	977.679764487631	
25508	8	33	1060.39898903128	
12644	7	45	1434.79656982925	
23047	3	29	954.256644469805	
8891	2	47	1494.71180355861	
16206	10	42	1329.67788776833	
18996	7	30	984.656900029935	
26912	2	45	1443.33286564952	
21635	5	16	548.605684893488	
8632	3	33	1080.2218949237	
24045	8	12	436.656972559475	
16812	1	8	308.46113644003	
24718	8	36	1147.11655606847	
26276	3	43	1366.45265072885	
14485	2	37	1174.60411342541	
21467	7	22	736.734808020636	
26495	6	20	661.583112749077	
20291	9	49	1548.0751340967	
23312	9	49	1543.33064110173	
22378	2	24	784.544905975715	
16038	2	19	638.233238532316	
13715	10	9	341.748878891463	
12104	2	50	1583.43121628437	
10925	10	34	1105.91044231593	
28334	5	19	646.480729322173	
19800	8	6	254.157501614726	
8219	4	35	1131.75059166353	
24217	8	11	394.433119927735	
29366	5	3	162.829662674493	
10917	1	32	1033.69173377459	
25296	10	11	409.668036331268	
27267	5	19	628.953761453253	
17856	10	12	425.87691386504	
19580	2	46	1457.13428479486	
29055	2	49	1562.56986325726	
27267	5	41	1319.07600840511	
22883	5	16	544.868137456881	
9766	5	33	1057.06479073365	
28277	5	41	1315.83354236364	
18740	6	31	999.153468068295	
18388	5	34	1109.59395236782	
26372	4	47	1484.93266558504	
25789	6	12	417.42723499305	
14203	2	47	1490.06989347286	
21090	2	23	753.241011143309	
26620	3	20	660.789784910525	
26866	8	37	1185.69540466447	
17677	10	10	378.592522618637	
18038	9	46	1470.08685374171	
20486	8	11	397.696900813699	
10155	8	3	164.066697286473	
25821	6	17	588.688686689683	
10262	3	34	1110.30477135922	
28972	2	15	528.773742452624	
23187	2	10	355.11560586985	
17408	7	21	715.930885596169	
27582	9	33	1076.96777274691	
18132	8	11	408.886127513315	
20286	9	11	387.775915147632	
24717	10	41	1320.55430194389	
26462	9	7	277.927296104807	
26576	4	20	670.223780102201	
11937	1	43	1360.50320297503	
29107	1	35	1114.9139511189	
22902	8	23	750.553858592433	
13944	4	44	1407.70321110622	
27044	4	47	1482.58422257499	
26783	7	40	1289.98227127361	
26518	5	44	1403.88278747158	
9964	3	46	1455.5281050203	
14769	4	7	271.866670563755	
8615	10	37	1204.51832201542	
13122	5	8	312.241591733062	
11701	2	18	624.177173033439	
28444	3	40	1274.95095360789	
29908	2	23	753.300572947273	
11907	9	48	1524.32164389841	
12747	3	4	173.361322811507	
15515	3	12	432.669431172623	
25827	6	50	1585.69094441165	
15369	6	20	668.462096950254	
21219	2	25	833.158069044891	
20326	6	15	524.346266186026	
20863	3	43	1365.13276186079	
19727	5	29	949.625036488112	
22093	8	45	1420.97934964159	
15161	7	35	1118.64899009403	
29395	1	47	1497.10317141242	
26463	3	37	1182.01867892501	
28010	10	28	926.638977661095	
23792	4	8	322.108235658197	
27274	1	5	215.982009943566	
9405	7	23	749.288875586022	
13225	1	50	1595.27924041975	
22639	3	24	801.226171963488	
29953	1	15	519.370172265624	
21090	2	5	204.429462610013	
18038	9	28	902.513283874147	
14006	5	25	819.516034880428	
8827	1	29	945.537800037087	
17032	5	23	778.205562335535	
13906	5	47	1495.71313339086	
13350	10	17	574.709735147054	
28670	4	1	94.5587487214053	
18704	10	5	205.830230249944	
16486	10	16	559.54837527105	
11238	2	10	356.447094956621	
29292	10	16	566.127598325781	
16936	5	26	853.822788844734	
22533	9	37	1201.81503292258	
24884	7	24	791.609241697755	
29754	10	30	983.606449935402	
13266	6	50	1576.21669634069	
12555	6	11	402.084970735984	
29409	9	22	732.092204993634	
20476	9	32	1044.76922705992	
19906	8	5	225.877513916175	
17847	3	50	1595.37044111424	
29423	4	6	245.28891463079	
29225	6	28	929.574508950847	
26707	3	10	369.054221012189	
17028	10	50	1585.48105116257	
18659	1	4	187.963592348603	
9567	1	16	557.243809810487	
25339	5	38	1213.41986936211	
14167	7	2	135.884660620189	
21306	9	15	535.2294464294	
8538	4	8	316.962351313309	
12142	5	45	1422.95100106995	
11943	4	25	835.580781342267	
15942	4	19	628.871110337261	
12558	7	21	701.808360024266	
20705	9	29	953.84528793108	
29553	5	34	1087.13163113554	
13934	2	27	887.485382076113	
26393	2	23	772.748963559395	
14713	5	9	338.448333897837	
24618	4	15	509.787517464621	
11130	4	39	1239.30253161085	
23319	3	13	470.076661217062	
27649	6	36	1144.53225468496	
23223	5	19	632.521391768251	
16984	9	22	723.280382567682	
29889	9	50	1580.20364600243	
13607	1	5	215.02973596334	
29932	10	29	938.501785722795	
11457	2	6	239.765313602875	
24432	1	12	427.203904850038	
21174	1	29	943.187035426119	
22513	4	42	1356.45694490357	
19825	8	10	373.492658349449	
29335	4	5	209.059021495776	
17879	10	22	737.224369243358	
22639	3	47	1489.94152592958	
26729	1	19	656.483579024898	
16941	3	24	792.72451117296	
12091	6	44	1387.74954104226	
29824	4	1	97.4659253365667	
24617	7	14	481.138879359299	
27805	10	3	149.945569629756	
11538	1	1	104.31892884165	
24293	3	2	119.484743643312	
22726	2	22	743.17659725583	
8827	1	1	98.2420075024674	
21443	9	19	652.943922585316	
21317	1	3	169.800881673489	
20805	5	1	109.761162004322	
24186	9	17	569.085065205155	
16895	8	35	1114.59958865987	
8236	6	49	1559.34324143424	
20572	9	24	786.32089316208	
28884	7	41	1316.08999645155	
17539	7	12	436.067909503387	
16001	6	43	1375.21225341373	
11566	1	43	1385.04225426588	
14596	8	42	1336.53282924394	
17060	5	29	942.200668594894	
27812	4	5	207.759946346171	
16407	3	12	422.214073847148	
14423	9	10	354.918083639312	
12343	1	47	1496.11934701731	
27377	3	4	188.025541579363	
19900	7	30	973.77531588719	
19995	1	3	146.49405616638	
27374	3	16	542.088122992817	
16800	8	14	499.812088841485	
14056	9	49	1564.58399078091	
29083	6	33	1063.9037620015	
29722	8	15	510.648052110639	
28839	5	4	174.760870903153	
11584	4	30	984.999422517139	
17604	2	8	320.98240856127	
15806	5	1	108.648638105322	
26076	8	36	1169.35696198109	
23685	8	13	445.757732375412	
16261	9	34	1105.04751104165	
15750	2	47	1489.34479451242	
15033	8	21	705.038375065214	
13238	5	31	1007.25972341712	
23270	5	2	125.228854289851	
19407	7	28	908.740623718473	
23422	6	40	1270.68024839772	
26025	4	28	912.604316190167	
9712	9	30	983.84379399188	
10731	4	19	650.136051741492	
11547	7	19	657.402661897895	
14066	1	43	1372.99111199239	
23237	2	30	962.01211582963	
23871	3	4	184.899271663697	
18564	2	28	919.95074978096	
15133	4	46	1450.52384257807	
10184	6	39	1259.98959469608	
18371	2	40	1275.25185148942	
28215	7	5	206.220795719987	
15923	1	6	253.826222612442	
12201	4	48	1516.29338726229	
16783	7	22	745.709427756122	
14772	3	20	676.68254108945	
18318	10	36	1156.15388450965	
29057	10	6	233.131833743831	
16870	8	5	205.216890892581	
22658	10	19	645.857400002823	
27217	4	2	138.437013094517	
16465	10	31	1019.83871775672	
26374	1	19	654.343818917099	
26420	2	16	545.33848460081	
26040	3	40	1287.44135834623	
8134	4	26	866.710947522293	
27377	3	31	1009.45452103832	
17183	4	10	359.994743224231	
22073	8	45	1447.18803473152	
21880	4	8	317.162293529679	
17213	9	24	800.500222929055	
15865	4	10	376.985219557297	
11158	4	32	1046.17745992084	
16942	4	8	305.439098619595	
27738	7	27	875.421225389196	
21077	8	50	1589.93152189531	
16902	7	34	1096.35800442489	
10106	5	47	1484.68546109492	
17250	1	22	726.820976849096	
15806	5	20	682.571874951279	
22965	4	29	959.004490337802	
12799	10	37	1190.69730232968	
27489	3	9	324.237028325087	
21906	4	41	1325.00982782105	
18988	1	19	645.730557071851	
27274	1	47	1502.42784238533	
11538	1	31	995.530739368652	
9045	1	15	529.464345113125	
13192	8	12	439.33808328553	
15871	9	27	892.662253422971	
8317	5	36	1148.88449055556	
21038	3	26	854.127889673285	
17894	4	48	1520.01196339727	
21771	8	9	342.88322371565	
10155	8	38	1212.2432353032	
26769	1	47	1492.76559843345	
26561	7	11	409.499975074781	
24718	8	4	184.797567140682	
9059	2	30	969.961303551663	
13347	4	17	586.280164470095	
27481	5	49	1552.55759479131	
11076	5	45	1424.90452843947	
24576	2	33	1072.76271504944	
24086	4	38	1213.36154904839	
18816	4	16	539.48937176703	
27968	5	30	978.266631932122	
25643	8	23	760.043335799148	
24665	10	49	1548.38712399285	
18439	2	22	720.872161873091	
15031	2	23	755.777905860812	
16813	2	37	1180.32453666456	
20756	1	40	1271.46842341473	
26240	6	34	1106.31085689473	
20257	7	35	1122.6450159413	
8871	4	40	1286.85290966502	
18016	7	16	547.739710764838	
17704	9	23	775.601689431631	
21568	2	28	929.333991096045	
21673	2	47	1499.60792752896	
24921	1	43	1385.0135159609	
12142	5	46	1471.18020815364	
11143	5	16	559.990175925191	
17085	2	48	1520.6566599387	
20417	6	19	634.525781308546	
22642	8	23	768.277802974115	
12477	8	49	1546.37233325577	
11401	10	13	456.973256160027	
13880	1	24	783.29423620519	
16353	7	21	693.195863316392	
12066	10	30	982.655626955747	
8121	2	39	1260.43154682053	
17778	1	30	991.560437284205	
27478	9	17	594.724157543259	
18549	5	5	220.540812379001	
21784	7	22	730.014280159964	
9786	1	35	1134.09996189834	
11763	1	4	197.934587280236	
8460	2	21	710.8754792767	
14223	9	26	865.520456054025	
15057	5	40	1267.46392513973	
20249	9	25	822.384506586187	
18344	3	32	1047.14361537581	
22130	7	44	1408.59218324003	
27576	4	40	1283.56017742472	
12501	4	41	1312.33771675841	
29238	5	46	1477.41606714084	
23695	8	42	1347.81703277855	
19087	6	14	477.366947455968	
25604	6	19	656.030314050629	
9031	2	22	744.503524538364	
18137	7	24	797.163909001818	
20417	6	33	1080.16598397874	
12323	8	7	285.189639611724	
9354	6	37	1184.94778759077	
18629	9	21	715.099956316454	
26919	7	33	1072.56741886612	
17154	6	47	1504.24786850077	
26224	7	15	518.236933740897	
22752	1	15	525.083746074272	
23067	5	17	593.11703851126	
8597	7	18	601.293375772095	
10015	6	50	1576.74909959396	
23572	10	29	935.191260676454	
16211	8	42	1338.21653491734	
10987	10	34	1095.34635904028	
18195	2	7	268.764099380357	
10789	9	23	756.744265871469	
15357	6	30	965.770044515734	
25400	8	13	472.630735781337	
18931	2	6	232.752947766684	
24363	6	12	429.805123484603	
28369	3	3	144.726210154931	
11888	2	3	143.81353504202	
13928	5	8	312.14400238923	
9771	8	19	642.62900937471	
21405	7	14	504.036592777835	
9984	8	23	751.397992685157	
28666	5	8	317.096482513983	
24388	4	28	922.188064550137	
17864	5	27	890.861735833279	
13669	8	7	278.555300477219	
8318	6	50	1579.60630870406	
15903	10	5	207.263922154561	
23369	6	49	1548.69233877803	
16080	6	7	265.49171795393	
12747	3	6	260.265562841792	
9176	10	24	786.370797672482	
26408	3	31	1009.77636995249	
22085	8	34	1105.44085606255	
15738	7	39	1257.44686129384	
10280	1	38	1229.85209339757	
27246	5	40	1279.69765353934	
18486	4	7	265.791733202428	
28803	1	9	352.403417542765	
15985	3	22	746.170549367634	
15858	7	26	845.635406992228	
25654	8	4	191.952354699351	
12796	2	3	150.37564832269	
12361	2	7	268.213818384434	
22349	1	35	1123.57361737805	
12156	5	24	800.671801269367	
29601	5	13	462.046988262817	
20168	2	1	84.7362116746307	
8146	4	14	503.277366283945	
19402	3	11	394.698401053761	
23869	5	22	732.437698846887	
10388	9	31	1016.35244893672	
18296	10	50	1573.04563722249	
29520	6	18	622.318778216056	
22481	6	7	291.063363538619	
20470	2	11	401.169426180967	
17265	7	40	1267.15138598678	
29993	5	37	1196.04886919076	
17635	4	38	1234.22201024099	
8970	3	11	394.561738034041	
11286	1	18	621.687067068036	
21063	10	46	1449.4851774394	
18463	2	30	986.498921898426	
26589	1	36	1152.72481696341	
25357	7	28	915.080796198491	
26423	4	33	1082.39330170788	
9279	3	42	1346.96789591898	
13680	8	46	1460.32918845319	
27800	6	25	815.183874487497	
23335	9	18	602.900854369114	
15041	6	23	750.107469945265	
16535	5	47	1478.9344769525	
11032	10	44	1391.41011749926	
10950	7	36	1165.9734530216	
15798	6	44	1396.99360238248	
14085	3	11	392.084238078484	
13159	1	20	681.022344362467	
27764	10	2	128.882664129549	
9238	10	44	1398.61444717209	
25993	3	3	170.189934563911	
14860	2	44	1416.5083122144	
12589	7	50	1574.87009702943	
9090	4	41	1303.98655587062	
19878	5	38	1233.99393772427	
8516	5	35	1133.05401910704	
14410	6	26	843.913113905076	
21993	3	25	813.325160449988	
19437	8	13	467.457591736437	
8141	5	27	894.377492523928	
18361	4	29	936.277435112874	
11265	8	49	1562.70070741079	
28668	5	3	163.648784348578	
21178	6	19	631.569722961434	
25339	5	49	1557.84167950872	
13269	5	5	204.483482299598	
28575	9	31	996.150229552831	
28597	3	24	805.453432800925	
13584	6	18	597.650831359276	
19256	5	29	953.133022185943	
29464	2	2	121.180315670176	
19613	2	33	1053.70390535039	
23594	3	18	601.71779980963	
12630	7	26	869.552337187134	
20153	3	47	1500.37651191483	
14472	10	39	1244.5909311085	
15562	4	26	853.503221894383	
8068	9	38	1224.94233143746	
23035	8	14	487.072184200898	
20021	6	25	825.325175833574	
22186	3	47	1498.97912546013	
24398	8	41	1320.1470818185	
14006	5	38	1218.26872185723	
19880	3	44	1397.43442201867	
28584	1	36	1144.03207567708	
16075	3	17	578.053425819638	
27308	1	19	646.816970038608	
17701	5	5	225.498621568782	
25073	5	42	1352.50498417416	
8574	9	1	99.6707978563713	
21753	8	3	151.167682293415	
12933	4	9	349.068141257888	
14680	7	29	959.51030418254	
9241	6	19	645.951695929259	
24440	1	47	1478.90643937462	
16908	7	19	640.200146958325	
25353	8	20	666.458685596687	
10579	1	28	927.36475399107	
9395	4	45	1433.56843799053	
23689	5	32	1041.489970722	
17875	4	14	480.843372829651	
9401	7	37	1186.63080527756	
8476	2	3	163.371513003191	
23538	2	23	775.749641943606	
14482	3	43	1357.43413150191	
21690	1	21	716.486029213521	
28020	4	27	894.790512404773	
28058	3	24	785.317759842294	
25450	4	44	1403.61004395579	
20516	10	50	1589.40300661577	
9796	6	10	359.55079721266	
8894	9	38	1218.97078246762	
10141	10	11	406.25297624909	
23923	3	39	1242.13241590286	
18479	3	31	995.398367063794	
15549	9	38	1216.13035329437	
22568	9	12	424.431985553555	
26262	8	10	366.214362329903	
11636	5	34	1087.53764728435	
14628	1	33	1059.78825368909	
25991	6	36	1157.66651226099	
24728	3	26	850.651607984049	
10902	2	33	1052.94844862677	
15225	8	17	577.980033502905	
15599	3	27	881.965339892528	
26406	7	43	1372.11217441229	
25154	7	4	174.193601167851	
28489	7	49	1555.76610388037	
9796	6	30	990.645897812511	
25529	6	29	940.176364956506	
15944	10	20	658.132245511809	
28240	10	48	1526.13846790331	
20387	10	44	1391.37389344693	
13991	4	32	1045.5822134789	
26443	4	12	424.481803003923	
27116	7	11	392.348320182575	
29094	4	39	1236.77556881531	
14053	2	15	522.519079913627	
22731	10	2	120.000290516764	
14349	5	15	507.546046463561	
28070	9	40	1283.26291341487	
15058	2	46	1461.49921019631	
19228	2	12	421.888577612996	
20071	7	43	1363.10197755839	
15613	1	42	1340.12000064371	
16069	9	15	532.196899825799	
29005	9	49	1542.8151650088	
17677	10	41	1317.37788827968	
19569	8	39	1250.55332886547	
19326	1	9	342.776086080249	
16306	4	8	295.76816140477	
25900	6	10	380.244323266784	
26323	4	45	1439.82710670672	
18727	3	13	453.780184301445	
18862	8	47	1483.82345846101	
25688	1	38	1230.1917648456	
20432	4	5	213.682356650793	
21820	9	37	1185.39147950029	
17761	4	47	1493.78430205108	
25322	3	50	1585.32195708962	
25184	2	18	622.29242804567	
18864	4	29	939.024408524402	
27260	8	44	1394.67186202978	
11677	4	16	543.433678999279	
19857	2	31	1011.27076110396	
18349	8	12	433.412329309346	
22878	9	45	1427.59688902069	
11215	7	29	960.67076277019	
19655	5	27	897.65061289894	
11757	3	20	683.050046881218	
12789	1	50	1579.35478447906	
26893	10	47	1501.91290563993	
11941	3	9	326.214071813139	
8650	7	20	659.991600820791	
18224	9	43	1376.52534027422	
18299	10	41	1296.16730206468	
29335	4	15	508.763030371053	
23973	3	40	1289.84647106838	
8017	9	25	837.860032859193	
24969	3	12	429.768440066729	
14660	9	45	1429.29700940349	
21442	7	13	456.815712888174	
15554	7	11	385.212775014906	
11845	3	22	727.869811732261	
26692	6	22	724.408203551736	
21928	3	10	357.887922245026	
24782	8	3	166.311361196596	
17918	8	31	1017.59370914548	
11105	1	36	1161.75875501789	
23223	5	24	794.290038158321	
19893	9	6	258.665963531782	
15033	8	2	131.384089315023	
8278	5	19	628.734777862548	
9809	6	2	134.678333427142	
8339	9	47	1485.25361841789	
8019	6	12	424.238504890464	
13013	2	3	146.827348166531	
16658	3	47	1478.45489861372	
18800	9	12	431.831216454427	
12597	8	30	986.707671334365	
24324	5	21	704.600010805111	
18996	7	20	662.144402238608	
21997	2	14	499.727275380738	
19770	8	19	647.503281984247	
10498	9	10	363.421301601185	
20625	7	11	393.855255764842	
9358	5	2	134.030251453645	
17427	2	26	859.835505885927	
21027	3	20	677.254844027224	
26428	1	7	267.656156396333	
19500	1	24	801.428734474549	
27478	9	15	523.835885582415	
25997	7	12	427.531446641093	
10565	6	36	1144.01586198435	
18207	6	6	236.024947686132	
27657	7	6	245.476715157496	
15905	1	19	633.811633509496	
29152	6	22	746.802050297522	
24921	1	45	1419.02547544754	
8661	5	22	733.382838858935	
10047	2	9	347.10096811275	
22151	5	14	490.003179875204	
17004	4	44	1398.9120077523	
27019	1	4	183.360574740619	
16274	4	14	504.384083349437	
21121	10	48	1527.97069516404	
13875	8	29	953.17812777738	
25957	10	7	271.535738385998	
9869	9	23	774.737982402899	
12236	2	32	1032.28683538376	
12485	5	38	1229.33995389814	
21837	7	19	630.308131757336	
28200	5	29	938.01525461395	
19296	10	46	1451.15236152483	
21956	6	41	1325.16842926162	
25357	7	26	847.152607164882	
26277	3	49	1557.08843750744	
17268	10	42	1337.70949303066	
10126	2	12	444.448510131076	
20156	9	11	410.552947786894	
25653	4	8	303.857670791381	
9538	4	28	906.475855310669	
22424	10	12	420.338865118259	
16859	10	30	974.102598621558	
10331	10	50	1592.86130368377	
22064	9	42	1334.83007794937	
28131	4	41	1303.85264267393	
19118	4	34	1084.7189158782	
14231	4	47	1498.65338574101	
13382	3	41	1319.7769032604	
23377	5	44	1390.42687138097	
29071	1	31	1000.02529786901	
28867	6	2	139.429423166173	
18439	2	41	1298.44837759549	
21231	5	22	719.606703221615	
28755	1	8	294.596830929907	
27292	6	26	863.232394486308	
23774	7	11	396.366700640119	
28705	8	5	223.11919863481	
16492	6	12	435.450606437144	
29881	1	32	1040.67712798746	
11217	5	46	1462.49451306765	
29244	9	3	165.097523483027	
28489	7	39	1244.96800864347	
19661	1	19	638.316202498188	
27831	8	6	251.120602717214	
27152	1	37	1185.82063096846	
28200	5	17	576.379085116265	
22782	6	45	1418.84743272273	
23827	8	30	988.87234052125	
21677	8	7	288.38827765006	
10402	1	27	896.102140478837	
15973	4	10	382.353540166446	
9409	7	34	1088.47252766065	
26028	8	15	509.525168067555	
16522	2	32	1040.62511280208	
17363	2	3	149.664314756945	
24674	3	14	504.809409130742	
9172	6	4	190.499271056847	
24718	8	23	769.55400540007	
25705	10	8	304.118052490111	
12905	4	46	1468.45921189918	
15315	5	10	372.882352644989	
24413	9	33	1054.9610791425	
26428	1	39	1241.85996400279	
12032	10	8	309.314656029136	
8910	5	17	570.878708591163	
26145	9	39	1239.56687701846	
11884	6	25	811.545658303213	
22035	2	34	1110.57159833171	
18313	6	50	1583.92021267857	
21327	2	39	1240.72173686732	
20156	9	37	1194.59029439585	
27055	9	1	88.9979036939321	
25420	5	30	969.875819799433	
10341	8	12	441.363157723734	
22341	2	25	821.378331827642	
15929	8	23	775.370856474792	
8045	2	12	415.786396123369	
17130	6	45	1421.74070096656	
16937	10	5	229.009446980902	
8523	1	24	807.473557557665	
21585	4	40	1265.87148315547	
22685	10	17	589.781045219759	
23932	1	34	1111.38862561034	
20324	10	17	574.32473090213	
22504	8	21	697.671757702563	
9846	8	19	650.956895505524	
29763	1	26	868.923209527937	
13182	8	40	1278.98159041953	
24432	1	5	224.932516172962	
26842	1	12	438.422985355567	
13150	4	7	285.867429583272	
17322	9	33	1053.56519323474	
14120	10	5	211.332553947034	
26554	4	36	1172.21791608828	
10943	3	36	1169.61216042266	
27895	2	21	710.136444340524	
16212	6	1	83.1080446406771	
10977	1	11	409.001546469052	
16766	3	40	1280.24189412605	
12474	3	49	1546.25375395001	
19064	5	43	1364.83342681305	
27321	6	11	388.275834391022	
28693	1	31	1004.95212784268	
8650	7	19	647.666540782743	
21323	3	41	1301.51184608299	
28405	4	10	373.355636472514	
28834	6	4	198.596707861217	
27781	8	3	148.162010343821	
18139	3	8	299.24678097444	
11533	3	30	974.293458282153	
9026	6	3	169.023013007372	
13320	7	10	368.758570090289	
26294	5	18	620.544558419168	
17013	7	34	1096.64449493245	
28163	1	7	282.587728743715	
27311	6	43	1383.10130742523	
24520	1	49	1543.57245353217	
12861	7	22	747.53523310066	
8032	9	38	1211.64289832657	
10567	5	48	1519.92181308564	
9899	8	13	450.643667490521	
12639	4	35	1132.56406788368	
10445	5	30	965.639082158748	
11758	7	38	1225.49722732301	
28185	1	32	1034.85430728405	
17602	3	5	221.025101161108	
8457	8	46	1477.6653497469	
25995	4	44	1397.65790371115	
16205	9	27	871.750997301075	
15017	8	4	191.241887487118	
18184	1	23	772.262811834115	
25011	2	1	86.7848496543173	
28501	1	5	221.498806840507	
12056	1	7	282.755693030896	
14966	2	32	1042.64013074461	
10766	6	29	957.595648764444	
26666	2	37	1184.82891737708	
21118	3	16	543.722084827592	
12948	9	27	872.812884819141	
14541	4	11	404.316121230049	
14483	10	15	532.360187644307	
25295	5	24	800.761199184117	
20736	5	33	1059.73480944509	
21372	9	26	850.63905789081	
29912	6	9	349.399972348195	
16227	1	48	1517.10885949298	
24077	9	15	513.020634815572	
22748	8	21	714.688059014589	
15675	2	30	969.630187344565	
23044	2	43	1386.51085299743	
26462	9	23	766.563990808355	
9404	10	29	935.572811540017	
11110	10	24	797.358648142479	
18549	5	43	1360.32008104041	
24081	6	37	1175.61008645948	
17302	3	8	312.269358929372	
20561	8	32	1022.63675223227	
16269	6	43	1379.45490051967	
27724	6	38	1212.8122334987	
22685	10	36	1160.48674492188	
17386	1	14	495.690286725615	
16638	10	11	400.938804150065	
13059	4	27	876.411013042746	
20354	5	4	188.004893487322	
14391	2	7	282.030646448038	
27927	3	3	162.238163353055	
8534	7	5	227.259763249783	
24623	10	12	417.788865388273	
14693	2	2	134.004364187831	
24258	9	28	924.992079979271	
21179	5	7	278.272390048146	
15531	9	33	1079.85036870458	
8758	4	46	1474.72234828152	
16945	6	27	887.326777096524	
20517	1	33	1067.56162544133	
27898	8	39	1249.8824683064	
29095	3	3	152.829258438586	
17166	9	4	195.000024267938	
9575	5	29	956.097254974813	
26838	5	35	1117.74544779106	
23237	2	41	1308.00446634554	
24985	9	26	842.97729073231	
24217	8	15	508.027716366587	
22321	8	34	1085.24014430365	
19101	3	32	1024.67789667876	
27381	2	45	1436.6900002941	
10716	3	27	889.426201511838	
17847	3	13	461.178725800095	
23361	8	21	707.145606571411	
26564	7	25	810.370771815242	
14489	3	48	1534.95889653217	
29632	4	44	1405.37401685741	
22421	5	28	930.909851328894	
12499	5	41	1312.32613989726	
26466	9	47	1508.62583450443	
25572	8	5	211.421383494242	
16158	6	48	1524.35018614137	
28113	1	29	951.729915957772	
18355	2	19	648.608411442772	
17402	6	7	267.16180899514	
18168	7	43	1369.8490962432	
20685	8	4	175.231769427299	
14402	8	20	660.683694826757	
14689	9	2	124.638107365294	
17110	8	37	1188.23846294928	
23468	6	40	1286.71362210378	
27404	5	33	1060.8504632585	
28171	1	48	1510.03187104595	
22941	4	10	372.75845559908	
22992	10	48	1525.72761815308	
23339	7	6	239.440100490786	
25244	10	28	907.636727964336	
29335	4	14	503.357645544856	
15120	8	4	175.066785707635	
23371	4	46	1452.48227857635	
26900	10	39	1252.71299599331	
9793	6	47	1492.91108778348	
17727	6	44	1391.1708687391	
23020	10	23	763.326996808558	
14238	7	13	445.34064615394	
29052	1	27	872.811961841216	
15601	8	43	1366.08103744969	
22770	7	41	1310.64325881686	
13661	8	28	923.63359237259	
25516	4	30	990.033183447101	
10189	3	13	472.898373190732	
18051	10	5	228.940517375684	
12537	4	6	242.396208384259	
9052	1	30	978.70094259209	
22088	4	29	936.14024194709	
9060	4	41	1325.53228216503	
25815	6	24	801.099342480814	
16327	5	36	1146.39161282517	
15019	2	23	768.935445979673	
14326	6	42	1347.89635154786	
12102	5	38	1212.77269691824	
16476	4	6	262.293595905552	
19398	7	13	463.389609001293	
18306	9	47	1497.00168135436	
17550	9	42	1337.96427457499	
17306	3	13	455.839537035599	
25318	5	30	979.394330465884	
27628	9	3	168.420270201014	
25915	9	24	781.41798841833	
25166	4	19	650.930671324455	
20987	10	21	707.322168567834	
12177	8	30	982.016371312559	
25815	6	25	835.843065621258	
16814	3	46	1459.84386132091	
9136	10	9	335.912838511128	
14436	2	8	318.510295710764	
22149	4	5	213.179317402271	
21327	2	7	268.402919149214	
19386	2	7	283.267765288832	
27380	3	31	994.349847153924	
18578	9	1	83.7680587935113	
26632	4	13	464.588510610437	
16358	10	42	1337.05010245417	
26420	2	22	734.604923918194	
29055	2	24	795.340089758551	
18134	10	35	1137.77310472809	
13730	3	27	898.45425487424	
15839	3	18	611.330928453864	
13358	9	32	1036.61821365199	
19730	1	7	280.195335988046	
9113	3	32	1038.34075800997	
10177	7	43	1361.24511513917	
16705	8	42	1334.42219956518	
19596	1	12	427.170434159772	
14878	3	8	319.709581658109	
29822	4	33	1070.41940008775	
16568	9	34	1109.52147878219	
16301	6	47	1494.16918738474	
8540	5	32	1025.36272223357	
19748	10	50	1589.50110911834	
24324	5	47	1493.41763137533	
14439	4	40	1277.66076724867	
29962	4	18	609.225270398532	
25187	6	9	352.702921048134	
9101	5	10	362.711014879267	
15040	6	34	1090.88200187817	
23491	10	31	993.097451754425	
14905	9	10	382.552347063344	
10855	2	22	722.788104080962	
11789	3	21	697.629946236326	
8146	4	37	1192.35296476276	
8358	2	18	612.6964233316	
12832	8	29	943.123847536335	
13040	2	43	1374.58559882575	
16425	6	42	1344.12829275435	
24180	10	25	828.184186307799	
25116	10	15	525.243493451385	
11646	5	42	1328.7846850831	
16816	8	24	781.661591595813	
25011	2	7	280.191169846892	
14156	9	36	1157.38528216136	
15355	3	13	448.06340201202	
8532	4	22	731.802056549025	
20572	9	17	581.222652430284	
28369	3	38	1212.58991331448	
16655	7	29	946.077053428663	
10241	8	39	1247.59417174738	
10133	9	14	488.672631461487	
11512	3	38	1220.13427966281	
11126	4	26	865.493438423375	
9957	4	24	808.988816928579	
23188	8	8	319.010130017535	
15833	7	26	843.040196915641	
12637	5	8	293.76665617049	
21690	1	34	1100.93221577859	
17634	3	11	406.107291544838	
17099	7	46	1455.36324021191	
23887	4	33	1064.34718140603	
20795	10	13	451.893909038926	
19339	10	41	1304.45808788038	
12771	7	5	224.675652973668	
15194	2	17	595.901907810896	
20073	10	47	1488.5428243729	
29703	5	12	418.988267415663	
22422	3	20	687.842371225284	
24788	7	15	505.644334678373	
10299	5	14	498.121267602835	
16413	4	49	1559.83660073943	
16521	2	20	683.04214140542	
27764	10	34	1091.52539535031	
24321	7	18	625.175906636368	
18829	4	43	1380.73679369909	
28415	2	24	792.507595788924	
27011	2	25	825.17155238668	
23968	6	15	512.115826956982	
9929	10	35	1125.35422936331	
16100	10	18	625.858710699649	
25513	1	1	108.002617968248	
24140	10	22	740.113007733651	
13638	4	31	1016.6339614506	
13976	6	45	1443.2878301308	
27044	4	17	584.424820292939	
13385	5	23	762.418067400538	
23767	7	46	1457.29466565759	
25476	3	47	1488.64112930775	
19491	8	29	953.342834745228	
12042	7	43	1369.65622641596	
12861	7	22	729.357191365844	
19165	4	10	353.653383047159	
23349	8	31	1018.02100120951	
21551	4	30	972.820946095894	
8103	1	33	1060.89631204535	
25061	8	29	956.890776044173	
13510	2	33	1077.20350371543	
22348	5	2	135.515516873223	
29118	3	19	641.483374350464	
11431	10	16	559.520577639118	
9405	7	11	392.813789133361	
27242	8	47	1493.380281205	
14954	8	24	786.945578636111	
27628	9	15	527.955785825828	
21140	8	40	1287.75757100794	
8891	2	44	1405.63049005607	
20607	4	5	208.608884312496	
19854	1	8	320.317531787007	
29958	8	32	1028.25202322949	
25206	7	35	1126.50253422861	
21880	4	1	97.8686445289611	
15871	9	43	1381.65082921351	
23538	2	50	1575.57798641528	
27641	7	43	1380.24858084519	
29395	1	45	1427.36062224366	
21690	1	11	404.234173672383	
13832	6	32	1035.25994758832	
17128	5	46	1461.17025774958	
24444	10	39	1240.25083268073	
19055	4	45	1433.48384041036	
26493	10	2	111.248158715315	
23594	3	15	530.347138107916	
24705	4	42	1334.49953648006	
18498	7	22	735.988108262414	
9405	7	43	1368.76407623699	
25549	6	40	1286.18321769227	
28830	8	39	1265.0211401959	
19067	8	4	198.704449254416	
12718	6	36	1164.27959459102	
22230	6	14	503.846017654913	
28334	5	41	1315.30409207349	
10998	3	23	769.656035513457	
11993	2	46	1470.63245260652	
9126	2	19	645.833651724194	
17609	7	8	313.044921566287	
26443	4	5	214.622336763247	
12632	1	49	1553.16742909754	
14891	7	17	568.678175624776	
16680	7	6	235.530259122853	
28440	3	23	778.794330236872	
8566	4	19	633.809183088042	
28053	6	38	1216.97713387058	
29896	10	16	540.389106078255	
25325	4	45	1426.84030051662	
10178	5	42	1351.787581887	
9666	9	29	947.706362152335	
11590	2	10	378.075396631879	
25026	10	39	1237.77242036433	
23371	4	36	1145.46032385224	
14040	7	22	736.662138372968	
14585	4	48	1521.63082845585	
16373	8	38	1216.03324596585	
11783	1	14	495.264684192494	
29703	5	24	807.999533940106	
20804	9	15	528.272418923803	
17370	8	46	1462.46665102545	
20421	2	6	238.880744724945	
12568	5	2	130.957470373696	
12692	10	23	759.191709588837	
21029	6	1	81.5743533156693	
26692	6	5	220.609349860162	
25177	1	1	89.9044350580799	
13447	7	23	756.037937195989	
26564	7	18	604.406005574579	
22933	7	44	1411.19844215512	
17509	9	28	928.212609015504	
10120	5	48	1511.01837660699	
12093	9	31	1009.74433469108	
19205	7	36	1147.2036592789	
19202	2	40	1292.73828548041	
20756	1	13	451.066744574842	
10994	2	16	546.581771963547	
17013	7	41	1305.63999862673	
24004	6	16	541.456502443858	
26357	1	27	879.674657322315	
9486	3	14	494.271024844735	
15707	9	50	1589.95803202966	
13647	3	47	1507.65923596344	
20309	7	30	984.200526375417	
16465	10	14	501.057714084656	
28151	1	30	988.107821060395	
29502	6	1	107.248719831579	
18575	3	19	653.244125402181	
14810	6	15	507.61745621805	
21154	3	17	582.215189199064	
21142	10	4	179.270846107635	
27135	5	10	354.391351320963	
11394	5	22	742.632918666412	
10069	5	4	197.561232800391	
11402	4	13	450.578270540842	
22807	7	50	1575.7415920383	
16084	3	47	1502.20995872384	
26664	7	44	1409.48646603594	
13732	1	6	233.955905807184	
22583	2	19	638.18498037671	
12284	9	18	623.904748029963	
10232	1	16	540.939196674591	
17245	9	48	1535.98310050368	
11047	6	1	95.6418583614947	
19069	1	14	503.574972871493	
27075	9	32	1036.68798554534	
11954	10	30	968.331061940794	
12125	7	3	170.568761085425	
12626	9	46	1452.72203837182	
20757	5	10	365.595393798126	
16106	10	33	1055.0490564923	
15858	7	48	1510.39324733913	
10409	9	49	1553.80818174864	
12648	7	48	1528.32487661779	
11616	5	2	114.001394079067	
9744	6	46	1472.50861899578	
26212	7	9	331.221508761505	
20745	6	22	746.756943998279	
15960	6	9	338.133995504181	
28215	7	21	693.466532255275	
8674	6	4	193.360630028583	
22731	10	32	1036.6603096559	
9875	5	9	328.42048097794	
23201	2	1	102.190816375516	
25739	5	41	1311.92759604749	
8937	6	19	653.821257694541	
26960	7	26	848.385457940579	
18829	4	27	892.183101890694	
25679	6	23	776.625388738059	
9241	6	41	1316.99669344211	
17311	7	16	548.856785850998	
10708	6	22	737.095305927608	
18664	10	36	1151.68409281954	
11789	3	47	1503.27152206715	
18664	10	9	335.769909292352	
21724	6	49	1553.33182817014	
8530	10	2	133.974931525986	
24711	1	47	1492.01737760194	
17447	2	16	560.625553503924	
13154	9	33	1064.36972853931	
11853	5	1	99.7767591196004	
17324	10	48	1536.67995874615	
10164	1	24	800.522087030356	
8457	8	5	222.022062419924	
19372	1	35	1127.16613270676	
8145	7	7	268.877598768509	
12648	7	11	400.583169572327	
24889	1	25	814.30804204862	
23392	7	3	163.559838721324	
28894	6	17	578.069651545058	
28555	8	41	1324.5200832768	
17319	10	25	835.453014725565	
23555	3	36	1151.35247053176	
21222	1	35	1140.48937355191	
15656	2	15	524.824350348126	
19721	3	37	1187.24443837406	
20021	6	7	292.518715696651	
9404	10	48	1513.79228412816	
15994	4	10	383.714262314008	
21143	7	46	1449.75371517695	
16493	4	7	268.302527604765	
26032	5	3	156.1479600501	
24717	10	31	993.943372347366	
9455	5	5	215.725344929716	
11931	10	44	1416.73860794713	
21996	4	11	397.953750564695	
14310	3	12	438.709154519583	
29074	5	2	130.536659681488	
28425	6	40	1272.55496732544	
17471	6	3	160.669565908923	
18404	7	45	1418.5336874698	
21218	10	12	439.204131159561	
16902	7	7	266.131390494356	
13240	3	27	873.76426696487	
26548	7	20	673.689773135674	
23249	8	6	256.68067128243	
20521	4	8	316.138222625543	
28575	9	4	186.398418558016	
29471	9	17	575.024683668755	
25365	9	35	1123.04999727898	
12976	7	9	333.238088122214	
19760	3	2	114.077415891959	
23870	5	24	808.62326316937	
25019	3	7	278.555737193001	
15600	2	50	1592.47661016531	
28461	5	41	1313.40377112543	
17660	1	37	1185.74283539585	
17099	7	1	91.1947192676341	
19532	7	33	1058.44717171902	
16029	5	22	748.525470918289	
24567	4	42	1340.81311247349	
20850	7	5	220.182647397827	
12507	9	37	1188.30311528794	
11033	7	21	710.871838326972	
10733	4	27	876.067200934546	
24301	3	49	1543.6287990695	
26548	7	18	622.736586398788	
20464	8	20	664.79674210064	
27377	3	11	405.283454472797	
13510	2	24	809.212382142065	
15477	4	45	1430.16844424893	
22186	3	9	350.046509890839	
14030	5	35	1141.75307472318	
18909	9	1	82.8902728124011	
27792	3	23	759.53596407526	
26147	5	30	965.315952117236	
26134	2	19	649.321624231209	
