idEmpleado	idDepartamento	ventas	importe	
23289	6	40	1289.72314168221	
22349	1	24	794.500599575462	
15944	10	9	323.402385899519	
21046	2	14	481.962007210572	
22404	6	4	186.926103582106	
25743	6	3	165.158420207518	
13059	4	22	726.323793980444	
22076	2	49	1567.75791934121	
29257	5	25	828.78146556615	
24995	4	20	661.06355332819	
20545	10	30	971.805392919018	
23807	1	35	1115.44147122439	
15680	2	28	910.115478611605	
16078	3	22	719.408411606871	
8124	8	16	554.798837748728	
21559	10	8	311.193536143374	
18860	9	35	1130.27162712546	
27713	2	37	1180.04612858409	
10547	5	47	1490.22720033779	
29033	5	34	1087.85936029994	
8362	8	50	1593.31109616594	
16252	7	50	1570.04373787439	
13269	5	21	718.195572606379	
25549	6	23	770.356106483543	
18327	10	10	355.479751096796	
19049	4	50	1578.18538064984	
21624	10	17	572.4670021294	
18534	9	46	1463.41567476439	
21008	5	8	302.124226941785	
9621	9	47	1480.94509376257	
9235	8	28	901.665788414732	
9199	5	48	1517.02899429809	
17308	6	26	847.389011963917	
18092	6	34	1084.56609579016	
19826	5	25	821.066451641296	
18067	8	31	1018.82606658099	
15229	3	21	704.898417920293	
8191	6	6	242.319041342623	
9327	7	29	941.918397313877	
13097	3	26	840.036637764441	
17060	5	24	793.304942545157	
11757	3	26	842.978648302601	
12673	5	46	1456.5085935297	
17200	6	39	1248.96937629626	
18299	10	19	634.711510089557	
13707	9	18	620.443856856061	
15107	5	8	303.331052429663	
21477	6	5	216.758162182178	
19556	7	36	1151.8340880572	
29725	3	16	553.64778518381	
25577	2	18	606.918363518509	
13246	10	23	765.130417815005	
18344	3	47	1481.2181572063	
16072	1	45	1445.53623903801	
13288	5	39	1251.61859473755	
29706	3	41	1319.67940380782	
17561	4	3	156.305026969083	
27167	4	36	1153.04627941598	
15646	3	5	206.482256113776	
18859	6	5	208.740722932266	
15641	7	37	1192.69141807812	
21149	2	26	862.908119216053	
28809	1	42	1345.63369239943	
26590	2	29	947.83637180358	
17098	7	43	1359.39776491346	
29934	5	33	1054.77639862093	
22826	10	9	348.052459260473	
14637	5	45	1425.54938282145	
23505	10	47	1498.34195996557	
24892	4	35	1135.97277116774	
14349	5	38	1206.29511822308	
11552	6	30	967.952585782834	
9265	5	8	318.127731270216	
20422	2	22	730.19056257335	
25565	4	10	374.554417754782	
8470	2	25	830.332447863339	
14346	3	4	193.535144344687	
14810	6	33	1069.22619631012	
27022	9	5	215.644596393986	
8758	4	42	1335.03589424073	
26534	3	42	1354.85432822018	
18629	9	12	435.708839947222	
14039	7	11	391.581586707189	
10988	2	42	1348.47644175798	
10209	8	29	954.02673024406	
9171	8	5	216.535370599728	
11912	2	2	115.81083709179	
9812	4	31	1001.85277292591	
24796	10	45	1432.94750105261	
29223	9	34	1101.38704783348	
11677	4	29	942.521039611903	
29350	7	36	1151.85213850432	
10103	7	2	115.836785228847	
13308	9	25	813.177674381611	
9801	7	39	1247.34521968632	
18726	10	48	1530.3968233291	
25227	7	34	1097.34495590317	
9797	1	17	588.67222172612	
19975	10	47	1489.5716113828	
25505	5	37	1179.93511146863	
16572	9	9	352.391397595588	
24805	3	14	477.781669608216	
11422	7	8	318.416202216603	
24374	8	1	95.8613168894599	
13970	5	29	947.352666960728	
20625	7	39	1238.96577773568	
27199	9	15	527.002686544788	
18633	7	25	831.027594632948	
19467	9	36	1150.98182128322	
20663	1	14	501.286146874207	
14262	6	38	1206.14425946313	
26589	1	20	687.078830658961	
16565	8	31	1017.40168302199	
11094	10	13	471.446361873041	
23832	7	13	453.88639471209	
14528	3	25	836.982578130896	
16786	1	16	551.326532508864	
15751	2	50	1597.15725064145	
15966	7	50	1593.80964155952	
29539	6	38	1222.86239431373	
8198	7	31	1018.96556152914	
22883	5	29	946.199686334562	
17648	8	50	1592.60188176883	
19507	7	14	476.954912132097	
20432	4	7	273.45173155584	
25920	5	2	134.442979718765	
26380	5	29	932.115800553987	
29721	7	34	1104.95005688861	
26652	2	33	1082.84534288703	
10214	2	12	444.157594425677	
29624	3	42	1332.98749196017	
9327	7	38	1204.86292261857	
13863	1	37	1179.65458492732	
13594	8	19	635.709484925358	
28406	3	33	1062.64449664515	
12668	10	29	957.072658611961	
25461	3	4	197.292637730619	
15778	9	10	375.720269817729	
21570	6	14	481.123774797248	
24302	2	41	1315.06095250838	
9354	6	40	1289.53268405494	
24994	8	27	884.783242458842	
11597	8	46	1450.87095164269	
13445	3	31	1011.66135417841	
26977	3	47	1495.24278837035	
16361	8	9	335.442208952942	
25844	10	5	214.450455482328	
20542	6	39	1244.39042335581	
25300	4	12	439.291279669521	
12895	3	14	490.362641555426	
28313	3	33	1059.07029082024	
11058	4	34	1100.18770526172	
25014	10	17	594.8625801666	
15156	5	9	346.70921706907	
26533	6	6	240.969549939488	
25503	6	31	1006.19171126103	
19300	8	14	485.179787839381	
24769	9	45	1441.46129008451	
22422	3	45	1422.40958533362	
21481	4	27	892.909687241963	
20055	9	11	386.849977181689	
13916	10	31	1022.05262965618	
21985	10	42	1348.18225174592	
18121	9	24	786.824226857547	
10679	10	23	768.298654914041	
19388	8	1	81.2813368445641	
24871	9	34	1107.42424573164	
8222	4	13	461.692198096631	
11939	4	31	1008.80186522789	
10517	4	34	1096.81373610013	
12667	2	22	719.689940400277	
14129	2	6	255.606262691136	
16354	8	37	1196.03347584421	
9772	4	10	358.748689051135	
10862	9	48	1533.32971025879	
18567	2	5	214.182319070297	
26267	7	34	1095.32873469187	
12780	8	20	660.94052759043	
15708	9	17	581.712123761751	
16044	6	48	1538.0095226029	
29829	7	48	1519.99252423644	
18575	3	40	1287.72537719818	
14081	6	22	745.658777219085	
11855	2	20	672.482701331602	
16790	3	30	985.087303605437	
17139	6	8	312.799786698446	
20658	6	21	690.000342451968	
29993	5	28	912.945367858254	
26706	3	13	474.73993498587	
18796	3	2	136.452785384121	
29691	8	16	551.89287077258	
27199	9	10	355.831347646113	
27298	5	16	553.310684484109	
17007	5	37	1188.21408755528	
26693	10	31	1008.2109753267	
22902	8	9	347.480054398757	
11020	4	35	1136.60099071292	
22643	2	22	744.046724785141	
12501	4	9	323.362699264364	
24831	7	47	1493.96145152578	
18318	10	25	828.017963221305	
9195	8	42	1352.7582573857	
28588	4	8	315.588558127912	
28385	5	29	942.477543569392	
9806	3	43	1370.67270115515	
13562	9	27	883.464028129105	
15107	5	47	1504.15422941752	
11538	1	8	316.113891115465	
21235	10	11	413.379506810279	
15670	1	1	106.78723086919	
23910	6	48	1510.86297656915	
29193	4	45	1424.23926024895	
18906	2	29	939.749166322755	
23899	1	47	1484.40006273072	
21118	3	30	972.917163005526	
27374	3	21	699.124599983508	
12982	6	10	356.393852437098	
14860	2	23	755.699550414318	
29941	5	44	1401.73692325211	
21570	6	15	535.498868215596	
25325	4	30	991.280994392597	
21191	10	7	274.478877873383	
20691	5	50	1586.95226311076	
21130	2	29	952.349079843773	
13704	8	18	624.920865327549	
16627	9	12	443.858592754164	
28836	2	41	1302.29557820703	
10646	10	1	87.8193882889205	
28017	10	29	950.537713724439	
29061	9	40	1265.84965586003	
22030	4	20	677.581328357375	
28555	8	12	431.282009906732	
21168	9	12	417.577828326066	
26076	8	20	687.750672235969	
13768	6	24	789.991559381593	
25936	8	6	247.234266850741	
12112	8	32	1052.13681907027	
18555	5	44	1403.18123364969	
24388	4	28	901.810000176453	
23945	3	4	181.623275476332	
22752	1	11	408.64555728093	
12063	2	13	453.886451336502	
15664	10	17	579.565861047975	
15584	4	13	447.95270411668	
27208	4	5	225.589808814968	
16766	3	22	727.653610523629	
14145	7	31	1016.08218132336	
17213	9	20	668.910621753387	
11483	10	8	295.296924549759	
9578	1	11	389.086375343188	
26225	10	50	1591.08620196166	
13353	3	13	460.901440298605	
16446	5	29	942.309801533031	
24670	9	44	1387.86383104877	
9637	4	17	582.680457133185	
26986	10	19	633.539085347922	
19499	1	43	1365.80599427494	
23917	8	30	963.239478284139	
21673	2	11	397.556678241844	
13139	6	31	1006.81410840098	
29361	4	37	1181.16844992208	
22295	3	47	1496.33484112859	
20772	7	30	965.576177391026	
20958	6	22	747.529850950246	
26010	5	32	1029.20590251182	
19228	2	36	1159.58096666242	
16229	9	34	1086.66143192289	
12807	9	9	331.998494086786	
17963	7	23	774.408503349129	
17125	10	24	805.682896154785	
13839	1	39	1246.98778091324	
19472	4	16	553.212618787406	
13862	3	46	1453.88955023787	
27867	5	41	1300.11364777578	
23825	7	5	206.853310934665	
11845	3	18	617.394543056094	
15690	9	40	1294.91301682541	
21212	8	38	1218.99955899408	
19573	7	24	806.759271028805	
15905	1	47	1497.26725480392	
11796	5	32	1027.77641143081	
20350	1	21	713.38495645364	
24889	1	44	1392.52246373916	
23020	10	19	641.451338381251	
17842	2	40	1274.76345389838	
14321	6	8	296.67988805877	
23019	6	34	1088.9722083737	
22717	4	19	629.713997277298	
20464	8	4	185.070215102783	
10693	1	6	236.452474033671	
29169	1	14	481.428272575805	
17032	5	3	168.89734078613	
24788	7	34	1085.62455540785	
27398	6	47	1494.99589177547	
10917	1	18	600.454825554255	
11942	5	15	512.310716152336	
24860	1	34	1088.31027394548	
11752	2	45	1432.03601009773	
29655	5	31	1018.74680160486	
13669	8	20	666.008842152547	
9278	4	39	1240.99217860074	
13082	4	23	764.083687236571	
24860	1	47	1494.50211840426	
14128	10	34	1089.61402839497	
19677	7	22	742.098594429949	
8510	2	35	1117.87358317425	
10348	10	18	607.011890060739	
23019	6	39	1242.19615375725	
21833	9	39	1261.0105201141	
20954	8	49	1565.28591407709	
23163	10	29	938.626068522514	
17504	3	5	226.806435280855	
21843	2	6	236.480207255334	
14549	10	14	500.289423437924	
10341	8	50	1579.03769697018	
8094	8	16	547.783493468437	
11368	6	4	183.812377389433	
19177	1	11	404.124839009775	
28188	7	33	1072.76639705187	
15745	9	25	812.526014453045	
14487	8	3	150.608758288719	
9145	6	16	536.947434645587	
15788	1	5	226.928278984003	
26549	8	18	617.956029315459	
14853	5	11	404.25462357898	
19098	10	36	1158.09044012711	
17269	9	33	1067.58806337956	
20323	7	49	1558.8936584624	
26475	3	24	779.658822221523	
19105	3	40	1294.54259478233	
25614	1	35	1129.08426911062	
13270	1	46	1462.87700672768	
10575	9	7	280.252757389216	
16457	7	5	220.750428876258	
12339	3	9	336.275076203176	
29807	1	9	343.692724194235	
8930	8	25	818.882838049383	
27365	9	10	382.908435344188	
11855	2	47	1499.3527439513	
27058	3	6	236.889870724124	
21814	9	40	1289.66799799803	
20175	2	45	1446.77605461645	
26901	7	30	968.703477163195	
11847	2	5	219.784301025693	
16749	6	27	897.826405511157	
22221	9	9	334.62183729495	
13638	4	48	1532.4171335308	
10262	3	20	665.335131969925	
24169	3	48	1515.95819480529	
20517	1	2	132.671332085818	
11637	4	11	408.498338762903	
26328	3	23	764.185434935701	
28312	7	12	439.269613045859	
22921	10	7	286.220787151819	
18359	7	17	595.400083863828	
24978	6	24	784.044743955156	
27456	3	18	617.155408252569	
27031	4	29	956.546089088799	
27224	1	23	765.359404815994	
8946	2	37	1184.00815430284	
12337	1	2	130.285519794694	
18013	3	19	648.118231598343	
22309	8	16	542.537331535731	
20199	7	49	1566.46792533177	
16854	10	15	516.201644966473	
18812	7	33	1075.74906179483	
8632	3	49	1546.55367789164	
29059	7	1	95.7297783790761	
14316	3	6	244.014347234748	
19393	8	41	1315.34497277594	
12668	10	42	1328.90065541905	
24140	10	44	1400.90394204525	
21906	4	14	504.772095058473	
14647	1	28	915.876526327746	
8501	3	35	1122.85801645501	
14487	8	8	303.832703672272	
21512	7	36	1168.24395748239	
28369	3	1	87.1439779583104	
15980	8	41	1320.1296238043	
11303	1	3	149.63278628403	
21340	4	38	1225.67330659631	
17079	7	14	482.252931409633	
29894	2	2	122.935463657107	
29908	2	22	726.987490135705	
21709	3	30	966.044256019427	
18737	10	13	444.898834174917	
10945	8	34	1103.60739368182	
10689	7	50	1594.0319702374	
10658	9	38	1225.35034501243	
20086	8	36	1152.23033224802	
19018	3	42	1326.53731594167	
22921	10	46	1462.33674896058	
18050	7	38	1217.54903052819	
14053	2	11	395.344589648463	
20658	6	4	186.60435092943	
8574	9	22	721.549766399688	
13206	7	30	984.238723080716	
9433	3	31	1002.23555183142	
21418	3	41	1303.58265605922	
22644	1	45	1422.07734371632	
15167	3	11	388.068159403311	
25293	3	48	1516.68735515172	
28981	2	14	501.320784735177	
10917	1	7	280.613222029346	
27171	2	11	403.770676666764	
22858	2	18	607.594396717658	
29332	7	9	339.413339877228	
9349	2	35	1123.39308671811	
14481	4	23	763.362770696805	
17106	9	10	371.567380191557	
23907	10	38	1215.80078647276	
11094	10	18	610.011430294258	
8429	1	39	1236.4164652845	
18283	2	21	695.726618531964	
29083	6	49	1558.33484770653	
29059	7	39	1248.03258838506	
18339	7	18	605.182767941236	
14480	10	44	1415.54984140003	
9091	8	20	680.423669312347	
9337	4	3	151.302810791555	
21059	1	50	1572.14166811301	
21692	9	49	1552.52170765424	
26423	4	13	470.379433366647	
19732	6	21	691.784014986727	
29712	8	50	1588.80765683428	
26688	4	46	1466.56390645847	
11388	1	7	263.354911517052	
17873	4	4	189.42750541001	
18132	8	24	809.272175398316	
22568	9	14	481.308250055326	
18355	2	28	919.593980591555	
23679	3	6	246.00840565097	
22555	4	10	383.561321899091	
25165	1	47	1498.05228008798	
13822	5	43	1361.56462688072	
20129	2	41	1308.98595144459	
29081	8	50	1580.93214667446	
20182	4	45	1442.32224162776	
26532	3	11	403.216813468941	
17859	3	12	438.449859301769	
28541	10	4	185.48549429769	
29703	5	50	1580.21430696371	
20936	6	28	910.669199540591	
10565	6	29	933.782964820873	
25795	1	48	1536.42954577526	
26029	9	24	796.525885647408	
25927	7	8	305.920283676088	
22793	5	18	601.82241199623	
18534	9	12	437.009741941937	
17660	1	16	538.571762544369	
11845	3	4	196.366998458452	
29043	4	36	1168.68888168069	
28572	8	11	401.811882519076	
20568	2	38	1232.27984526766	
20583	5	46	1449.93567560331	
10642	6	12	435.546451749069	
12130	9	35	1126.30792178507	
11745	5	44	1409.53676974845	
19694	5	7	291.805565195068	
8769	8	16	537.206770208295	
9549	7	12	424.239485200606	
29432	6	5	229.985834467218	
21429	4	11	394.120911319796	
18089	1	10	362.054520641479	
20153	3	32	1051.9733996	
25679	6	32	1049.79238082179	
22298	7	8	306.450108395168	
26101	9	42	1338.36418519652	
29125	9	29	934.161991651245	
19053	10	9	329.348896261933	
9560	9	40	1267.1004417106	
25326	7	23	762.860526313475	
20110	4	34	1092.33302793109	
28541	10	8	321.973810010577	
9930	1	49	1565.81731649387	
18184	1	50	1591.92736114931	
20150	5	22	721.852508113651	
22658	10	35	1136.59646854577	
20732	5	23	755.354469211472	
9389	6	27	872.281771186871	
27891	3	39	1240.64362278238	
29193	4	39	1261.53249952082	
24580	10	42	1352.41776346807	
12142	5	9	350.700412853947	
17564	2	10	364.941251596874	
19545	7	42	1350.90509891087	
18358	7	45	1444.19652313189	
19721	3	23	751.281476631426	
10997	4	2	128.116604484672	
8051	4	31	1006.01817513165	
18056	4	7	262.67802965952	
19044	5	6	251.395376926006	
28481	10	38	1230.51667643269	
9052	1	46	1466.01004326065	
11992	9	1	94.2103741011631	
8358	2	49	1555.49965983047	
21843	2	40	1266.09339564391	
13462	3	19	628.614678899113	
8287	1	47	1481.80956522087	
24520	1	17	566.637164953461	
12518	8	17	570.07577725224	
15041	6	17	567.556098479571	
14905	9	40	1267.66042034498	
9665	3	4	187.660845680004	
24030	10	27	871.471320833765	
22775	8	32	1033.50647214498	
12835	7	3	156.355853749605	
9594	10	3	159.838072508498	
19746	2	40	1266.4625287738	
26885	9	46	1458.008314454	
13782	8	41	1313.69394363542	
10679	10	50	1589.7114532393	
27053	5	22	734.182300536978	
27138	10	31	1019.5237940082	
11183	3	27	896.563147425914	
28045	6	23	762.706985679784	
19293	9	14	477.568070999146	
14472	10	2	123.420498465849	
18519	7	50	1597.1132690446	
14465	2	41	1301.06830068914	
28522	3	38	1205.5958576899	
15114	4	36	1155.16863176374	
22068	9	40	1290.24758071185	
22287	5	48	1528.1438165196	
17504	3	3	146.670866602413	
21403	8	34	1095.7050647846	
13097	3	35	1132.34384988078	
21121	10	38	1226.32298467044	
23670	10	8	307.763435909414	
26537	4	1	90.3176566633944	
13707	9	11	405.833965505396	
18516	6	4	173.237829214538	
16084	3	39	1254.7869033249	
18486	4	7	268.71730425801	
23321	2	10	382.20599393463	
27475	2	23	753.08752430281	
11209	3	50	1593.87207917584	
13365	2	39	1244.75691778807	
19844	7	33	1079.22909202018	
23064	2	29	931.434779451897	
14218	10	40	1274.54924516126	
16486	10	43	1364.3584506234	
12558	7	34	1084.81894785763	
9430	6	7	270.108290030671	
29526	6	40	1292.32423149623	
25997	7	7	272.966576420221	
12157	2	35	1117.21307638903	
23017	5	7	290.992882424497	
21579	3	19	649.446895834732	
22781	7	29	931.503388421379	
28853	8	36	1157.93158883133	
29471	9	38	1222.67289717806	
12813	7	19	631.501409854508	
19844	7	6	260.741264531734	
13487	7	29	961.041307263561	
11811	8	31	1014.9071454885	
26284	2	27	877.308517767726	
25639	9	42	1339.51660382539	
27527	8	2	120.989979077592	
14544	3	43	1375.76625604917	
15033	8	47	1501.1626222642	
27552	7	15	530.032869079165	
12585	6	46	1452.07463659908	
20781	8	39	1256.1448721104	
11989	8	35	1132.1743489486	
28020	4	38	1220.45611442088	
28852	7	12	414.924549914396	
23372	7	16	545.464996278968	
22590	4	21	717.317800073567	
16521	2	5	223.475623123104	
9744	6	23	768.834906503947	
23330	6	25	832.811153211077	
18516	6	19	644.191406445667	
16754	8	22	745.678489592708	
27876	4	1	106.519055527877	
23573	4	45	1441.2374070665	
24299	2	3	150.349683906115	
8443	7	34	1100.13929068117	
14106	1	8	315.819585023364	
16354	8	46	1473.70429018219	
22307	8	50	1578.49198839557	
17020	9	28	921.350967456284	
24003	2	19	656.876088835707	
8970	3	30	976.260047488036	
13633	1	15	532.386067832069	
18444	6	24	783.161068327334	
21507	7	35	1141.73641936003	
12916	4	33	1074.04563879317	
11237	10	28	907.675996994449	
12313	8	30	967.298848446132	
23102	1	46	1475.77900653508	
15156	5	9	334.355475350449	
19834	4	37	1203.76693871048	
14766	10	41	1303.46283597102	
22565	10	32	1030.2721571877	
26125	5	25	824.516376082095	
23151	3	48	1512.28381402431	
19101	3	45	1428.67407574722	
10493	6	22	737.933941082067	
29717	9	3	151.868117075352	
23043	6	46	1458.04202650583	
10318	2	19	651.74808011006	
23651	3	36	1173.67508235093	
9199	5	15	505.971272711629	
19028	9	6	242.668481917432	
13447	7	11	405.120435620249	
20419	10	20	658.481490732395	
17390	7	47	1485.8229202618	
8387	3	6	234.222209003857	
13608	1	35	1119.80390019706	
13205	4	29	944.557461582384	
17641	9	43	1377.16922708655	
29715	3	34	1103.69701880202	
17954	8	6	247.2856888954	
29765	6	44	1397.2742676536	
8320	2	20	659.811654807912	
11796	5	46	1473.15678024346	
21244	9	16	555.814589111048	
15295	1	24	803.758804278336	
13301	8	12	429.01328062127	
11201	3	3	158.719695060849	
18480	9	29	940.878911121226	
10146	3	39	1237.78899928452	
26901	7	42	1350.01895162743	
25725	2	9	347.696616588019	
13827	7	15	514.479431153498	
13667	8	38	1229.0442145006	
9578	1	29	940.728570474651	
18448	4	41	1315.40633240501	
13659	1	27	882.002679445782	
24830	8	48	1528.95359304219	
29029	7	8	321.675608158892	
20006	9	12	442.205349599107	
17111	2	6	243.951467948012	
24718	8	1	95.6622636763669	
27440	9	31	1006.74390828551	
13403	3	42	1347.67588510535	
18531	5	5	230.904816124078	
28181	9	25	813.591565570604	
14372	2	5	207.26563221182	
23767	7	5	204.679577594939	
19544	10	39	1255.91349909823	
16572	9	28	919.823429789312	
26517	10	44	1387.87209679739	
9662	5	1	102.741386863748	
10183	9	4	178.609779448532	
22963	10	25	830.658456548424	
17639	5	32	1036.48124981508	
29746	3	47	1506.18856831742	
29057	10	13	450.460502379788	
18130	2	29	951.359595838636	
10212	6	32	1036.46922491326	
24551	4	21	704.915271468887	
28010	10	11	388.920660460797	
15041	6	50	1593.1484220145	
25521	8	18	597.163115384599	
10727	7	31	1013.95908082554	
17007	5	45	1423.6561307235	
25765	8	6	238.27465612361	
29464	2	42	1328.18905076393	
19199	10	23	776.076221119648	
25836	3	41	1317.75292025774	
13059	4	6	250.416587856792	
17571	3	29	952.219529558075	
26118	6	37	1190.85030715487	
14860	2	21	702.881853423492	
17758	5	31	1014.96387748745	
25801	1	29	939.745550854013	
20883	5	5	231.623425219033	
8709	2	13	470.530359368087	
9691	2	28	912.135769702557	
28058	3	41	1322.25196411938	
16869	3	42	1342.22302354044	
20936	6	20	676.493172066516	
17203	5	8	304.333703026331	
11423	2	14	502.806195962618	
18822	8	1	101.055481331914	
26783	7	46	1449.91690248713	
27308	1	42	1327.27756476369	
15784	7	6	249.086837139487	
15457	5	40	1283.82097460507	
8387	3	7	272.562964685523	
27062	3	32	1034.54000215723	
20046	5	29	944.945830025219	
24615	10	48	1530.64308360715	
23848	1	17	572.484368128928	
11695	6	38	1216.76033669001	
25801	1	2	133.28468913831	
16232	1	6	250.803045933509	
24141	3	34	1098.49914829177	
12792	10	50	1592.78482745997	
13535	8	48	1524.01975438186	
25012	1	50	1592.63016000047	
23947	5	34	1085.40251480667	
15244	4	32	1031.18941109217	
18856	6	14	486.926657337196	
22182	8	34	1085.49691124144	
20516	10	49	1567.60390023124	
14901	4	7	277.021789642527	
24961	3	31	999.859533440256	
20975	1	23	763.645901961087	
29082	4	47	1490.91290569441	
18336	5	27	884.857824596044	
18292	2	35	1115.65820894933	
15611	7	35	1138.32473267723	
14582	9	38	1229.10763171926	
27052	10	40	1294.24620137282	
22906	7	1	108.422099402371	
14528	3	3	164.586957434466	
17676	8	36	1170.34222605188	
28481	10	17	576.107634052684	
11130	4	36	1164.04217833841	
23969	5	4	176.378565959809	
18039	8	50	1589.18781898412	
16038	2	2	124.368076158859	
23268	2	17	583.513256434125	
9654	6	10	363.212918100512	
11289	6	28	905.470757831573	
10406	7	31	1021.57644595093	
12961	9	21	698.365939025938	
19227	2	34	1086.12151673349	
22035	2	30	961.679188349135	
14964	3	23	768.942504920504	
23906	9	22	733.124276927265	
8942	8	14	477.745531908118	
27582	9	30	988.116015320698	
18827	2	42	1329.62180411891	
23107	9	9	336.820508733774	
25892	10	39	1245.30376097434	
29693	9	44	1417.40704568914	
28363	8	31	1017.30928472118	
26969	2	2	133.451581100678	
19083	5	39	1252.8951128446	
17681	1	11	407.41803132343	
10065	5	34	1085.4409351784	
22906	7	44	1392.90806891066	
9601	1	30	987.705140089479	
12579	9	48	1518.8817932079	
8405	4	44	1406.62109734799	
21878	7	10	381.53545188789	
24325	4	27	878.238166756108	
11217	5	37	1188.33823728763	
24216	2	49	1568.69773170384	
10644	6	20	680.460819881624	
24871	9	18	602.391514239084	
14689	9	15	508.742649121556	
12508	4	45	1427.64118842205	
19345	9	1	83.4423410163458	
27891	3	32	1041.03443864781	
24224	6	15	527.676154658048	
17539	7	5	203.713739236683	
17030	4	6	260.026153409866	
22705	7	18	626.027454280307	
23465	8	37	1178.65585061659	
19862	2	48	1513.73801670677	
26277	3	44	1401.96671361195	
18911	2	24	801.970400773906	
24996	8	5	231.73354766878	
21682	2	21	717.912677041214	
16875	8	5	230.208717356533	
24432	1	47	1499.48582760034	
9705	10	32	1037.42569263905	
11745	5	13	463.118338428027	
26519	3	9	347.17991174533	
19471	4	6	233.032941330705	
22641	2	15	522.656052952007	
29632	4	48	1511.14706549381	
11248	2	43	1368.96053463638	
27092	8	17	583.746883805723	
24249	2	9	331.460007248195	
22882	4	37	1195.80811634465	
14416	4	12	444.331124892613	
21312	9	34	1098.84966048358	
14426	8	22	720.040994063039	
25157	2	45	1420.12777226983	
25274	2	47	1497.78327944585	
13107	2	31	992.98145664529	
10598	9	3	168.48168503888	
28461	5	5	210.732762688181	
14300	4	49	1569.00288278656	
14105	9	36	1160.47482689865	
24571	7	41	1326.17946310257	
24186	9	27	895.786070085962	
22356	10	24	797.627606316296	
11937	1	40	1293.69330645245	
24877	5	25	837.283131311314	
21669	2	34	1107.42412682037	
26603	1	3	154.239262228012	
17774	2	14	493.680014616661	
26705	9	40	1283.47422156645	
25991	6	20	670.937668136758	
12526	3	25	835.971592420699	
15658	1	27	880.969116166685	
25196	4	39	1256.41237999146	
17200	6	14	482.049624287546	
16360	5	45	1440.81247411706	
11614	3	24	805.219898859607	
26277	3	41	1301.51781995851	
21304	6	15	527.427878550919	
8184	10	3	159.735461287077	
16018	7	18	597.595583627743	
28331	7	2	138.680653785672	
19993	5	34	1099.69545721062	
19742	4	24	789.574431399617	
17362	8	29	931.868038313402	
24992	6	43	1359.38261434407	
12628	1	23	761.176492926281	
10141	10	47	1505.98646021727	
28860	4	43	1358.52807834676	
24285	8	1	95.9547372609166	
27006	6	14	488.985256966662	
23585	8	21	713.488715735026	
18358	7	1	101.000784980599	
20249	9	23	748.909794254652	
13121	3	20	669.733890457886	
8534	7	6	253.306364497778	
26040	3	5	221.639622553084	
12467	7	39	1265.49073211173	
23392	7	19	653.486605292878	
26210	7	31	995.749810019392	
25894	3	31	1015.23192613164	
21823	7	45	1436.9078032658	
22555	4	29	955.280520019718	
29246	5	27	900.272662239276	
18337	9	39	1260.52233911144	
12579	9	12	439.836523923947	
18799	1	36	1163.36200872593	
10822	3	45	1442.43728049213	
11899	2	8	317.991369775492	
19504	6	50	1579.31529815277	
8480	3	23	772.563380586246	
24990	1	40	1291.46363668678	
22081	10	39	1241.05380648796	
18195	2	2	130.997301401104	
21121	10	32	1051.40729915882	
11376	4	34	1101.79417311297	
19355	7	8	306.484005891943	
21008	5	4	186.211638686346	
19334	10	46	1465.75956800289	
29169	1	48	1534.31069210838	
22530	4	3	156.106638385033	
15565	6	37	1201.4376666031	
12104	2	11	395.711183881253	
15088	4	14	477.725277355744	
17200	6	27	874.488964599785	
24177	7	49	1557.44895240173	
16211	8	25	814.9708074401	
19391	10	5	212.059321912033	
25547	8	20	666.678489533569	
11845	3	8	308.743259789768	
15636	4	41	1299.17285156398	
26210	7	35	1139.72916674788	
18604	10	22	728.031214665636	
12236	2	35	1131.67806853153	
21724	6	22	744.503535155441	
23488	5	23	760.687780361943	
12163	10	24	783.400133765955	
8449	8	7	279.422794971346	
26559	7	35	1129.05209228818	
8532	4	17	572.031514389455	
10321	4	7	276.020605618144	
29716	7	28	918.739212434152	
21718	1	40	1267.99509044178	
26275	6	43	1379.21278019399	
28894	6	28	923.391356674671	
10321	4	24	797.521620279887	
10525	1	33	1072.43490924706	
20115	4	50	1570.0034835795	
13603	4	41	1297.50249509583	
24256	9	36	1167.93971734491	
26805	6	49	1546.82235860583	
24877	5	2	115.427983866738	
14891	7	44	1399.73116410884	
13795	9	22	719.175913184497	
13502	8	28	919.643171634359	
27061	10	44	1413.79425952853	
12574	2	35	1121.19661938455	
23556	5	16	557.555242663974	
16069	9	1	105.783697639491	
25017	1	41	1303.07338670971	
13859	6	38	1224.86571648385	
23505	10	32	1031.30268681389	
26010	5	26	855.75879095856	
28405	4	1	89.2481099857241	
11695	6	10	360.142446588791	
27240	9	38	1232.83421383837	
13845	9	19	643.43242202114	
15698	10	4	189.375737956434	
18322	1	30	986.493766245662	
18190	8	10	370.719518796876	
20732	5	11	398.39403934702	
13139	6	1	107.061210920597	
26005	7	19	657.159546398166	
16493	4	30	973.728053613439	
10906	7	42	1338.29008649024	
28181	9	25	837.367425950881	
26603	1	48	1533.44257616133	
27250	9	18	616.498403687262	
10406	7	36	1154.33392068107	
29693	9	3	156.967344319898	
25941	6	16	565.014043154667	
15646	3	26	844.967323860604	
26031	3	15	514.5568268162	
13764	10	34	1098.73877218866	
10553	5	10	361.920901183933	
24141	3	39	1263.74486769724	
28245	4	42	1339.99800263904	
16224	4	1	88.8553014811386	
25476	3	7	292.034896897168	
25599	6	28	930.709275626908	
22251	8	39	1239.49116097739	
12508	4	8	305.844891101981	
28590	6	6	253.639097331855	
15209	7	45	1425.97870557847	
19120	7	29	947.165797905608	
25600	5	26	844.71791880425	
11397	7	3	142.980421475591	
28382	9	39	1258.74698045605	
19300	8	34	1099.0703336052	
22831	2	40	1290.5571428363	
20584	5	6	234.089198258747	
19715	7	30	963.05917129063	
16709	6	20	663.509717333834	
17387	8	31	1006.78297629896	
14628	1	26	849.545677997892	
16714	5	48	1519.76114768524	
22705	7	33	1058.26843746857	
23119	7	15	506.003110495397	
22234	5	30	980.88582669426	
17641	9	3	162.275745683478	
25464	2	47	1480.35168336721	
14029	4	17	584.698215697286	
13650	9	31	1003.2213219829	
26515	9	49	1548.81635331959	
18394	7	25	818.059343555038	
15071	1	13	459.898392623243	
13442	9	17	596.745859997694	
20073	10	43	1357.0200187699	
22897	4	42	1327.32720880179	
15137	1	21	696.397578891552	
27706	2	47	1492.83621119933	
14426	8	19	634.577120540001	
19684	8	47	1497.34084105927	
16165	3	2	135.784490618754	
8524	1	22	731.228357819481	
25018	2	4	172.549148245039	
18856	6	46	1453.42211358874	
17370	8	25	831.180840819693	
12229	10	1	106.562255707831	
23972	5	17	573.572167685987	
27661	3	23	774.387004475289	
17030	4	10	354.695595705274	
12069	6	35	1117.42807008206	
18700	1	46	1463.77677784477	
23019	6	48	1522.87814606115	
15671	10	37	1201.95487186404	
12020	3	6	261.45760652677	
21951	7	34	1107.77385051724	
29998	6	9	329.193094190766	
22720	8	12	442.159753498696	
24825	1	7	285.476430228667	
12474	3	28	913.994892143642	
24388	4	21	707.969474786878	
11291	6	5	209.75915121369	
13072	5	32	1050.3575922597	
26757	5	22	734.792945280109	
28957	7	28	902.623569119081	
22432	5	8	304.822744012262	
23682	4	20	687.919362023435	
9102	8	17	567.267405282365	
16019	6	9	327.972058806555	
13033	2	11	385.960402705688	
21612	9	48	1531.41977165426	
29551	2	14	482.672754713647	
16427	6	44	1397.72093163697	
25559	1	37	1199.51207771875	
14739	8	33	1065.71833023136	
27376	9	18	607.725226715079	
18003	4	10	355.554618479477	
20757	5	23	756.996529752853	
25917	2	3	146.339034096496	
14971	3	8	307.087596648879	
19293	9	14	479.440854787566	
21149	2	14	487.313659008273	
25019	3	30	987.888741208189	
16242	6	38	1205.65608766193	
29314	2	33	1067.27014561522	
27873	9	35	1139.44454413813	
15763	1	1	105.938207258442	
9502	6	38	1216.104471691	
13021	7	7	278.440786096473	
24561	9	34	1088.97200948045	
22074	9	34	1107.82692457914	
24962	1	30	965.167455303095	
17331	6	14	490.921148662884	
20417	6	20	658.841319055688	
12799	10	48	1526.60764575312	
9873	6	43	1367.58168984558	
18083	4	20	685.426898359054	
8017	9	50	1596.43541253937	
25827	6	26	869.925579125958	
11277	7	38	1228.59936957648	
17444	5	5	223.261478796257	
26808	4	35	1139.29485042547	
17958	9	9	325.600108879432	
9265	5	13	468.426601769601	
17135	1	12	423.275824051013	
15101	1	21	714.755315368415	
27490	2	3	146.055846207801	
21574	4	11	403.366068342405	
27828	7	5	216.236541632673	
29055	2	39	1253.73237981169	
8540	5	25	832.219232037766	
26132	3	36	1172.19656443791	
11674	5	10	375.8207194022	
27247	7	50	1578.38883357979	
17550	9	15	514.554037356076	
28241	6	8	300.655815778606	
16205	9	25	821.870410005502	
26097	4	45	1444.70150459777	
20745	6	40	1267.52279966489	
23044	2	43	1363.17902498095	
29100	7	7	278.884536753821	
19743	2	33	1071.81489033243	
20365	8	10	368.826619185892	
9864	10	25	839.000049326103	
24324	5	27	878.133478126551	
27280	4	19	646.252316351166	
29896	10	50	1591.75160605076	
23885	9	25	818.879612581283	
22412	9	40	1272.90443196562	
27113	9	41	1298.13664038579	
28577	3	48	1522.29832835602	
8072	9	10	359.119205940105	
27599	7	47	1487.07095062689	
12203	4	15	517.739664520016	
9501	10	3	163.826117852622	
25200	2	29	940.1460043621	
18790	1	6	241.713550128841	
28045	6	18	599.462139438587	
10351	8	26	862.38026361092	
10776	10	12	432.514830246807	
21244	9	33	1073.38869793033	
14170	9	41	1302.57213891604	
16634	6	33	1079.86793005833	
24765	6	18	624.708406284781	
22755	2	9	336.752777442687	
22103	3	48	1535.63036014122	
27440	9	20	669.346735900895	
26025	4	15	512.532315083096	
23279	5	5	224.287281699612	
26493	10	41	1305.95182997452	
13496	3	18	625.711279840074	
17250	1	26	840.725393761287	
27469	2	11	408.912612874486	
27092	8	34	1106.74655414501	
20750	9	32	1029.71483282266	
23424	5	23	751.446588463824	
27295	1	26	850.468231239574	
16351	5	34	1086.60005955333	
12563	7	37	1190.29312364305	
25014	10	43	1377.02350769985	
28590	6	22	723.003709317652	
8242	5	28	927.176233626519	
19391	10	22	730.461636376782	
10480	9	15	518.099901246885	
25563	7	42	1331.43405145567	
10444	7	16	553.100026097661	
26326	9	40	1285.12561381102	
12153	5	46	1458.08105488218	
14290	6	47	1494.56271572717	
10885	6	37	1174.40803299398	
20511	10	2	138.942265649765	
14006	5	8	302.408270566914	
12239	8	20	662.321240986847	
16211	8	28	915.007969418079	
12304	4	10	369.790327050625	
14893	1	17	576.312397837784	
14807	1	50	1591.94696027411	
15798	6	42	1344.11821290111	
17137	9	17	582.247271883417	
17681	1	29	942.503117985326	
25293	3	50	1576.90558045027	
12201	4	36	1159.21929096767	
27724	6	20	674.59233088167	
8116	5	49	1566.95260199111	
22528	6	23	752.425360545714	
17372	7	23	761.572934594738	
18355	2	49	1550.20659306562	
12835	7	13	460.324396481889	
23669	7	34	1088.02483169736	
24023	4	31	1012.3795293888	
16695	10	3	169.677773122526	
9340	2	23	755.113490575512	
10185	1	31	1009.16901579554	
23412	2	34	1085.35675591107	
19660	1	41	1309.51112092916	
13008	1	5	226.212464303809	
20475	5	19	652.110502539254	
20184	3	19	641.768028811444	
8707	2	27	893.274354829115	
27997	7	43	1383.65275134503	
21327	2	9	330.504746330206	
29725	3	25	811.265681018711	
9813	1	18	617.969599355929	
15065	3	19	649.879248705636	
8403	6	39	1247.00956432475	
15065	3	11	403.30300927316	
21652	1	6	258.40415277444	
22271	7	34	1093.90464345641	
16891	6	25	816.95622709438	
18459	4	15	533.402434984875	
16301	6	23	759.499628189718	
13644	6	34	1106.35001833846	
28569	2	17	584.352787669912	
17133	3	9	327.790005657724	
10548	7	44	1400.11792724958	
25172	8	36	1163.78441834999	
17289	6	9	332.583902744848	
18442	5	23	763.509034385676	
27345	7	43	1365.67454070117	
19952	2	19	649.861116860929	
8910	5	18	602.893433032042	
28564	5	28	904.80121732913	
22376	6	13	450.056223184828	
11311	8	16	562.183186338368	
17570	9	34	1084.73025987145	
15745	9	30	983.828775074253	
17634	3	27	893.239254771378	
14180	9	37	1176.96448507577	
13159	1	38	1205.49684848892	
17172	7	5	223.577862746817	
19661	1	48	1524.20189529853	
15773	1	32	1030.17893146266	
28339	5	15	530.843858071996	
12079	4	24	798.594520538391	
21347	2	21	691.998371655121	
22138	5	26	845.63989943156	
26429	8	18	621.249691611738	
29388	3	1	104.713082176034	
17136	5	11	399.943037666354	
28475	10	12	429.122351272554	
28842	8	17	583.168781820298	
29746	3	16	536.301949609212	
23727	7	39	1243.36816938751	
18911	2	19	634.622396712481	
18337	9	9	332.87990119908	
29246	5	20	663.327754784062	
9912	10	6	250.760702905599	
24826	6	23	761.379010137813	
13762	2	40	1285.2388286615	
29813	7	5	225.72670257917	
22596	5	47	1493.62856155896	
23080	10	47	1488.60146815358	
8581	5	27	876.093488110273	
13033	2	9	323.413237968186	
8970	3	26	860.759318312984	
20922	4	32	1025.70352900108	
23520	3	12	441.209457833883	
24137	9	2	135.786413017561	
17455	8	36	1165.14898883419	
26878	4	9	343.180789250499	
19526	3	34	1110.06375450178	
11572	7	20	681.439667698666	
15484	5	47	1488.40779496748	
28802	5	20	673.378364347563	
20671	7	18	609.200539686345	
21568	2	42	1329.32069672706	
12214	5	19	655.506160266468	
25800	3	43	1385.75826713152	
26824	8	39	1235.7916340026	
12799	10	19	634.478027818016	
9564	6	18	622.534726738247	
24578	5	8	307.870820568814	
10885	6	12	443.565996719322	
18707	8	31	1016.55218942862	
15554	7	3	146.692335040631	
14596	8	3	146.59148342283	
17483	7	39	1261.43304794162	
24439	2	44	1415.43382647235	
29912	6	8	309.303285139288	
26950	5	14	501.402505087388	
20428	8	25	813.068072168654	
11148	3	5	211.860244633565	
21465	2	47	1491.72565641428	
22287	5	33	1059.77014590975	
13248	6	9	329.949301187857	
21951	7	2	115.600427144952	
26111	4	6	234.085443352389	
12361	2	7	287.430620103809	
12954	9	48	1537.83520222541	
21470	6	40	1266.29484265404	
18050	7	14	484.430441597677	
11826	1	16	565.463278594177	
21684	7	16	539.564093341848	
15695	7	2	136.762248415855	
23950	1	28	919.058596770772	
25726	9	47	1501.72911412163	
27749	9	19	647.894154641728	
13845	9	19	649.989805039945	
15852	1	1	105.421857026136	
28103	5	18	603.559204472024	
13688	5	1	87.8215945175949	
8276	2	13	465.002435774078	
13872	7	35	1125.58737613521	
14556	2	22	730.760800843481	
29520	6	37	1203.19197584092	
16457	7	40	1265.75774099015	
28611	2	35	1125.03547143426	
8946	2	46	1459.54129868166	
21335	1	6	256.720902927556	
11298	2	24	794.167834890153	
10108	9	43	1364.27048105945	
22419	8	18	625.775631361537	
19436	5	45	1426.48312787827	
15085	7	22	743.746483746798	
9476	7	35	1130.11271708185	
22810	3	30	978.203509868217	
22216	3	24	789.71401128439	
16529	9	15	508.63764905773	
14248	8	12	423.429063159707	
13376	10	17	573.600112541392	
29611	2	37	1175.23525337467	
16493	4	13	448.075540162658	
26343	6	45	1447.92306490611	
13266	6	49	1569.49679134856	
25983	4	5	230.047586220339	
17692	6	2	137.071448144071	
12284	9	43	1368.30672722697	
12707	7	11	386.803748303467	
20003	1	4	177.493592657844	
11134	7	6	244.963220919	
21191	10	34	1098.6973287811	
29436	7	21	691.443242901677	
29438	6	44	1390.01196944621	
14925	5	41	1305.74408066726	
14056	9	14	493.580910569793	
16959	3	12	428.065636394576	
17922	7	20	686.272868498355	
12180	7	26	840.964855570795	
27400	1	46	1456.57817006883	
21033	2	20	664.191560197711	
18283	2	17	590.564955710696	
20543	1	10	374.544144670732	
29147	7	2	110.709717176254	
13558	6	25	823.667367335254	
18091	9	47	1502.02436159459	
21871	8	46	1458.65481023614	
25378	8	22	738.980150715904	
10494	4	44	1395.81760959505	
23900	6	18	606.64953133401	
22598	9	49	1540.85508690255	
12339	3	24	792.015102837242	
22756	1	5	219.256505583998	
26646	3	8	306.560741880238	
19921	9	35	1131.82174448474	
11217	5	32	1028.32395109736	
18544	1	39	1239.74605435494	
10127	10	18	617.079370867964	
11660	5	36	1156.09058478665	
13540	2	17	580.713214623143	
28216	6	36	1146.12052769685	
8642	8	47	1497.45101376318	
10892	4	25	818.231723130789	
25400	8	43	1362.04770602381	
13650	9	1	91.7576820085559	
8697	10	40	1295.47050610905	
28643	9	23	752.827238157777	
15459	2	25	835.763661915326	
23555	3	4	200.739047211008	
15697	5	9	330.165573177005	
13578	6	24	782.047080687269	
11060	5	10	371.930641369862	
12627	1	49	1548.74915571359	
21070	9	19	652.059478988899	
25057	4	43	1359.237502962	
10960	8	50	1583.0351568307	
22107	1	27	880.691108703935	
23912	9	12	417.365822986404	
20023	6	21	704.25569757086	
25086	2	3	147.472429753967	
18091	9	10	371.392775984198	
23243	10	31	998.091297428166	
26805	6	50	1572.48911763192	
18945	3	43	1380.15421696946	
24086	4	6	236.63850575529	
10811	9	33	1052.94811808176	
17570	9	29	959.440823197104	
11954	10	13	464.882501021439	
24929	10	9	338.190224961466	
14501	10	10	357.420129569909	
25540	5	26	853.834856214856	
26612	6	44	1410.98626552661	
13288	5	35	1130.1822837117	
13583	6	9	340.251640947653	
25157	2	11	390.457642371979	
18655	6	23	766.740546434531	
8532	4	43	1372.33323257991	
26808	4	18	612.49643864692	
13388	3	1	98.9520351676978	
28763	3	35	1128.1968612262	
29098	3	25	829.197123436815	
8938	2	21	702.891148320814	
27044	4	18	618.241103504897	
14954	8	36	1145.65203641804	
14598	7	45	1424.60245064674	
16288	3	39	1248.92444553269	
25845	9	26	843.265947123648	
14853	5	36	1167.1970265951	
18121	9	16	547.323238918243	
12037	10	36	1148.78658765405	
17988	9	5	227.632842393421	
22599	6	28	902.380231368533	
15977	8	48	1512.8236732971	
29157	8	34	1088.61815503268	
19274	1	7	289.320438638944	
27846	4	5	228.029230268686	
9024	3	48	1524.96189613126	
13703	1	32	1038.07750616133	
24973	10	38	1205.40920026852	
20291	9	19	638.809563926798	
12499	5	12	416.029682911946	
19732	6	10	367.944737136338	
26475	3	17	577.57343695386	
9572	4	45	1443.3189176411	
29157	8	33	1076.33071696215	
14628	1	30	971.060815160657	
10348	10	26	841.748357658157	
12035	3	40	1288.49751476594	
8443	7	9	341.601836616919	
19743	2	20	672.496956527465	
18742	2	7	290.701924250788	
23010	5	9	348.194670057015	
22259	7	11	398.413787818706	
18232	6	37	1176.05883634466	
11597	8	28	918.275306317152	
26866	8	40	1268.50162766338	
29002	8	13	459.850193923269	
27555	2	15	506.837081213872	
24306	5	49	1555.55176632272	
20663	1	17	587.714060222597	
17319	10	7	289.68217095811	
13964	9	44	1392.243796602	
9836	9	48	1517.5592621032	
24370	7	24	789.403637307418	
21095	7	5	209.787287176488	
28010	10	49	1551.45462484632	
26111	4	47	1498.16259222951	
9290	1	2	121.56412867902	
25132	4	2	130.931202308708	
21860	5	6	242.428412103294	
24278	1	26	841.778650303268	
20101	4	11	414.255726418577	
25123	3	31	1007.0872383784	
13930	6	33	1060.1424712409	
27058	3	24	792.167178314257	
21420	6	16	541.252386300476	
20309	7	5	205.317711366954	
29346	6	23	774.922185863798	
9793	6	3	149.321319455896	
19125	4	15	533.541635486084	
20954	8	14	487.176087874536	
20387	10	36	1154.76843235771	
15253	9	28	905.59518997818	
29805	10	46	1474.82628239078	
29650	2	29	938.08466340326	
26055	3	47	1479.43817233641	
13430	2	17	583.966443549826	
18168	7	12	416.764836952446	
24918	8	6	250.342848715532	
28183	1	18	620.81881097556	
9487	8	43	1368.17903634542	
24048	1	34	1098.12481491739	
27867	5	33	1082.52573983861	
23677	7	21	697.695140045926	
13229	4	12	429.127392968688	
9229	1	18	623.785886309941	
18201	8	13	450.385475033142	
21837	7	44	1388.16979964644	
10155	8	41	1313.53163046461	
12481	5	35	1124.87609211583	
28922	3	33	1072.89822293115	
14909	1	24	800.184228979137	
26225	10	39	1237.56631245723	
27318	3	4	179.173424513626	
19562	5	45	1430.7183062242	
13192	8	46	1476.44619783221	
13302	4	29	941.107431678617	
19839	2	29	938.271316577807	
29772	3	13	463.8916580304	
15521	4	13	457.022920016676	
27686	7	35	1143.18391629643	
11984	7	40	1284.92800805947	
18287	2	12	437.515761757975	
19699	7	34	1102.01013083663	
11954	10	4	180.537972348061	
12699	5	22	734.913738600404	
16902	7	17	566.648606623825	
23962	1	2	122.732979712418	
27734	9	46	1451.31897390416	
21467	7	9	330.349114840081	
23428	10	32	1047.4881812965	
14410	6	36	1161.39775527706	
19617	4	46	1471.22127996349	
9912	10	34	1110.11239133315	
9069	5	13	474.249375757877	
8429	1	42	1343.65383538588	
23149	9	29	931.729986579963	
28199	8	11	389.392098332472	
9247	4	21	711.015078272212	
9188	2	6	248.381292004316	
22099	10	3	170.866911267334	
12372	5	12	417.147911720512	
16000	7	33	1061.39055539919	
11373	4	18	624.445227340071	
25444	9	33	1060.64341255494	
11457	2	40	1286.9918588954	
15636	4	48	1517.20211990047	
15228	10	24	806.421765464554	
10950	7	2	124.107976166582	
18050	7	33	1061.63846557105	
26184	7	18	618.330740657789	
18800	9	39	1245.69512697202	
21222	1	49	1552.87317892205	
25423	4	44	1393.31992869886	
23520	3	33	1077.63489467913	
24110	9	3	163.251028285944	
26819	7	22	740.609053159416	
18332	5	50	1580.51560900198	
15725	7	18	597.157167697864	
25291	10	40	1294.21365436828	
23188	8	2	137.137279686116	
20566	5	11	407.652495320725	
17778	1	48	1536.85082574228	
23789	5	33	1063.18251562453	
25996	1	3	157.387910819327	
19293	9	48	1511.50046765409	
13269	5	28	928.962949015649	
19629	10	5	207.453921124085	
27861	6	41	1304.92404875575	
18308	9	3	167.06447083832	
25198	3	18	624.716211252248	
25645	4	19	631.715333346145	
15118	9	8	307.256238305595	
14591	3	8	295.510366026084	
9988	7	10	366.156008749342	
19838	4	24	806.036004575918	
23969	5	8	303.537452660286	
13880	1	44	1413.0705344179	
14494	1	2	121.366718281697	
11715	4	14	493.546113452663	
23377	5	25	817.71161869993	
27971	9	43	1360.22684115927	
9387	10	50	1598.62500354584	
21795	10	13	469.68050833311	
24591	7	41	1312.01837418229	
23465	8	44	1401.79305432448	
18170	8	38	1208.52457635502	
20707	7	3	157.901351264632	
21970	10	2	112.477496654018	
27005	2	11	390.998347471933	
11009	4	20	683.04478222646	
21009	5	29	951.214377577982	
16812	1	44	1392.23493063461	
21465	2	31	1016.80142390393	
25915	9	4	191.2440123182	
14622	8	43	1363.21441594661	
27169	10	14	480.297085978229	
26323	4	50	1598.20803977466	
16268	6	16	547.057316520744	
17609	7	36	1149.14294490085	
29401	5	12	438.02890987975	
13113	5	44	1389.74819877639	
25800	3	34	1101.49771670881	
24603	4	49	1557.04350532826	
27234	8	15	516.922254318801	
27818	9	50	1586.61540731164	
19438	10	31	1018.43888866642	
28814	8	42	1337.36281289596	
23142	9	34	1107.16391994951	
15488	2	9	351.598890103213	
9199	5	46	1459.71357562566	
26969	2	28	927.538518741512	
15599	3	48	1539.14889072028	
23623	4	4	183.611054245201	
15788	1	16	556.502035668354	
26858	3	10	376.910438526846	
25826	7	11	409.027491774888	
24007	8	36	1147.17031740917	
14468	2	42	1351.16414144224	
11450	7	10	355.594856494849	
22309	8	10	382.975891299069	
11531	6	26	851.061597751017	
11598	3	4	174.976424470067	
15104	6	31	993.925701283815	
27250	9	34	1084.01968861186	
23361	8	40	1273.50183367427	
13024	9	25	839.480402711537	
24995	4	27	890.454814401667	
19562	5	4	184.266353707885	
12576	6	18	602.941592802732	
27276	10	11	405.738918597688	
23937	2	8	305.329412885629	
8387	3	29	946.013217897161	
10184	6	17	572.223773380846	
16094	7	2	135.517203572913	
24527	8	32	1027.96341992354	
17497	2	9	338.729124450464	
17864	5	2	121.581498217574	
28241	6	49	1552.75825401431	
9552	3	41	1325.40296687065	
10391	9	13	463.354165658054	
24918	8	46	1471.16176345905	
12537	4	19	650.737431315117	
26548	7	43	1360.8786065508	
28897	8	15	531.284771846274	
16496	3	42	1355.50626348495	
8891	2	31	1012.0654868577	
20924	1	40	1288.62387638941	
27885	10	16	540.299388235574	
24321	7	44	1414.33357379135	
14329	10	32	1034.18692417172	
14133	4	29	933.126768569055	
26266	6	9	327.043898332419	
10731	4	7	271.462460025895	
18934	9	26	846.167053601782	
23188	8	37	1186.96731212873	
28019	1	40	1294.77177430632	
28428	3	4	187.572015424991	
19124	7	16	553.023816716403	
19532	7	26	843.420420644535	
29500	7	25	827.135004600107	
17551	3	5	207.984074264757	
15720	1	38	1233.09645918808	
15819	3	17	584.222327146783	
14053	2	49	1545.85997150552	
26294	5	38	1234.38416274003	
16939	4	50	1581.52530084435	
15253	9	32	1046.92511733944	
28206	7	2	128.093850672289	
12763	6	35	1128.53861574481	
25384	8	2	118.181314076381	
9594	10	10	367.445993557314	
12976	7	37	1194.41206339487	
21393	6	1	105.761174571589	
18318	10	47	1492.2406908368	
17495	8	15	511.814127840015	
21027	3	7	280.324166435899	
13082	4	11	414.097817919263	
19534	2	16	542.640929437541	
18096	10	42	1328.51342512691	
19156	4	9	341.436346816568	
29526	6	36	1150.85652632213	
23944	2	12	430.155426166093	
24819	5	10	369.932779916531	
16019	6	36	1168.75466863101	
25381	4	33	1072.61215002863	
27005	2	50	1578.28551455321	
25725	2	23	754.550757871266	
18021	6	41	1326.05671977906	
28171	1	16	548.549891444179	
16975	6	42	1333.19164561722	
29860	3	5	231.157109025473	
8654	3	36	1168.55768150117	
12541	6	24	789.337833369774	
10017	5	17	578.267962270541	
9337	4	9	335.370091393297	
12499	5	8	318.065304270976	
24458	7	3	146.515104168335	
10791	7	44	1415.01863504528	
27526	1	27	896.900609106245	
19340	2	43	1373.9809626406	
27818	9	49	1565.14036951826	
12431	8	39	1240.53002571712	
10884	2	31	1011.76077249076	
21443	9	43	1376.15225971497	
24011	5	22	746.740930614407	
28521	5	42	1338.71470517419	
13661	8	8	301.28272376083	
13562	9	10	379.2217691891	
22548	10	11	414.352925761767	
29464	2	30	986.643145692834	
14218	10	29	960.673956387059	
14894	3	39	1244.93108598745	
27388	9	25	824.510391589492	
17568	2	17	581.984073827967	
21632	6	40	1276.27847827798	
19164	2	43	1377.82864809866	
15190	4	29	943.163679271547	
25458	3	31	1015.46765851577	
14465	2	16	553.247821476892	
16208	8	39	1256.09864818682	
17367	8	28	906.974542973085	
24889	1	41	1320.86839756037	
20663	1	37	1179.54395922811	
11213	4	44	1395.34697012759	
16692	1	47	1487.02420505091	
11964	5	24	798.888312056143	
20303	3	14	485.074230025091	
23679	3	35	1127.49321230105	
27657	7	39	1236.8705994435	
22093	8	7	273.748823569039	
17680	2	5	213.809062267565	
28720	9	18	599.079182873983	
24744	10	39	1245.7403203313	
17364	9	49	1554.53246248631	
13371	7	10	376.295977298308	
22260	9	48	1510.32650060501	
19957	2	31	1018.39465367533	
10188	1	17	593.780520201558	
23572	10	14	502.013738016604	
21049	9	42	1333.89744485444	
13122	5	43	1357.00279079238	
10938	9	13	455.328988682166	
28452	9	30	991.703794017296	
13937	10	36	1161.90674575134	
8318	6	13	452.517689230162	
8910	5	17	586.226023038023	
21065	7	12	424.04728991168	
25461	3	7	287.353759541807	
11023	8	28	901.989483992564	
18425	4	16	557.541443294632	
12157	2	30	974.901624999429	
24388	4	22	731.047445652563	
14168	8	29	941.770813568388	
17287	3	39	1240.80196091943	
22103	3	16	547.006419667511	
15241	9	9	324.271971957885	
17574	8	3	140.986066489008	
22386	5	38	1216.41380236317	
29361	4	47	1489.12805466406	
28235	2	49	1547.85261855826	
27594	9	29	933.640475149099	
15071	1	23	773.789511459782	
10070	1	22	742.351169745601	
15305	3	5	220.604102192728	
13863	1	26	852.83408342527	
29502	6	12	441.594773513076	
27627	1	50	1599.19076565615	
20013	3	26	869.977929103178	
8812	2	7	285.688096529659	
19286	4	43	1365.95197767296	
15946	1	12	439.433994423334	
22657	6	12	429.383159069988	
29487	4	17	593.453920499167	
21178	6	25	819.350376622449	
14344	9	47	1499.09585739444	
24618	4	15	531.645554290919	
10189	3	11	409.164603543079	
20558	4	1	97.6372134767646	
22793	5	32	1022.82928089743	
27035	5	30	980.798182012885	
24892	4	13	454.841022144463	
24811	9	7	277.720470483285	
25798	4	8	305.503728308484	
21612	9	23	759.329156148866	
15903	10	27	898.84719856961	
14326	6	33	1082.761616615	
11778	6	39	1257.30836930559	
17016	9	1	84.9383594118703	
23848	1	34	1087.5260428188	
16224	4	2	132.024005340423	
20175	2	46	1449.340434116	
11020	4	44	1401.98085131216	
17493	4	21	704.652465537494	
13564	1	16	554.161119458341	
21558	1	14	480.256969705344	
8632	3	20	663.213279332599	
22611	7	41	1312.97781893656	
22341	2	26	851.099691824568	
25693	6	11	389.072662326075	
21963	6	1	90.9229157170853	
22096	2	17	587.035257381869	
28907	6	36	1154.0693608085	
16166	8	1	81.6656630121477	
26974	2	35	1136.0375063196	
8597	7	4	198.107448871298	
29388	3	18	625.51846592944	
22890	7	5	217.593525153395	
17301	8	5	202.42043694594	
16404	4	42	1341.70610352499	
27164	6	1	95.3608653765921	
8098	1	48	1515.10736841481	
20900	10	2	123.348853012244	
13410	7	7	273.584521465741	
17285	7	17	588.329872651179	
17894	4	36	1173.0115964138	
17099	7	22	735.920004665814	
8468	4	16	548.285783151298	
27247	7	50	1583.02201359673	
10321	4	28	921.756903623118	
9908	8	43	1370.07246681027	
29514	8	24	784.286404207482	
17544	1	50	1594.25240624428	
22221	9	43	1382.45188628438	
29823	7	6	233.664091189235	
9890	1	48	1516.61154355696	
27206	5	19	637.453143111175	
21209	7	41	1324.73069353249	
18945	3	2	119.292801040827	
17495	8	12	419.093406917105	
16647	10	28	915.882578061839	
25647	6	25	818.667735354354	
17096	2	36	1158.06491171851	
14676	10	41	1308.56455115069	
26589	1	31	1011.90636518034	
14778	10	13	473.762924631016	
13768	6	27	900.771661335962	
14349	5	7	276.054807471137	
28289	8	23	769.466221988884	
26857	8	19	641.221707277569	
9567	1	9	353.32873264017	
23917	8	29	945.168091461606	
10896	7	35	1134.88793235965	
26315	8	9	343.232255886883	
17186	7	33	1072.16517744221	
19944	1	5	216.916636925618	
25742	3	44	1405.99158110376	
19816	6	38	1208.39632984642	
13450	2	4	196.322592886315	
17534	4	30	981.14952304454	
11405	1	42	1344.33696503953	
13430	2	4	194.927496181302	
17617	3	42	1329.95580533983	
10948	3	48	1529.34278820145	
18104	3	18	619.000195515808	
14270	8	28	906.636511509603	
22928	8	17	592.782851137585	
9722	5	43	1371.61747452413	
25044	5	46	1448.00157182291	
23493	7	38	1219.42596276264	
29195	5	36	1160.65430576012	
25991	6	27	900.787772396946	
14384	1	4	178.300724112569	
29191	7	43	1383.32703002883	
26015	2	15	505.823525463149	
26391	7	27	876.693130022237	
26658	8	12	437.042456696295	
19887	5	12	414.784301861555	
17493	4	26	861.678156285397	
8978	3	4	194.566948020163	
10753	7	9	352.239935077839	
16959	3	16	539.865197194677	
24785	10	43	1378.81956116241	
13388	3	31	1021.80030631917	
14472	10	19	648.428170982948	
19194	3	14	504.904375348661	
22220	4	39	1249.39847184783	
18629	9	42	1331.0201503574	
9107	3	11	390.286708842165	
25036	10	1	96.747454263618	
27497	9	4	190.6199624532	
16233	4	32	1029.05681326476	
12982	6	38	1208.40810064618	
15031	2	22	738.143277996286	
17595	3	20	674.756441877576	
25391	2	24	800.955081880537	
14543	5	34	1088.71193001452	
16751	7	38	1228.72212351706	
20715	5	23	769.564355634881	
10322	7	4	185.269853670741	
19165	4	47	1480.98007349343	
8385	6	35	1129.15418681184	
12832	8	12	428.053235648225	
16253	3	36	1150.04025922624	
17091	8	33	1080.56740151745	
23266	1	32	1052.54096024322	
22198	9	26	846.867367349038	
27634	2	42	1351.56090233082	
16750	6	45	1437.40873042373	
20635	2	7	275.472047419973	
13085	8	43	1379.87418022932	
29436	7	33	1071.20727924221	
25387	7	12	426.718173561021	
21537	7	1	81.7556448661516	
12922	4	21	708.909587966702	
27828	7	27	884.471767844852	
12648	7	12	416.107935018888	
24512	4	11	388.155499020664	
9537	3	29	960.914617218503	
13826	5	4	194.095820167147	
17114	4	39	1257.23803966178	
25505	5	26	861.762700780184	
12640	3	33	1061.33076568196	
22687	3	45	1431.25411755929	
15252	9	34	1108.80600030944	
27918	6	5	211.597492495364	
16472	6	40	1292.37967175077	
9020	4	32	1040.15744611628	
24571	7	24	788.570588151259	
8287	1	41	1304.86844358261	
14118	3	44	1387.98120000771	
27553	4	24	808.320333179236	
9360	7	39	1245.21994622667	
9055	4	23	756.408302614655	
25157	2	8	313.586874526733	
12528	3	25	823.085748266003	
19944	1	4	191.811961546453	
25856	7	8	308.77930193617	
15514	1	49	1541.23290480172	
24467	2	37	1195.88721073972	
28670	4	39	1258.03700799962	
18567	2	47	1497.83756951701	
17902	6	47	1493.61141993367	
23349	8	4	194.814661422192	
12412	9	8	316.873274034296	
10209	8	22	719.412683210993	
23349	8	20	682.338639703737	
18517	5	38	1206.65245578003	
10288	7	1	109.233690029585	
20086	8	44	1390.28467403272	
22931	10	13	464.84714686165	
16572	9	24	780.556430993861	
24553	8	9	347.807506298557	
18970	4	19	655.468535467735	
11447	9	15	528.031814008966	
16907	5	21	699.217372713246	
14879	8	3	147.823421129875	
17921	1	17	596.79911808893	
24592	8	2	121.234258916804	
25504	10	29	948.969909022083	
28274	2	43	1360.16128849246	
25503	6	44	1406.70992123276	
29958	8	19	642.990314179561	
21985	10	5	212.540286841123	
24780	6	14	487.49084741226	
25739	5	19	651.553847050086	
9634	2	45	1425.98733301553	
25171	6	40	1270.30987094637	
29655	5	43	1368.16877033942	
28748	7	47	1485.8238397007	
18066	10	23	772.659806298399	
14365	7	4	187.328633082718	
9505	4	13	446.922594218944	
29085	8	43	1365.02740647878	
16942	4	16	536.058812167523	
20691	5	43	1359.40047014477	
20873	2	30	968.151280846517	
22186	3	29	946.516104259769	
28247	10	37	1194.380843525	
18001	6	13	469.393317098447	
23555	3	35	1129.25885279163	
16808	8	3	165.727215970739	
23558	5	31	1010.9237560867	
28753	4	31	998.285914118535	
20696	3	28	920.021296720962	
12077	3	20	687.424769013852	
14915	7	16	540.512826880679	
13240	3	20	669.751410758938	
19311	7	8	308.376488605689	
26377	5	38	1214.36950181349	
22442	10	23	755.262327136128	
29553	5	37	1195.01284345752	
15149	2	7	267.545043019366	
27704	10	20	672.262995779637	
21596	2	45	1435.72592224727	
14480	10	46	1451.32708676687	
11746	2	29	934.847255337447	
9484	8	43	1361.07113309254	
24299	2	41	1307.32381400993	
25506	5	39	1265.31942698421	
13905	4	27	893.425350195461	
12675	8	31	1012.02876875737	
14381	4	45	1438.48368544061	
23244	6	5	223.409850328886	
20285	1	21	697.624867734325	
29884	4	10	357.518513778932	
12852	6	11	413.633836774916	
29820	8	17	582.780099819778	
29324	5	4	199.409723300212	
10885	6	23	768.631343864198	
8937	6	42	1331.06609186673	
28120	1	24	801.307316870106	
12124	6	31	1002.41827456393	
20093	7	39	1251.84094181836	
15944	10	45	1419.71105623046	
22161	6	40	1274.43407252172	
20707	7	14	475.786165146058	
17680	2	39	1244.70440006103	
15026	6	27	892.518990120161	
11465	7	44	1400.06607839841	
25165	1	4	191.041020169408	
19169	1	25	836.235922256595	
18075	5	32	1041.93338234068	
10942	1	6	233.799268525932	
19770	8	25	810.56151256457	
23767	7	37	1177.64696284088	
24355	10	48	1519.78359006335	
27110	6	43	1374.65959843931	
18307	3	48	1529.30148423151	
17564	2	20	684.731725400654	
18498	7	14	504.553214807321	
29725	3	38	1207.08014775397	
14772	3	39	1239.19229024984	
11575	9	48	1529.06141654079	
24146	4	37	1175.96796690299	
24578	5	4	197.230084034256	
28337	2	9	327.24353053013	
26612	6	26	867.513905757812	
17924	9	10	380.66104638421	
25975	8	19	642.50278294203	
13591	2	10	353.790932238936	
13460	9	49	1557.7327270609	
13715	10	16	550.341687458726	
10120	5	35	1139.74514474149	
16959	3	47	1483.30340994676	
21874	3	49	1553.95501026602	
19006	2	7	272.59456889359	
15293	6	18	615.704101201009	
9975	2	26	852.551939549182	
24481	3	6	241.29184972555	
19197	8	33	1055.54092162081	
27366	8	40	1290.14285527642	
