idEmpleado	idDepartamento	ventas	importe	
9922	10	11	391.837116401567	
29999	10	6	245.044561179841	
16453	3	2	114.793563240577	
13278	3	2	120.993548538998	
19207	1	50	1583.67106738671	
24502	1	44	1397.8428963748	
8222	4	35	1134.04256243913	
12284	9	9	338.296670363423	
21142	10	33	1057.69787714709	
8894	9	45	1433.52225653526	
13139	6	8	295.242344278489	
10730	3	3	143.143465809125	
19018	3	6	248.018011007466	
15114	4	27	891.489370023594	
28015	4	1	84.8021253220747	
23607	3	15	508.98085174569	
18480	9	39	1261.43740448236	
16019	6	46	1465.3851631402	
19507	7	7	292.602953004	
10896	7	34	1110.51805145597	
29862	4	21	710.997494268696	
12147	5	32	1025.07258794507	
21149	2	17	595.151733437158	
29832	8	29	951.978247273703	
29685	10	49	1548.97537944325	
8545	5	3	146.247585670206	
12035	3	6	252.146020574563	
27899	6	39	1265.24062632827	
13336	5	45	1444.18903667675	
17839	9	29	959.380953497896	
29466	6	50	1570.83549792452	
11602	10	5	213.236699874157	
18442	5	45	1432.14559603117	
17457	9	14	493.555210164541	
11008	9	30	976.519601054732	
12734	3	42	1333.53860108812	
25719	10	21	705.596809976547	
23264	9	35	1142.25840301358	
26767	3	49	1555.10539395507	
29191	7	16	552.144934345104	
10367	10	7	287.3644778353	
11804	8	30	977.387804769626	
9335	5	41	1301.04290888693	
20179	1	44	1392.4312113749	
28019	1	8	313.789742101817	
10778	1	27	895.074216991232	
17630	7	20	676.199621202517	
19320	2	38	1220.80975157246	
25788	10	48	1511.25389381836	
21985	10	32	1025.88643647073	
21156	1	32	1040.52085451806	
12057	9	3	149.899900625413	
17635	4	32	1026.04450776523	
9809	6	42	1328.67800822886	
23547	10	30	989.725925936236	
15599	3	30	966.7645284565	
28860	4	39	1249.89282774268	
25002	1	23	762.815315966874	
13503	6	4	172.018169095748	
13770	10	48	1517.42348171651	
19251	9	38	1225.69687580024	
22052	6	46	1468.80193611086	
13652	8	14	494.107633686675	
8542	4	4	178.316923649198	
14354	6	46	1462.68675861074	
17447	2	3	162.005644404332	
12743	6	8	310.997869777958	
26830	5	42	1354.46280084293	
21564	9	48	1514.96976896886	
16903	8	9	351.263524233952	
22588	10	44	1403.38404176914	
15656	2	4	199.179001468783	
11397	7	48	1510.27976918513	
21724	6	42	1340.4580186589	
20466	6	28	903.15357362067	
13707	9	42	1333.60968949907	
29964	2	41	1324.02967905813	
22641	2	24	802.720522062257	
28973	1	21	718.188505171886	
17254	10	22	733.901162452019	
17902	6	33	1070.04796446769	
12540	3	19	631.336269002099	
19623	3	42	1353.98673250991	
14741	2	14	498.302600206017	
15056	6	48	1518.86009897984	
25091	7	47	1500.9355972991	
23173	1	24	787.192192108926	
16067	5	4	183.467587802311	
25483	1	34	1103.8292842283	
20028	2	1	89.7550725982315	
24839	7	3	163.64577334544	
13681	7	49	1542.78149400967	
25080	9	32	1050.24023391783	
27605	3	2	117.681912238562	
29479	8	28	926.448058544867	
29762	1	12	418.562541724445	
23538	2	16	563.280171082951	
15682	9	37	1202.72598523774	
10664	8	48	1529.74445276416	
18988	1	5	231.784097697485	
19748	10	20	664.076347213274	
23341	6	28	921.736820359592	
19599	8	41	1305.8399826036	
17993	4	39	1239.99036958441	
22672	5	38	1222.50239470159	
16422	6	28	921.341853049277	
28209	3	6	239.620131440284	
9218	7	40	1285.58648910634	
22093	8	14	505.524434608186	
22160	3	39	1256.11623643717	
8449	8	39	1242.73484939837	
14430	10	15	527.172305680426	
8126	1	2	124.626810794988	
28999	8	32	1038.11700664373	
11235	3	15	527.375517248817	
20542	6	20	674.360606798139	
26549	8	4	194.815203600943	
18178	3	50	1595.80503348066	
14778	10	6	259.456824669361	
16094	7	49	1561.75116131164	
10394	3	30	974.813452295406	
21113	4	5	207.530281975647	
15153	10	9	330.63351661462	
11110	10	47	1505.21469637063	
27031	4	7	267.617750888512	
26706	3	46	1460.60254775947	
22967	9	23	748.93876755095	
12856	5	46	1472.59785694657	
15075	1	14	494.009960114029	
13068	1	16	564.591031896226	
22533	9	26	850.329518416119	
19610	4	4	201.303693820398	
10241	8	27	872.976069298096	
26213	1	17	566.404407474401	
10064	5	3	149.824815238744	
27555	2	5	228.311144108098	
26783	7	28	925.496286398497	
12323	8	4	193.996362925505	
23040	8	27	875.800205504429	
26878	4	20	677.518245930559	
27611	9	42	1341.31546585882	
28247	10	34	1101.60570300259	
19009	7	40	1277.94315319413	
21237	1	45	1447.71304779114	
16247	5	13	447.020223199865	
9681	6	39	1236.47346766501	
14292	3	47	1498.15468321468	
27162	9	1	92.1232272741027	
28191	5	37	1190.30639498974	
14676	10	9	332.087451746728	
28581	1	8	303.747338123502	
21865	9	17	567.475137602293	
9649	1	32	1023.26916056837	
23323	1	49	1567.99329145252	
25656	7	26	856.970645402079	
13203	9	16	536.546065237627	
10814	9	20	671.103303744971	
11830	7	44	1400.62528623297	
11352	9	32	1052.37261869589	
13240	3	43	1361.89984694212	
25458	3	6	252.403085498327	
21533	4	10	367.022274493716	
29611	2	27	871.576528992307	
29440	7	49	1540.93340271196	
28334	5	14	485.786718021048	
23651	3	35	1121.43115557797	
22552	10	39	1254.19623638233	
11020	4	36	1158.22240332059	
10929	5	30	968.292191404985	
21130	2	10	379.064373140719	
9948	5	42	1348.86432039964	
21681	10	1	80.8188406754373	
18044	7	24	800.004827976229	
8234	9	37	1181.9385787388	
27724	6	8	300.435695452818	
12951	2	46	1473.20774929282	
26275	6	15	529.587128781521	
11111	6	14	482.920468823482	
15245	8	35	1138.19447317077	
26026	7	19	631.144283223499	
16457	7	49	1562.44786454479	
16557	9	22	736.815540276848	
18050	7	10	362.291461956823	
15137	1	6	241.922508367301	
8669	3	9	340.843693772724	
28894	6	10	362.854380813825	
22941	4	23	778.034533252024	
14402	8	28	904.982777845572	
22167	4	41	1309.43376207232	
20384	6	38	1213.27875000112	
8979	1	36	1157.20784036313	
28803	1	35	1124.87100016553	
13837	9	22	741.623744229611	
12952	6	35	1113.90035856231	
27318	3	14	505.115160432232	
27716	1	33	1054.2931913651	
25995	4	8	310.029174010283	
18825	3	42	1337.00975048217	
24105	10	32	1041.92632977009	
22530	4	28	925.589067621896	
14793	10	50	1582.27723128268	
11616	5	12	419.932279894097	
23461	6	22	723.831035869117	
21666	8	27	891.242021849026	
25570	8	17	583.223131347086	
10242	6	8	302.928497448065	
9534	5	43	1367.47030962606	
8615	10	45	1441.33058182957	
8965	3	42	1347.55759599971	
18473	8	30	983.762896109262	
11637	4	1	86.9589364561061	
29869	10	7	268.18283492149	
29621	6	9	342.430813062205	
27404	5	14	501.228335472396	
25879	8	44	1399.45198239733	
18389	1	35	1115.58754522148	
29431	10	1	84.7308125368929	
21123	3	21	709.654020625006	
19732	6	40	1280.08970893924	
9172	6	5	202.932337207223	
12530	9	12	423.396622325944	
17106	9	12	429.213458536758	
15065	3	46	1448.78864124827	
29998	6	42	1355.01344140387	
26394	9	25	821.856532777593	
13669	8	8	303.993320234117	
20413	1	29	939.195096445826	
21460	2	40	1286.10446941392	
14229	5	23	756.82341830657	
9568	3	26	846.142504087716	
21652	1	39	1243.17857528253	
11057	4	24	792.577378299356	
28862	2	32	1040.99413905339	
28356	8	7	292.605405548869	
15903	10	19	648.867051940815	
17054	3	38	1222.51558465069	
14170	9	1	92.9845044077302	
29575	6	33	1071.0494401078	
19553	5	39	1258.69937702022	
13211	8	2	117.915196324659	
16495	4	17	595.384071187761	
14281	5	29	936.703951422453	
18077	1	36	1157.42518184587	
10487	4	11	405.67086596306	
25603	7	38	1206.31981354501	
19727	5	30	969.025005441636	
8712	2	26	862.44018710332	
29794	4	8	320.395408757215	
15985	3	41	1314.44837616498	
13779	9	30	989.527615210753	
16726	8	32	1049.56237882821	
8230	3	37	1200.37515338528	
25383	8	2	136.920041542929	
16582	4	28	918.993992562869	
29238	5	17	582.192445295952	
22771	9	38	1233.06377274593	
20372	1	17	571.143638645831	
17264	2	30	968.817594465249	
11942	5	3	149.385489071433	
8908	10	10	359.229811112969	
17410	3	30	963.733401002238	
22295	3	3	161.365840212147	
8566	4	23	764.507163523001	
18555	5	17	581.41509191199	
28452	9	42	1340.58432082673	
15242	6	27	894.38155815675	
17595	3	25	827.188695868099	
18096	10	2	129.825407513336	
8561	8	46	1452.36128353158	
9358	5	6	256.936397746641	
24355	10	34	1102.60304081375	
28853	8	18	613.681372429096	
16400	1	32	1050.95464360479	
20057	7	39	1242.17451261458	
28643	9	38	1207.54826601946	
25911	2	34	1086.69267090349	
8605	9	27	871.788276690891	
21551	4	35	1123.11777528521	
25868	7	5	228.693627858857	
17493	4	46	1452.83152733596	
12747	3	32	1041.5531331308	
21361	6	21	698.799687688611	
15698	10	50	1571.65609324894	
20166	9	43	1367.29580309582	
13608	1	44	1396.58012525951	
14804	8	2	122.803421897256	
27729	5	22	735.657336756428	
16647	10	5	202.000146490522	
14138	6	41	1310.41296025292	
22914	7	31	1015.80327919489	
21372	9	22	731.371946004858	
9605	3	22	724.166909942481	
28929	4	31	1001.66395103636	
23707	9	30	979.469565907246	
16029	5	23	754.181795322421	
12639	4	15	514.018230975614	
26685	1	6	252.196787899452	
22583	2	19	656.010089933877	
9803	9	20	665.086545136332	
29730	8	11	391.938255388261	
26376	9	5	221.836309573537	
9387	10	25	812.614779589984	
28785	7	13	468.034125225634	
21335	1	35	1137.51197841834	
18898	10	47	1486.924574397	
18853	9	15	515.881006399114	
9101	5	5	229.420509780487	
14532	6	14	494.745528928351	
17831	5	41	1311.44572654341	
28470	5	34	1095.49977439246	
23723	6	12	441.275496055035	
24496	4	32	1048.02586336063	
23352	1	25	820.123966606392	
8273	2	8	296.553961735477	
20215	4	28	917.676677982172	
14410	6	9	344.933713313627	
14976	5	4	189.709746963209	
19532	7	31	997.211360427184	
21473	2	24	784.834966652484	
10316	1	41	1297.78089892947	
19935	2	6	238.724221400322	
10113	10	21	705.188549377578	
26176	7	12	419.412447260419	
26471	10	15	516.558004336692	
28343	6	35	1125.56445174178	
16129	3	13	458.436130871268	
14306	8	38	1212.01742139273	
24645	9	3	151.485077697544	
22634	9	17	567.992717292156	
12970	10	23	773.530035043848	
28203	10	28	914.49588300404	
13584	6	8	295.778186757014	
23707	9	16	538.031230148874	
21564	9	45	1436.7553724706	
20800	6	41	1310.99521776242	
9857	5	8	308.938353540813	
18544	1	8	310.765562462977	
26287	1	15	514.144114830598	
24889	1	47	1480.37122869881	
24670	9	29	960.699118860391	
11644	8	47	1493.38291211677	
17207	7	8	320.911807828076	
24429	6	14	490.554419947115	
24831	7	8	294.913185860456	
22077	7	19	654.527783139855	
18692	3	40	1283.34608264423	
25828	3	47	1504.04294333609	
8332	5	24	785.109989300887	
14281	5	3	141.792887925074	
29319	10	14	489.248082008794	
12431	8	11	404.308484012405	
25789	6	26	854.985427472268	
23950	1	46	1471.17512328139	
23750	7	30	967.30564620686	
25002	1	6	233.214033987938	
13859	6	35	1116.64776019596	
11339	9	13	473.202332329565	
12045	10	49	1551.47612088894	
23917	8	1	91.9475266765559	
28763	3	34	1108.48844352574	
25181	1	28	903.863585006382	
29366	5	3	157.935432082943	
10905	8	48	1526.7528116362	
25002	1	18	617.915691499559	
22906	7	6	261.003891388422	
17681	1	5	225.49730929802	
10767	8	17	589.994633211752	
20981	10	30	983.368594135795	
11638	1	17	585.558743973057	
21964	10	21	688.73832444136	
14518	10	2	114.16815085065	
12325	8	40	1275.56563213261	
16000	7	35	1116.84013172837	
13117	8	45	1424.13584779209	
9719	10	44	1404.3979868127	
17104	7	48	1517.81241357225	
18364	5	8	294.634129430463	
9229	1	5	204.499261399964	
26107	4	46	1462.03022119684	
9021	8	45	1442.21836909755	
24819	5	16	554.393187535178	
25000	1	15	506.907432091845	
16804	2	1	89.69218977247	
25461	3	3	158.744635283362	
17286	7	13	449.221551031443	
8327	4	2	139.510455531771	
19714	1	12	424.603063475621	
11674	5	36	1170.72558394201	
29615	4	40	1283.54133848266	
13025	6	7	274.34745756646	
10262	3	45	1435.73602121125	
15983	3	10	359.289441574034	
18188	3	14	502.196588154042	
26731	9	13	451.882785173078	
24116	9	2	136.835533854009	
11339	9	44	1415.44748003383	
26225	10	11	394.158996191881	
18075	5	46	1472.63872844756	
29553	5	2	113.909294472034	
15315	5	15	509.030473841834	
16010	2	23	773.351449432481	
24280	1	18	600.674349200295	
14815	6	7	279.55124532783	
20516	10	33	1053.05456348371	
20899	2	13	455.079931158144	
11565	1	22	728.742851879794	
29213	8	42	1338.1452957439	
15313	3	2	127.0392754893	
26023	9	36	1162.90765939416	
22879	5	8	315.401620415692	
8666	6	28	902.013630765497	
14241	3	9	348.703070929601	
23701	5	3	169.445899692106	
11598	3	6	249.729157579005	
18272	10	19	634.095255990557	
16424	2	14	476.956152914537	
24279	5	3	148.243242310473	
8145	7	46	1448.00817635283	
21524	4	6	248.694140468116	
22911	9	4	201.49343585665	
8473	7	44	1400.8942458224	
29152	6	31	1019.26904926974	
22774	9	41	1299.82725565314	
20994	7	11	391.211286406597	
14292	3	26	853.002303230112	
19038	6	42	1354.87870927662	
16744	4	26	853.369043978569	
28114	4	22	744.957346555291	
29772	3	43	1367.30031393808	
13923	7	50	1588.95050677888	
14841	8	37	1203.65341738037	
12799	10	12	421.995400982907	
12799	10	3	170.58996692793	
14262	6	32	1032.999747355	
25564	3	23	748.86691966507	
28183	1	49	1553.71883833488	
17408	7	8	307.356186764015	
24646	1	19	636.637626288756	
28072	8	41	1303.66470412522	
15295	1	41	1320.47869915165	
19340	2	11	401.365159787873	
21140	8	10	377.563787986321	
15613	1	1	87.8179245478557	
27130	9	32	1048.13971806697	
29529	10	30	972.333826800964	
18304	3	36	1167.03295028165	
10387	3	7	269.843541881928	
10753	7	9	332.467430575037	
14404	1	45	1417.78752918252	
15965	10	39	1259.87938093947	
12753	4	42	1347.20423772335	
13445	3	16	546.150819839049	
25334	5	41	1303.94458797944	
28661	6	48	1512.41585861538	
12441	9	21	708.136228019435	
17896	5	42	1354.08240016274	
18804	9	28	900.847093547158	
21820	9	47	1488.33995892123	
9127	2	7	280.052260253603	
13872	7	21	700.201221881528	
12863	3	46	1475.37380790122	
14713	5	20	673.187949188607	
21494	8	10	359.738961551217	
17133	3	36	1173.95715261528	
17537	3	21	711.748203035327	
9953	5	16	560.01822978259	
26380	5	6	258.113104001672	
12837	8	22	736.446152337103	
8146	4	34	1100.86223791394	
28631	2	20	680.376417655673	
9538	4	6	249.599966150522	
18381	9	34	1111.60561602172	
14129	2	5	224.343472227614	
18519	7	15	528.215441316466	
25080	9	44	1400.12827606878	
10126	2	34	1103.33045783608	
21402	8	31	1011.45112472188	
25801	1	9	331.687537586171	
8085	5	31	1018.87745960563	
25801	1	40	1285.96935294847	
13586	2	36	1165.03516739469	
13270	1	18	600.901613403532	
29093	10	28	927.16981737277	
10296	9	4	187.420932998611	
17924	9	8	321.746269055524	
28312	7	22	737.502597541317	
10440	2	21	718.050813003467	
11008	9	6	258.174108312546	
28122	5	11	404.863519335568	
12648	7	31	994.784519502327	
8462	4	22	732.871744787726	
15440	6	12	419.016227842782	
14296	10	12	436.585366035153	
14871	6	20	683.46348224369	
23440	2	45	1445.10489125042	
26373	1	42	1328.17721059927	
23321	2	1	97.8248264351044	
27195	6	15	513.860771932574	
12079	4	12	416.391515031639	
12159	6	14	492.315597018374	
18172	2	30	988.919846279975	
24744	10	35	1133.39738954482	
17721	8	25	831.605192661102	
12945	9	25	817.411111526848	
11756	5	34	1090.27941478895	
23644	2	8	315.598621701635	
10170	10	11	401.807347611434	
23858	10	26	855.729146662973	
25628	7	4	192.287582546606	
19526	3	38	1204.80577018336	
25444	9	12	422.63127544086	
13574	10	19	649.159555960987	
9593	10	16	549.4624993156	
18066	10	17	594.082907305138	
9621	9	35	1135.16605448684	
16381	2	29	954.472194497693	
29611	2	42	1346.01813181584	
26021	2	6	252.318028552606	
23695	8	29	932.210883559757	
12579	9	50	1574.24560549401	
12159	6	45	1441.96741677912	
22216	3	50	1599.93899568913	
24990	1	11	411.582633001536	
25479	1	4	186.077718411608	
11679	2	49	1547.50467286795	
17311	7	45	1430.58373830774	
11501	3	23	755.020249986565	
22251	8	35	1140.87998998392	
11636	5	20	683.110550066042	
28303	6	3	151.95106546951	
9994	4	34	1085.50563140097	
19596	1	17	577.590352789308	
21505	6	48	1515.29602255453	
12587	5	18	606.561862587259	
29214	3	10	377.04950666849	
23185	10	2	111.637777849863	
11158	4	43	1369.29642074243	
29479	8	4	189.758705845922	
22419	8	21	697.141518209661	
17879	10	1	86.1476473538893	
23783	1	12	415.695249929882	
19118	4	46	1462.32166634049	
26864	3	3	145.88652576594	
12877	6	24	800.05774915221	
17593	9	19	652.153244061467	
17312	3	3	163.71218882674	
15670	1	46	1469.55372852718	
23209	9	45	1442.50245873002	
28748	7	36	1148.29742775685	
16901	5	17	570.632696752731	
24860	1	50	1582.15907878343	
29945	6	45	1445.5067978825	
23047	3	37	1181.64988837282	
12049	4	12	442.145909537629	
20175	2	19	650.348180239251	
15137	1	30	988.98085059085	
29159	10	24	801.814756543289	
9042	2	22	725.527474249493	
21817	10	26	869.906438658902	
22555	4	39	1259.69567648121	
22273	5	36	1160.57837171507	
27960	1	26	860.927357627511	
21770	2	6	252.618596596931	
23042	7	2	120.336517077096	
27342	10	4	199.300138782384	
20034	8	45	1445.04092265155	
14682	2	22	733.863533406455	
13106	4	49	1542.90063672834	
18929	8	8	297.033400636648	
25044	5	34	1103.52827663698	
25819	4	37	1185.17577375526	
27011	2	39	1236.25942596992	
21586	7	36	1155.17651034294	
14344	9	28	926.063236205868	
25034	10	39	1238.55035556413	
15404	1	50	1579.64575043863	
15289	4	48	1534.05246992319	
25365	9	38	1211.52488384933	
24199	7	35	1133.92447435014	
27147	1	46	1463.79248404121	
25214	4	49	1561.03000978056	
11355	7	28	912.51779125655	
17838	9	50	1592.58256222707	
9274	9	4	192.477853313311	
12471	10	3	169.791986686081	
21886	3	39	1239.99883351847	
18969	1	31	995.940464416491	
19594	9	36	1153.1501130169	
12587	5	49	1556.21368234801	
25930	4	30	988.06865607764	
8449	8	28	909.823021306574	
25937	7	22	723.768946492937	
25513	1	28	919.85226718702	
18578	9	32	1037.44584172845	
23400	7	15	525.569275638819	
12970	10	36	1154.76789230237	
15077	8	40	1289.70306974356	
26248	10	1	105.550008688844	
24819	5	20	680.757610369826	
24158	5	24	807.112321409915	
22076	2	32	1029.84865542029	
20922	4	48	1526.65309179884	
8500	6	38	1225.46905809337	
18108	1	2	124.769151119873	
19125	4	30	985.456922997468	
10444	7	12	425.899652813515	
11184	4	10	370.330287539554	
12258	7	9	335.586652166949	
27440	9	24	803.595553973501	
25042	2	20	670.702429800621	
9319	4	33	1054.92838066766	
14793	10	37	1190.28987269396	
21678	7	37	1191.60299989935	
28366	10	31	1006.11395461769	
12481	5	41	1298.66566670065	
22068	9	9	328.06058045852	
10341	8	26	868.344795400437	
12386	5	2	140.14074328362	
22309	8	49	1550.54453039102	
13851	8	16	559.301305263909	
24819	5	15	529.100458235061	
18825	3	37	1180.71342038955	
27876	4	50	1586.68695438033	
28412	9	28	908.964744559007	
13191	4	7	273.705255330403	
8643	1	16	541.406827262326	
22717	4	11	396.407158782895	
19398	7	4	197.730668614493	
16398	10	14	480.493960567049	
26912	2	3	163.782463261756	
23400	7	10	369.942680695068	
18945	3	47	1508.50246123434	
8223	4	18	610.767273479499	
28303	6	11	406.812152940227	
26725	2	15	513.943828620922	
14969	9	2	114.376917981718	
28131	4	40	1287.04873316318	
23779	10	49	1547.8134111072	
17024	10	24	807.020930315843	
25639	9	42	1343.89233387257	
29528	10	29	949.668545978921	
25381	4	22	740.353812249542	
20372	1	12	429.554559043401	
26878	4	30	965.511252547387	
26170	10	48	1533.14027540998	
29502	6	41	1319.53314861261	
27013	7	35	1132.16594659359	
18544	1	48	1513.73831256932	
14585	4	42	1338.7801750278	
9101	5	7	277.508695180299	
15593	2	10	366.423096901934	
21519	10	38	1229.56232645994	
26375	10	3	155.005478297828	
20846	1	4	201.456305105917	
29401	5	10	358.011863174854	
21394	1	46	1449.13523503073	
26277	3	49	1539.96613741851	
17641	9	11	396.504313534361	
17921	1	46	1451.06389578947	
16032	2	15	524.050095735141	
13188	10	1	109.492494030619	
11930	2	6	252.599618925061	
18804	9	46	1455.0926915999	
17561	4	22	719.813090711745	
27742	2	10	380.759749105554	
28785	7	36	1146.42591943332	
24081	6	20	659.522599214466	
14138	6	26	864.790846959125	
28181	9	17	572.170125996773	
21358	9	39	1264.28874871893	
19118	4	19	641.011847295338	
14402	8	28	920.531384293237	
17386	1	29	933.119812967777	
29039	2	7	286.652196518449	
16476	4	38	1209.63275928499	
12546	6	44	1388.74664598552	
17963	7	25	831.158861346151	
23246	3	21	701.175701832946	
21993	3	30	975.824469149031	
9181	10	16	554.172106717793	
11273	1	31	1009.24088066874	
25017	1	14	482.66884621357	
15173	9	13	458.950493586692	
21068	6	7	282.98526538675	
26361	3	44	1397.35936635982	
28166	8	22	740.380354235126	
25835	3	45	1433.49698293651	
11992	9	14	489.310968373581	
10638	9	2	128.800289765373	
17570	9	20	664.808593590189	
17750	7	4	174.41078056321	
23893	4	30	970.544419628822	
29220	8	4	176.749515317729	
26882	1	10	362.970834580702	
9247	4	41	1314.39983984195	
8642	8	23	777.06892705386	
9544	3	27	885.261120649642	
16698	8	41	1309.74146833166	
19400	7	20	664.751503441833	
25876	10	13	466.714355976653	
26391	7	22	740.010549398144	
12223	8	9	347.375099634461	
17208	7	31	1021.56818657255	
10103	7	3	154.491426308868	
25255	10	39	1236.49684788496	
19186	3	32	1045.8917126087	
21576	8	10	376.442513492164	
26412	9	46	1468.35328177938	
20166	9	17	591.823545820929	
8121	2	17	569.265217189335	
29243	6	21	697.976373684582	
26025	4	28	918.790435585561	
25603	7	31	1020.67984438533	
19256	5	30	976.891789071677	
14116	2	35	1114.8092150664	
28991	6	38	1226.82364781705	
12113	3	44	1393.64912533837	
10183	9	39	1252.10742621315	
28629	9	28	922.453724351923	
9876	1	39	1240.37939487043	
9105	10	41	1312.92893649681	
22068	9	6	250.211630840884	
29225	6	25	815.990557193752	
8108	1	47	1507.36153240658	
13104	3	36	1169.87796815572	
28412	9	40	1270.46742766652	
18153	2	25	823.781868975508	
10917	1	19	650.148978387075	
19439	9	17	572.252356676502	
29095	3	15	512.563832231128	
14262	6	17	583.485525335877	
14329	10	35	1121.4173930145	
22287	5	2	116.424198391114	
15133	4	17	589.110113172378	
28524	10	44	1414.16155731965	
16942	4	22	741.86578103428	
26517	10	33	1061.10065964102	
17413	3	11	384.459067277824	
11395	3	19	646.488417501789	
14999	7	12	431.467653751125	
22548	10	12	443.937840742961	
8568	3	49	1565.14370115713	
10934	9	47	1497.48742255265	
29052	1	36	1159.53507257604	
9544	3	49	1566.83221990561	
9340	2	26	855.620344977649	
25548	3	49	1549.86457524349	
28059	7	24	799.857726246052	
17311	7	26	848.161619514302	
26294	5	3	167.576192024898	
11778	6	30	983.419801715491	
27648	7	38	1233.15369443649	
8523	1	13	467.287743979733	
14776	10	32	1024.3721085714	
8734	5	23	753.785419479844	
15057	5	17	569.79891855726	
13922	1	35	1131.38454244071	
19684	8	35	1114.20665416597	
19755	4	17	584.613458153146	
12913	5	49	1566.02942021844	
24358	3	8	302.109843633189	
21885	7	41	1326.29353510509	
23061	4	30	976.100925102877	
24169	3	3	159.2597135898	
28509	6	50	1585.77969185346	
21951	7	37	1176.55898067009	
21473	2	27	882.366237194448	
22709	4	15	511.569731212952	
23122	2	36	1162.73023175203	
24350	5	13	452.94343403212	
15026	6	6	245.722988176031	
20042	8	34	1089.19005806054	
10672	3	20	685.619008711362	
24606	8	17	570.986070600797	
16676	9	27	876.441554127467	
8136	4	42	1347.78523533968	
10178	5	9	352.724208288232	
19961	4	39	1256.45548461771	
8406	8	49	1540.52931250098	
21288	1	11	394.257623178073	
15709	6	41	1320.60285242302	
13689	5	1	103.924142729456	
17269	9	44	1401.98735887277	
8402	8	14	484.676164651604	
12154	7	35	1129.14403051564	
21956	6	29	950.331830899386	
28228	1	22	734.129649034762	
25293	3	21	692.052089819709	
8402	8	45	1435.32469369253	
8413	5	28	924.36263876239	
19473	3	38	1210.48123859357	
9762	9	49	1546.89400547505	
11225	7	44	1399.84560912468	
13555	6	20	680.458997283345	
29228	4	5	209.357810117937	
20450	7	21	717.644305637872	
13875	8	20	669.042776054257	
10722	7	45	1418.22770896285	
24184	1	36	1173.75538072258	
8105	6	13	470.273239235521	
12069	6	50	1573.2541077832	
24495	5	35	1118.29484403054	
12079	4	39	1237.12749449402	
11101	7	14	475.218185482183	
8460	2	48	1521.85320384887	
22636	6	47	1494.22974365495	
28210	4	19	627.53468572513	
27269	7	47	1496.30167337894	
29824	4	5	227.930554443938	
9059	2	31	1006.00018414017	
24313	8	8	297.074710269028	
18112	4	46	1474.929057823	
24103	7	36	1173.67734166499	
12772	10	7	270.355834975073	
28491	9	9	325.426567795419	
18487	7	7	278.185700903733	
13336	5	48	1524.30617623232	
17676	8	17	571.424760451273	
29689	2	19	630.115683074163	
15508	1	21	715.447860954072	
14531	9	15	522.429331635325	
13586	2	7	270.314147374739	
8184	10	20	676.245037520418	
21954	10	8	318.367592989638	
19610	4	26	842.462195438548	
14404	1	8	298.82898270098	
21862	8	40	1289.34444893587	
17958	9	1	85.1600114280172	
25259	3	12	441.628260482861	
25211	6	6	238.797248489595	
11550	5	23	758.742459285419	
20551	1	15	534.49649932538	
25227	7	3	162.700103895133	
8970	3	36	1150.25607326546	
24174	5	12	421.003515394872	
25630	9	7	282.308008392485	
9952	7	13	466.796648235431	
16054	1	31	1006.76917339059	
26677	7	16	562.822960802737	
24137	9	38	1234.91428686069	
23859	3	11	402.797145174256	
21342	2	25	837.827975655826	
11558	5	16	544.121535375771	
11106	10	15	509.324509552365	
19705	5	21	707.287928493362	
20188	8	42	1335.55218077058	
17357	7	13	453.21666381006	
19811	2	38	1209.4897741496	
24061	9	12	435.032429487925	
16845	4	48	1531.1721092142	
22666	8	24	793.338129405555	
12675	8	4	177.618015602984	
8008	7	26	868.112025888689	
28668	5	16	538.307519768508	
20097	4	49	1547.8439076002	
28078	10	43	1382.93996040846	
26416	10	15	522.049806510121	
19945	2	31	998.759901504386	
17022	10	38	1232.75599004363	
18425	4	41	1303.02422114789	
25318	5	7	284.88529471908	
12108	10	18	622.374674297112	
17105	9	35	1134.67341289607	
10339	8	50	1589.13330595434	
25353	8	9	327.257724854749	
23119	7	43	1362.57821094365	
9176	10	44	1392.22895392786	
26421	10	1	103.421268399535	
20232	6	46	1449.3523195802	
9757	9	2	123.118559402935	
22068	9	44	1411.3890526683	
8902	8	18	597.537002841726	
9370	4	1	88.6017996485353	
16392	5	31	995.201396213472	
21538	1	11	392.650715779816	
8228	4	40	1284.6013559795	
23070	8	41	1326.19261199897	
10297	9	6	246.920527968053	
16492	6	38	1211.07966449628	
25517	3	34	1106.91001466797	
13403	3	45	1445.61231889092	
25741	5	3	159.854674786262	
9850	7	39	1250.12758194009	
9911	10	15	510.456151268657	
24572	5	32	1045.45911908404	
14126	3	20	661.124443682434	
25883	8	40	1266.38447343669	
28990	10	38	1224.39258412663	
10950	7	37	1202.41216566526	
27412	6	19	638.06355498641	
15085	7	43	1360.25820188236	
25174	8	33	1068.03674673105	
22079	5	43	1374.01318334696	
11551	10	26	859.79873965485	
9609	8	32	1030.02899214161	
13080	3	43	1380.42247087714	
25764	5	41	1303.15456275975	
14529	5	16	554.988229421428	
11110	10	6	262.066784697616	
11572	7	29	944.709717549714	
23084	3	49	1543.32322684271	
9020	4	12	429.795395410524	
19190	1	43	1360.1374545694	
11813	6	11	391.913870084991	
10232	1	4	199.783056545902	
22776	5	7	275.801126563829	
27056	6	3	169.016215954449	
19110	6	46	1472.91062967522	
28185	1	5	225.656803988692	
9536	9	9	343.242551620697	
17453	8	2	136.747348409494	
18704	10	10	355.129278542068	
27117	10	44	1387.68023700811	
16080	6	5	205.845975375663	
29292	10	46	1457.41190225697	
12595	7	5	205.030619932819	
24106	8	30	972.24709235702	
11408	6	21	704.217261627418	
23945	3	18	623.674186870304	
27113	9	40	1266.13328117232	
19154	6	4	176.193737506957	
26513	9	6	247.836369801236	
11616	5	14	501.009102734276	
24638	9	27	891.288764593792	
23598	8	10	362.860357520571	
13068	1	12	423.352305937257	
16038	2	25	823.523819494771	
12025	8	25	828.803059993686	
9700	10	49	1565.17240407186	
23651	3	18	612.228244902672	
11035	7	50	1581.44679321975	
19396	1	26	851.20438257754	
22386	5	50	1584.85374327044	
13102	4	9	346.369946946562	
12423	7	36	1163.58678782526	
13278	3	34	1095.8169234804	
26209	5	11	399.717220216858	
8346	4	29	938.213711855101	
24455	5	11	390.673094722756	
9188	2	26	849.65799252021	
11398	7	17	572.108227727985	
22372	7	44	1393.47384376147	
15698	10	33	1078.73578013793	
26812	5	29	939.169614044563	
23592	7	17	581.316206576916	
11317	9	34	1085.12892334029	
23449	4	40	1280.35650972294	
24921	1	39	1248.16720797129	
8929	4	31	1002.38683739788	
23683	9	28	904.998372208792	
11992	9	14	488.175378520123	
8003	2	20	678.937301132333	
28412	9	48	1531.31404255112	
9241	6	17	595.933503525301	
13107	2	26	848.515980042757	
29187	1	43	1375.48685704148	
18287	2	48	1528.78629267625	
14541	4	16	548.848689975612	
26495	6	1	109.05351256442	
14531	9	43	1376.43075060864	
19234	3	32	1052.27730706906	
8568	3	29	940.213155960763	
22433	1	47	1507.73822560335	
27760	8	38	1213.42855908602	
25098	2	10	361.795758400949	
17244	9	27	885.542965831954	
20848	4	10	370.275535271631	
23933	8	35	1121.31029006155	
12593	6	19	642.259187550405	
21123	3	12	441.594978776572	
8693	3	44	1405.31339971596	
8063	8	2	114.033380501919	
27760	8	11	393.544166904662	
11311	8	43	1374.01619435009	
21113	4	23	774.02505344433	
18479	3	10	382.719893745482	
29621	6	23	769.100589663303	
14567	6	36	1161.83948868971	
25444	9	11	389.972558016876	
20665	2	27	877.731434180276	
20496	8	22	742.995796214322	
20364	7	37	1175.35661152348	
9640	4	45	1426.4162225958	
25834	2	22	740.17403186307	
11020	4	5	204.052866382549	
26374	1	30	982.509492087415	
29962	4	28	919.890340026417	
21490	6	33	1068.92023974514	
27097	5	34	1097.8539669038	
18736	5	44	1388.09993078378	
20871	4	36	1167.03063080415	
26769	1	46	1450.86853024125	
26812	5	28	909.160199290682	
23821	6	18	614.242344114111	
29084	7	44	1397.38068545115	
10020	9	38	1231.89507176722	
12470	9	47	1485.73561815812	
15252	9	46	1465.30722105191	
15061	9	19	657.373855643614	
15766	6	40	1295.77324074496	
24090	3	24	794.853388068664	
18664	10	6	239.046219661388	
22685	10	20	685.908020420888	
14665	9	19	640.79185862131	
25259	3	34	1099.68497249283	
25519	2	13	454.141998018204	
29392	7	10	365.393134227671	
13388	3	6	237.29784820103	
24103	7	45	1421.90845008097	
22868	7	16	545.796086297275	
14780	9	20	686.386267378175	
8039	8	13	446.946803986536	
29085	8	6	238.876131958736	
17254	10	25	831.322078384143	
20942	2	21	713.434954394323	
10745	9	46	1476.92069554558	
21105	2	35	1113.79693336496	
18822	8	26	847.564193740284	
24732	1	34	1089.37569270347	
28497	4	30	979.286266313533	
23405	8	49	1565.65262580554	
28735	3	28	901.355295526495	
10106	5	1	103.456323157743	
22643	2	26	854.159256766624	
15743	9	27	874.564347972425	
8179	10	49	1554.44486947472	
27164	6	24	804.873181211237	
12520	8	43	1379.30182279055	
11235	3	50	1576.63550889894	
9641	4	35	1142.12998167711	
17127	8	14	496.984275587361	
20170	7	28	903.793368611389	
28149	6	17	584.465633046099	
16712	1	21	694.199317271914	
25600	5	3	162.878046111613	
28089	3	17	583.949576552934	
9801	7	17	569.448591102589	
9020	4	26	865.624363974493	
16069	9	39	1240.48905937024	
11522	1	42	1349.91086836434	
9475	3	21	697.116357859744	
29107	1	23	762.592491825387	
11184	4	39	1247.01178966417	
23701	5	19	632.057880606529	
10997	4	24	781.713663405605	
25936	8	24	800.083826817611	
17630	7	40	1291.99239828251	
15380	9	3	157.838120906538	
23360	10	47	1500.80738971979	
16504	2	48	1520.45998990557	
15176	7	4	198.098138402262	
23669	7	21	718.171424417836	
28444	3	13	455.931528348444	
22745	7	40	1278.08758933008	
18096	10	42	1330.12061493943	
25410	9	47	1493.49809254217	
10646	10	5	215.589896503645	
21595	6	45	1431.74876365426	
22705	7	43	1366.22751064889	
8945	3	36	1145.24010301812	
19877	1	39	1249.26881680697	
10189	3	17	586.09131143712	
26534	3	6	260.662339302088	
29576	2	10	359.778468403862	
10638	9	2	128.811810709914	
29324	5	43	1382.59289876679	
18016	7	46	1462.48117094044	
26411	4	36	1144.67681468682	
23319	3	22	748.444032272531	
19594	9	5	209.485377841389	
11455	1	30	987.472104442991	
28179	5	9	328.172569390467	
18743	2	38	1207.07513437005	
24883	3	42	1339.46482433913	
18361	4	10	362.16990845379	
26025	4	27	883.06013398015	
9430	6	39	1254.34350586233	
18026	2	33	1071.39844255121	
22565	10	3	152.445593361019	
16407	3	3	154.480521154814	
26801	1	9	342.452471192206	
8485	3	22	727.035060304699	
14218	10	47	1478.49443307076	
23189	5	2	136.17551899337	
25917	2	32	1024.03184327485	
8327	4	43	1378.81285116953	
20943	2	15	527.861840262945	
8712	2	28	906.378043716018	
9733	1	30	964.078702332489	
18862	8	7	269.379953569444	
21150	1	13	448.359680049289	
26372	4	22	737.699827448325	
9132	1	34	1099.39685332561	
15687	3	4	175.248956352123	
15763	1	4	180.642051557378	
10905	8	4	191.025046422624	
25914	6	17	581.930152523299	
23349	8	30	967.233321260304	
20232	6	17	583.246069896615	
12284	9	31	999.120764638819	
8440	5	29	937.602655877174	
13192	8	5	227.315583595687	
12837	8	31	1009.39408863401	
9160	6	43	1371.3220118784	
25745	9	18	612.98788546258	
14622	8	46	1469.9255690118	
24555	6	34	1111.09629004779	
21880	4	21	716.466704009318	
8045	2	31	995.917680876291	
25900	6	15	527.060480959276	
20468	10	8	319.15458667984	
26902	10	22	744.191453952431	
27405	6	43	1359.30317029325	
26317	9	40	1291.74698949407	
14156	9	27	882.787631825911	
21013	6	18	602.233756502268	
23669	7	21	707.596878366357	
14571	8	5	204.486820308718	
17550	9	29	935.746625129015	
8222	4	9	349.998959540389	
26377	5	29	934.731058503842	
9357	3	19	636.103127224419	
10987	10	6	260.598112354334	
24278	1	16	559.064078703087	
27895	2	43	1361.1256977921	
13097	3	9	329.772276994666	
29200	1	25	828.775716064859	
29267	2	34	1111.82617801792	
21818	10	39	1238.82277278175	
11408	6	6	251.144862031166	
22010	8	10	381.129981456851	
27655	7	10	367.110184602025	
17589	2	17	568.152372654598	
13739	9	23	753.3248287222	
27171	2	25	816.87786527764	
27742	2	4	195.136887596518	
16686	3	41	1317.64097167069	
26423	4	4	187.172421192365	
22928	8	35	1123.18763353079	
19812	5	36	1154.10627426305	
25128	9	9	347.716561121734	
14326	6	44	1411.39513625363	
17988	9	48	1510.46036283973	
17644	2	15	517.018221373213	
21093	1	49	1550.2253668896	
23570	1	41	1304.16822609686	
17329	3	30	978.39665715508	
9505	4	44	1407.64986383154	
21012	6	27	892.461324526212	
22826	10	37	1178.40829505511	
16931	7	34	1083.42816805627	
15638	9	13	457.44333221458	
10581	9	2	111.486696131288	
10062	5	8	313.247110356226	
12954	9	3	144.389706134978	
10835	5	10	381.499528652755	
29002	8	49	1566.71747124135	
25825	1	15	530.330009930921	
29542	8	1	90.1963140862977	
26055	3	10	363.215608467914	
14399	5	22	721.149852946936	
26126	10	50	1599.27011202987	
25008	5	33	1077.64393122757	
9673	5	25	824.772818845125	
22831	2	5	225.930499502425	
15070	8	49	1552.04440207781	
8429	1	6	256.039081297833	
14248	8	20	685.978341571045	
22216	3	16	554.869124216432	
18487	7	23	767.650744229392	
19721	3	27	884.592784831576	
13388	3	18	600.424457173992	
28400	4	20	681.299186777929	
23950	1	43	1381.64035086596	
21071	3	1	82.2823984186549	
25879	8	35	1123.33592225021	
10789	9	22	725.642764384692	
12203	4	42	1343.57989098112	
20650	8	18	608.838711813483	
27469	2	2	136.957471695243	
11106	10	29	951.375619839586	
13930	6	31	1021.12585223332	
26040	3	8	299.364853491711	
23816	7	2	140.414477726638	
21149	2	23	767.716693974899	
29869	10	48	1523.68664924227	
19465	6	9	335.623488470737	
15966	7	9	334.905262298372	
12329	6	21	688.935122587222	
14453	8	15	515.378336624884	
20475	5	5	228.419416355164	
21586	7	26	867.310961739771	
13220	4	4	176.976107106067	
27251	4	25	839.972025062876	
28247	10	15	512.956421316115	
26126	10	9	348.446449091866	
26411	4	11	413.751205026056	
22568	9	23	765.687543994602	
10984	7	10	371.087721870787	
15669	1	50	1598.18096481179	
23907	10	35	1128.12914479902	
25181	1	10	372.418315584035	
25520	10	29	932.780739615104	
19889	2	5	204.810580296819	
23800	3	10	373.815510223534	
29093	10	16	563.003710882274	
19231	7	43	1376.14414543665	
14203	2	9	329.846345265324	
19085	8	8	310.964711937571	
12772	10	18	621.053783884763	
21643	6	39	1255.85676426806	
13480	9	8	303.137580260233	
10106	5	48	1521.49129811744	
17105	9	49	1553.23884239105	
22202	10	31	1011.83998862833	
16067	5	41	1300.02400071361	
27267	5	43	1379.90525853816	
25184	2	31	1017.22945350093	
21948	6	2	137.056124870226	
16495	4	8	302.243850260155	
28312	7	41	1296.42091360708	
28452	9	48	1521.13381899946	
10500	7	50	1597.04321898382	
11565	1	2	119.490787591548	
23961	9	18	619.231327874228	
22349	1	1	97.2818230918058	
18866	1	14	503.448350067925	
15934	7	45	1441.32716171505	
22963	10	29	948.683929549849	
15244	4	42	1333.83594932679	
15743	9	24	789.584717224159	
23572	10	49	1559.95522039009	
25051	3	32	1052.49216911033	
14529	5	18	610.657747001693	
25116	10	18	608.828326896219	
16086	2	20	658.957304255551	
25256	7	3	168.34511261822	
15050	6	4	174.554273194892	
10001	7	43	1366.5989675031	
14105	9	7	284.712983092625	
22030	4	5	227.542503805618	
27195	6	1	85.7771432054123	
9126	2	1	103.940550360801	
20166	9	3	147.88133870246	
9725	5	26	859.521572356821	
27420	5	48	1525.28183609493	
29962	4	29	945.819663622333	
25516	4	5	223.737264715013	
25123	3	45	1428.13203643455	
21702	10	25	812.932420602502	
26040	3	17	568.541190553708	
22831	2	31	996.521751525123	
25884	8	21	708.631419124376	
23974	2	3	148.843871610632	
21954	10	10	381.760051204711	
24746	7	38	1206.99532579956	
11602	10	10	375.375096600212	
18519	7	27	893.289952023556	
26869	1	37	1185.57925242259	
20665	2	10	356.533687131728	
10345	10	2	139.555360814349	
12504	4	48	1534.8169837216	
14531	9	30	981.162415715476	
20543	1	17	577.128762610782	
28169	8	45	1431.4690666606	
28924	8	40	1295.90154387797	
25410	9	26	850.645411149899	
20237	10	30	990.833551115745	
18452	2	32	1024.41051549484	
21405	7	12	432.882684372777	
9538	4	38	1211.67888809539	
9879	4	40	1285.35098534327	
23327	2	39	1250.63048599783	
11187	3	46	1452.3431417776	
29484	10	3	154.701346454537	
23750	7	40	1290.64377040167	
15761	3	47	1497.19326863866	
25844	10	48	1529.16188028136	
19100	5	26	859.969215234727	
17248	8	21	693.949491779296	
19437	8	23	751.462159469473	
19858	2	10	359.711085352912	
15601	8	1	93.1951252805046	
14143	1	5	215.751508947346	
27142	10	26	845.29475877308	
15255	10	44	1393.06296569904	
28725	8	29	931.323801265715	
8289	4	30	983.648297499702	
19199	10	8	308.897695796982	
17940	8	31	1001.83300109666	
9301	5	10	363.58220765534	
10010	1	27	875.055160594664	
24363	6	17	588.9750207723	
13125	9	34	1090.06528037138	
27246	5	5	225.157622278276	
20618	9	7	292.725520084019	
17206	8	21	704.614727489937	
9865	3	35	1126.81178775002	
8019	6	8	316.412272041856	
19614	1	36	1163.62002847885	
22752	1	23	754.636424945032	
21308	8	49	1554.98611250659	
19979	8	24	799.326749220177	
21533	4	33	1075.24935206177	
11919	2	37	1201.25353250711	
20422	2	27	883.190205210443	
10355	9	42	1345.89126552729	
26465	9	26	856.288277346775	
16093	8	50	1594.14252515609	
27111	6	21	691.116280803045	
27273	9	41	1309.8020571609	
17897	7	13	446.213216318848	
20276	8	2	113.320736788828	
29267	2	17	571.629760643295	
17316	4	38	1205.07152766225	
21786	10	43	1379.84427546144	
19320	2	48	1521.62185844109	
27457	5	26	845.41090676813	
28785	7	42	1331.8340038377	
22060	1	2	118.406100961569	
26606	7	12	444.577742612258	
15110	8	46	1466.9971136502	
23474	5	23	761.935855318762	
29034	7	1	102.577514398181	
10905	8	3	149.300476717437	
25795	1	12	416.623727500729	
15217	9	23	776.375964570966	
18917	4	6	240.565205626453	
11764	1	41	1307.18551949932	
14472	10	46	1461.97582637052	
11177	7	20	666.029042911729	
25171	6	13	450.381480888641	
9029	6	40	1292.74960823951	
11943	4	41	1296.34918675588	
21053	4	49	1539.31306683426	
18810	9	24	796.476046962885	
21770	2	36	1160.38433613274	
29520	6	18	617.945773218733	
13745	5	18	614.497976440237	
16616	2	49	1562.10455356264	
11134	7	2	127.171700171741	
29055	2	3	155.03552391894	
25593	9	30	989.505772343607	
18876	9	38	1217.78141499394	
15736	7	40	1292.03094393575	
24084	4	48	1517.36899133649	
24011	5	26	841.734423805836	
23649	8	1	97.3452601290053	
19439	9	47	1484.99375270912	
28113	1	13	445.313346816838	
28190	6	10	371.103661642924	
14905	9	46	1459.20382072181	
11228	8	44	1394.97778391232	
19610	4	7	278.006171080287	
16358	10	24	799.042285866589	
25509	6	27	887.639311294835	
20047	5	27	873.050257187826	
9475	3	23	776.749234821996	
17701	5	31	1005.94887534433	
27406	7	26	864.62980500638	
16904	6	4	186.814240639477	
8694	9	37	1185.32605990084	
27499	8	36	1149.10275784745	
26984	9	5	212.166698785576	
12264	7	1	105.087237891316	
20711	10	29	939.420576272262	
12515	5	23	753.46360807934	
17918	8	12	416.971550032949	
26405	4	19	632.316693809031	
24216	2	14	488.595480699369	
11273	1	8	299.459939328702	
9149	10	30	983.676085222362	
19828	3	8	310.912930327893	
9304	9	43	1369.72945027506	
10062	5	50	1591.23440078983	
21943	9	10	369.542218693319	
26364	5	16	557.491341306591	
9575	5	36	1144.15444032483	
26818	1	11	410.546570462429	
26902	10	5	231.931485380946	
18108	1	37	1174.88930369489	
25993	3	23	759.03070444196	
21412	4	10	355.571452917332	
28226	7	29	941.872172682487	
29043	4	36	1170.87216472759	
20543	1	24	806.825222189922	
23910	6	19	655.403696976324	
17839	9	34	1094.74343715922	
15116	3	17	577.30690088929	
15430	10	22	731.673755539429	
25508	8	48	1523.42578977506	
23434	5	13	463.635101310739	
14319	6	38	1211.9968978744	
18064	1	42	1349.86817143386	
16959	3	46	1455.29031292316	
18366	5	16	541.845640270899	
26427	1	18	605.932766071489	
15243	10	26	857.33907355803	
21209	7	37	1192.69417710262	
19596	1	12	432.610367663489	
18221	2	26	843.905383257151	
15521	4	14	504.762873772887	
29807	1	33	1065.02856631997	
9730	3	33	1076.39827200975	
13751	8	5	225.853407488136	
12868	3	30	987.427576420562	
23380	2	38	1228.29089039391	
8142	4	1	105.248333637253	
11016	8	7	286.771770290458	
17329	3	15	509.500067173271	
25739	5	11	410.147969988244	
20805	5	42	1328.895816863	
23863	7	13	446.202664359567	
10778	1	26	854.017389963389	
18788	8	40	1289.74050131149	
28428	3	32	1027.78353619752	
16642	5	28	909.75460698351	
12917	5	7	287.230585164964	
19804	2	19	641.294534057982	
9022	6	27	898.262015701394	
17809	8	10	364.016879295938	
25217	8	39	1258.72017092012	
21470	6	45	1439.66464914366	
26658	8	47	1500.6429382696	
22005	10	16	565.16969092431	
11265	8	45	1435.82483801796	
24487	1	43	1371.67918734796	
29708	4	16	561.044758894036	
29500	7	48	1514.4391373519	
19363	2	35	1129.38876051893	
19614	1	43	1363.60945262183	
17411	2	41	1300.15226774856	
26882	1	49	1551.4602632222	
14487	8	50	1577.93620279894	
29183	9	30	988.026102123794	
29361	4	23	750.126429922006	
26226	7	40	1294.00213812199	
13410	7	27	879.17318090758	
17954	8	24	796.01876519435	
14966	2	7	263.444588307033	
13786	2	37	1178.53433179601	
28463	3	19	630.155363339072	
26779	10	27	887.971666868763	
24788	7	3	147.806833716019	
21771	8	11	401.525785551186	
11783	1	7	274.529972912059	
10232	1	1	97.4324369511718	
25822	6	12	437.979507911009	
23376	6	2	140.12767012237	
14453	8	15	507.506776725644	
17065	2	38	1232.09103328739	
13570	6	11	398.702180906526	
18684	5	8	296.044539500049	
25647	6	10	374.432161401227	
21862	8	3	148.593488367551	
18826	9	37	1185.18521233703	
28169	8	20	665.098224629228	
29901	4	36	1164.38562805037	
17581	10	17	591.228581085442	
10291	1	11	390.028569470173	
15549	9	38	1215.7483890726	
18684	5	22	747.246131499878	
17393	5	4	190.809196285349	
9869	9	23	757.383009771529	
17067	4	22	745.890614551441	
16227	1	21	709.995702239683	
12754	5	43	1377.4355536408	
27278	6	13	468.266461560627	
22717	4	46	1465.99128783959	
19100	5	18	619.614071389481	
20987	10	42	1333.78139807553	
12236	2	2	110.58142607593	
9259	6	34	1091.21181997061	
23128	6	13	457.849945750949	
19499	1	41	1319.72768390539	
13282	9	42	1333.86151595687	
28274	2	13	450.748504051356	
19511	9	43	1371.85781542764	
21237	1	37	1179.11715271842	
25048	5	10	370.639718012251	
29248	2	45	1418.39240106679	
17593	9	31	1013.69967943695	
20870	8	14	500.917088771666	
13864	2	34	1086.93236062626	
15114	4	47	1497.29772723154	
26287	1	32	1044.9072717153	
24417	1	34	1084.10772824851	
16976	4	39	1257.02810182098	
21028	4	48	1509.34271443139	
22686	9	44	1402.84088978676	
20468	10	3	165.028205292778	
23832	7	5	209.616510071613	
27293	10	10	367.944599822138	
26893	10	14	485.990195724177	
27576	4	19	647.696199234434	
27680	8	15	511.28820029613	
19388	8	15	519.346167053723	
9893	5	5	210.588657097234	
18128	8	31	1001.91621916458	
24836	5	40	1291.5300833115	
13220	4	14	497.094419271263	
9404	10	38	1229.16597539055	
29039	2	17	571.988220071415	
22646	2	35	1120.51359873289	
10321	4	23	773.725378650113	
27357	2	37	1201.50960721146	
13855	2	28	907.490360935913	
28734	5	45	1438.1945937491	
14826	6	19	654.704477495842	
20568	2	12	414.731972410684	
20696	3	25	814.436708285677	
21167	6	27	893.240409201589	
10498	9	50	1585.26847533196	
28203	10	8	300.588863073191	
19554	6	17	571.636168403382	
16913	1	7	282.048709635645	
19009	7	9	326.329042728212	
10216	7	21	703.876835659089	
20899	2	26	860.085282539989	
22090	3	41	1300.98334283614	
10812	6	38	1225.88797399117	
17432	8	4	200.407451819818	
20150	5	16	558.923747129237	
23510	5	3	143.150398052833	
12407	5	15	534.585866096702	
19142	5	37	1204.16488800392	
19587	8	42	1342.63682625379	
10480	9	20	685.221624246436	
25098	2	44	1410.15374651652	
9259	6	27	888.439483609255	
28526	5	27	894.515348903143	
11421	1	8	320.159846954122	
11508	8	13	449.941596263061	
11261	10	47	1487.58706940691	
20023	6	46	1473.54529874099	
28728	1	7	269.226425676246	
18826	9	15	521.711459365539	
24433	5	30	980.403490038777	
29268	10	11	393.206981976147	
11963	10	10	375.788120020082	
9854	6	5	217.416910779391	
29134	3	39	1245.91313449941	
11079	4	20	682.323624325135	
27448	3	37	1174.6107420207	
25895	1	20	668.404181501085	
28938	2	27	871.78779609119	
22789	1	5	224.348034739656	
20804	9	3	147.355736748947	
28748	7	48	1514.3540273208	
25745	9	13	445.647489598788	
10371	7	7	264.959157567918	
12045	10	44	1415.46933139463	
22099	10	29	950.503374557245	
18965	9	41	1300.93287632844	
25522	9	3	145.642109320332	
21311	5	10	376.686967451445	
18036	7	23	750.242228261308	
26076	8	15	508.837822018581	
9139	8	20	665.927732636187	
29147	7	36	1169.56049064619	
28100	8	46	1458.87278095767	
10548	7	8	302.268736689477	
