idEmpleado	idDepartamento	ventas	importe	
20276	8	7	289.885821365698	
28114	4	31	998.927376698203	
13644	6	46	1454.14689262125	
11595	3	1	98.7253633973773	
24553	8	9	338.264744811815	
25936	8	14	488.199098486546	
9535	9	38	1225.55919920353	
27843	5	32	1043.30225557243	
14549	10	3	158.338125086547	
9525	5	44	1391.04838588789	
23756	10	10	372.168647931967	
23400	7	17	569.245834652915	
27308	1	42	1341.38465522853	
21311	5	43	1358.78857612553	
26693	10	27	879.063519946795	
16931	7	27	886.279757733587	
10297	9	27	878.044395892902	
28114	4	45	1429.75412129879	
29431	10	38	1224.35849410685	
27052	10	47	1506.93643029171	
27311	6	35	1139.83849362463	
24109	3	13	465.648120411508	
24487	1	33	1060.25123258133	
17927	2	44	1390.57003771447	
29220	8	3	143.213110297552	
11173	10	11	388.563430490235	
28181	9	41	1297.24921622185	
15156	5	38	1224.14073926589	
10174	4	9	353.312584773317	
13608	1	44	1407.48155130422	
9525	5	16	552.829915617048	
18575	3	16	537.260154996654	
12204	2	2	136.292898569392	
18061	6	1	109.936968772643	
20858	3	37	1177.30074277953	
22941	4	42	1330.47149731334	
11401	10	15	533.129540706579	
17066	10	7	263.485581550508	
27214	3	5	210.160371274762	
12950	6	30	972.304564720162	
23784	3	39	1237.16848490628	
26884	5	30	973.793876661823	
13082	4	47	1483.59453374687	
11788	10	25	820.074091116001	
17622	7	17	579.452477032064	
10475	5	43	1367.79733471935	
28424	3	27	876.214900052275	
19544	10	36	1146.58811086164	
27527	8	14	487.481069084015	
15013	6	9	351.841019630358	
14776	10	37	1203.10521874721	
11931	10	10	364.699449075712	
28698	8	49	1540.67438141474	
14212	3	7	278.361334967595	
14703	2	19	648.186771910725	
22025	4	45	1424.23770095419	
17727	6	48	1538.67614411687	
27605	3	3	143.576854906779	
18724	8	49	1555.51225309983	
11355	7	49	1549.70131432158	
20765	3	24	790.949882264691	
23532	9	1	81.418459937637	
14693	2	23	769.989670799109	
22414	10	9	350.856573782329	
19400	7	28	918.218470270847	
24370	7	45	1434.90849293531	
13683	4	15	512.952936083522	
29521	10	41	1311.44768645589	
15770	8	6	261.487833346002	
23910	6	36	1148.59202263346	
9915	2	12	433.150217027008	
10385	9	21	694.558814342394	
22234	5	41	1299.59375002403	
20847	7	9	332.053929386686	
27022	9	9	349.76794538543	
24061	9	6	246.044616962804	
21552	2	17	582.053586664635	
22756	1	8	320.177141465329	
27006	6	27	891.117560682407	
20994	7	10	375.415775578197	
12541	6	34	1112.34853043796	
18382	7	5	230.661105360212	
23919	5	25	816.65967018188	
18605	2	1	81.4715651429592	
12826	7	7	284.376332557004	
9878	8	7	268.130466541336	
16012	10	17	596.585773581912	
24934	8	46	1457.9315636018	
13137	8	33	1061.75019686192	
12544	9	42	1353.06304182534	
27849	1	44	1391.79535319647	
15965	10	13	469.5526857998	
25116	10	8	307.973328450682	
23719	10	6	260.459056953182	
12843	2	6	261.35468245547	
14055	8	39	1235.75002496864	
12299	2	7	283.804205862714	
23290	10	38	1212.73795996454	
11788	10	47	1501.85562084515	
15670	1	22	744.543984096751	
12197	2	29	934.844398635833	
18712	6	36	1164.76721359639	
11663	2	30	965.100277515641	
26210	7	29	938.889046450559	
10862	9	48	1518.69080260335	
29607	9	17	588.54640440482	
22064	9	20	665.105699051686	
11353	7	40	1288.62045202806	
8891	2	48	1528.59338958217	
26974	2	14	482.142154947921	
11764	1	28	922.184114289556	
19028	9	41	1298.49900265154	
27583	2	26	852.459294224372	
25835	3	39	1260.09647752163	
17128	5	15	517.35278388362	
22458	5	19	640.288776904479	
13240	3	26	864.758789755757	
12037	10	23	768.51810565615	
11001	4	3	146.480241225325	
9014	3	22	730.088003729511	
15841	4	28	918.322719353402	
12201	4	19	655.021372481725	
29518	6	9	329.697489593969	
17881	6	15	508.424791520659	
14329	10	42	1356.79666943699	
15720	1	49	1563.59753122721	
26240	6	13	466.585485891712	
15739	7	35	1119.13469307084	
23742	10	3	150.699246931215	
25093	8	21	714.017920416788	
27379	5	49	1562.24041110009	
22307	8	30	969.31562670009	
18546	1	12	418.321520620175	
9809	6	5	226.573576585657	
29820	8	32	1040.57137694236	
27267	5	49	1547.58131684157	
22308	7	26	865.560827844572	
18526	1	46	1477.77062373132	
26984	9	3	162.780762539609	
12850	9	40	1295.82992815218	
16403	5	37	1203.02476748965	
26353	2	28	907.965321553855	
9801	7	48	1529.33817401963	
24509	2	20	659.608041913997	
16713	1	15	510.878927535787	
19344	5	4	173.296350544922	
21317	1	38	1217.09339157543	
8926	4	19	647.876850929054	
16238	9	42	1343.10627306956	
18519	7	38	1221.06590555099	
13496	3	13	450.991235212884	
23252	2	35	1115.28610020656	
22432	5	36	1146.25771873922	
29842	6	26	851.767617115643	
15129	8	45	1426.22126474335	
21001	2	10	359.823026154108	
8166	1	28	915.06972400242	
29029	7	16	536.675485994981	
20476	9	37	1182.09237701357	
19120	7	49	1555.09327137614	
15557	8	5	201.960918513108	
13620	2	36	1145.97100598084	
27201	6	38	1217.92120509684	
17032	5	27	894.575469165377	
10657	6	15	519.901743847831	
18665	9	49	1552.86848758947	
12471	10	29	960.177482031368	
29255	7	21	705.885717638715	
8731	3	8	299.525100579264	
28537	4	17	569.771467042049	
18149	8	43	1374.72794905991	
16902	7	30	986.988166024437	
24752	1	20	685.737343116541	
10812	6	13	450.650313073141	
28771	5	35	1127.06323623986	
21439	9	1	90.3573977995465	
11933	9	22	725.683198462093	
27215	10	40	1270.08944767997	
23188	8	50	1597.54586398487	
16680	7	39	1263.50031889207	
15806	5	12	426.504139651779	
20650	8	45	1418.70863496266	
26266	6	43	1376.02842000128	
19827	9	15	529.633341380224	
22907	2	9	343.026685203904	
27587	4	15	526.954310893526	
11247	9	45	1423.05790796087	
11992	9	36	1166.55390350453	
13582	10	11	400.352311842308	
18890	4	23	760.748350788256	
13951	2	21	712.511592839151	
29953	1	11	408.88534184959	
28758	1	10	375.67824671775	
11563	5	5	207.687491163466	
24552	3	36	1173.86900963908	
28724	1	2	137.053761508807	
13683	4	40	1290.04411645701	
27331	4	21	714.762704854255	
14969	9	5	219.706298066166	
24591	7	16	558.010439946321	
18134	10	25	813.118868513554	
12916	4	17	591.207673936713	
28526	5	12	428.35175034979	
28844	3	26	853.334806027512	
11663	2	45	1446.33795649108	
17015	8	33	1064.00306918845	
11552	6	15	509.548757090023	
10480	9	23	775.607405666079	
25367	4	41	1324.70438087578	
15253	9	44	1415.8638669438	
24023	4	38	1234.13982769202	
9878	8	39	1244.98027632245	
26798	1	16	539.129622010109	
17104	7	48	1518.5920581215	
20805	5	38	1208.58913172436	
8072	9	10	383.252283550451	
26589	1	43	1369.94258597956	
26999	7	23	768.287863716617	
12112	8	19	631.548783961473	
26266	6	50	1592.94743295431	
25012	1	5	209.810579628595	
18104	3	44	1393.62357852684	
18190	8	11	385.533405796407	
21288	1	35	1138.77674979101	
24354	1	46	1457.2598742029	
13526	7	32	1045.84260721032	
13795	9	21	691.309919306687	
8540	5	16	558.049851953075	
28163	1	27	876.781303434065	
10170	10	33	1070.00947473105	
14939	10	11	400.313281342533	
16078	3	1	90.9204936078379	
14294	8	35	1130.3831496138	
29794	4	35	1119.53542403855	
19739	8	15	530.381450378514	
10435	1	45	1435.29646571507	
29107	1	33	1070.35688461287	
13086	5	18	602.693613973769	
28957	7	20	683.29538488914	
13013	2	27	879.023616015456	
17408	7	1	97.4055538035024	
20123	8	22	727.450502294791	
20726	1	45	1441.84952262875	
12465	3	17	584.488444898505	
25513	1	35	1126.60852309624	
14192	5	33	1067.5313165167	
11368	6	46	1469.75571983948	
27194	1	13	457.086188596248	
10978	3	18	599.098359439102	
10580	2	27	870.616726088625	
15826	3	10	367.111175529245	
25578	5	18	601.756252740396	
9857	5	3	163.213920892782	
9580	4	5	226.758865111861	
25458	3	12	428.199860317726	
14327	8	31	1019.49528998672	
18520	8	7	285.674268140306	
15914	8	27	889.575000558782	
28770	1	31	996.074931824615	
16582	4	14	480.495349280767	
14081	6	13	452.69314988176	
14621	3	49	1551.49890513695	
13107	2	47	1498.82610223201	
28313	3	9	334.694906144726	
13620	2	34	1095.55058560127	
19154	6	38	1223.21933408418	
19720	5	4	194.597126708644	
15516	6	31	1019.59419797156	
23227	2	33	1068.21060774299	
26317	9	43	1373.2926660093	
26224	7	28	912.895398937583	
22639	3	26	847.248972005792	
29392	7	3	164.992478827477	
11060	5	42	1352.52516794602	
22352	10	50	1575.5418791508	
16361	8	33	1082.3600773338	
25466	5	49	1551.77405589808	
12595	7	44	1401.0449608979	
18134	10	1	92.1682266947665	
19487	6	13	469.728557686195	
26394	9	37	1176.08688737084	
19205	7	8	314.223730710439	
13068	1	49	1558.95149251397	
25842	9	1	86.1645773454404	
21403	8	24	782.89829920181	
9177	9	44	1398.55702860214	
12546	6	48	1527.70657271506	
16078	3	30	983.624284501944	
16904	6	23	771.335563720826	
11907	9	34	1110.8861603918	
20813	4	38	1229.62219757476	
9055	4	6	260.781884054086	
20021	6	38	1206.61868214915	
27942	7	7	282.800035608374	
24420	9	15	506.330466133696	
25103	5	3	145.906648666554	
27013	7	25	828.624400062777	
19593	1	37	1187.15461648402	
12561	3	34	1088.93785929724	
19613	2	47	1503.38918901206	
12069	6	29	952.934189808059	
19972	6	15	530.161521867924	
24944	10	30	988.875580853259	
13358	9	25	825.805693429804	
27141	8	49	1557.72132715104	
20654	3	35	1119.86220352345	
29235	10	15	516.76377391292	
16736	5	11	410.688752946765	
21643	6	6	251.216985961058	
22752	1	29	945.839782983921	
24022	9	33	1067.72123408863	
17308	6	14	484.629307242403	
18843	7	27	877.406773864015	
28740	5	18	606.34637413842	
20966	4	28	904.408461909931	
15245	8	5	218.469419171321	
11303	1	50	1592.54741262297	
18300	7	47	1492.66152488657	
13016	4	36	1151.79660694292	
27880	6	41	1296.99355699913	
19396	1	40	1295.51276136912	
25894	3	25	810.9728422067	
17890	6	9	328.258634250732	
19511	9	49	1557.32444735119	
20170	7	5	223.670468434538	
15821	5	22	732.113514883497	
29998	6	39	1240.63028985664	
21065	7	47	1482.1924432191	
19388	8	28	926.194701812321	
8945	3	48	1509.63523048425	
9515	1	9	333.735677271027	
26725	2	12	444.61943941406	
29717	9	11	392.107101600667	
26771	2	4	188.779037682702	
12789	1	35	1116.79436787814	
12296	5	22	725.925365502911	
14512	7	28	925.34814985718	
19593	1	25	813.145799084169	
11105	1	2	128.443250194398	
26405	4	39	1263.03609567836	
13968	2	30	961.793254689217	
23706	9	37	1197.01781976829	
24609	9	25	812.407298540886	
17559	7	45	1425.4957807369	
23488	5	2	123.164926303162	
19511	9	25	824.992890332357	
20670	9	30	983.375110190071	
22554	7	20	680.272308010735	
16774	1	30	978.391573698442	
8547	3	10	367.861046962375	
18890	4	3	153.35923604358	
23411	4	29	935.962875176204	
13900	3	2	115.358009541108	
16829	5	44	1391.9443022981	
18480	9	7	287.876427642944	
28635	4	5	221.961347601358	
14725	9	7	281.902887617193	
14365	7	32	1031.55113350207	
23667	10	20	682.135224995266	
28465	1	28	905.607812267546	
29364	4	47	1479.23191366681	
16468	10	19	634.571330693816	
15194	2	34	1084.49405113444	
26830	5	9	341.581755476809	
25894	3	21	692.104105712894	
15298	7	21	703.101794674574	
10065	5	4	172.522205641736	
12167	3	23	768.627736181313	
11089	1	34	1089.55200626028	
25889	9	6	258.48309640702	
21456	5	27	893.121269314141	
19282	5	26	859.401613538806	
18714	10	45	1444.21827469218	
10525	1	47	1488.76051126456	
13072	5	12	415.200302309916	
27472	7	4	178.494941600829	
18898	10	50	1598.56554366581	
22107	1	14	502.762853513827	
13107	2	48	1514.15952104803	
24061	9	31	998.677578102182	
17016	9	42	1348.73840469343	
22391	2	19	640.357981845903	
14164	10	17	583.800869520661	
22793	5	19	638.333654849945	
12585	6	45	1436.27599444067	
22221	9	31	997.772802094823	
27002	2	11	409.261429872951	
29908	2	18	600.162799302564	
16714	5	47	1500.90261003976	
13770	10	30	974.833020276778	
9980	1	15	524.022477885719	
22583	2	47	1493.79701635511	
24250	10	5	211.010574088903	
27260	8	25	822.835437926853	
9136	10	43	1383.80418201154	
8089	6	11	407.221923995401	
17349	6	4	192.523768633848	
16069	9	16	550.825543064077	
11677	4	25	813.39167502401	
25098	2	31	1020.06313162859	
15775	9	22	732.47068469062	
21964	10	8	294.747374008758	
27760	8	37	1190.72030175045	
29410	6	24	799.908477291422	
12020	3	33	1074.73977764823	
12593	6	27	893.957622504773	
23685	8	34	1091.74460048403	
18829	4	5	226.597498276549	
9176	10	33	1056.74399998819	
23456	6	4	189.381486042115	
23450	10	5	223.395803935544	
8954	8	43	1379.14003410337	
21283	1	35	1117.39161245403	
14810	6	40	1283.45764689308	
25868	7	36	1156.86940757412	
21109	7	28	918.873931820911	
14064	4	2	130.770461173156	
26507	8	15	526.160396284498	
15721	4	14	505.30576103614	
28304	5	40	1294.33130361807	
18816	4	10	373.840364801623	
14167	7	36	1172.35940633917	
26423	4	26	867.725126141554	
9758	6	4	194.718985983505	
17657	5	42	1334.4606185213	
27969	1	31	999.324252959026	
9593	10	22	728.391039449904	
26353	2	21	701.382836765322	
10070	1	4	184.956329253016	
12692	10	1	87.9783783145148	
13555	6	50	1585.97117296698	
14474	10	35	1127.74000060174	
22298	7	40	1289.37117848982	
23030	5	17	574.096389419444	
29941	5	9	346.206893411561	
20339	1	35	1133.99103068467	
24698	10	32	1049.63768009545	
9045	1	43	1383.89239222924	
23595	7	36	1163.59387720171	
20994	7	18	622.318371935896	
21174	1	47	1506.02820161079	
22074	9	7	262.663931596402	
18404	7	35	1143.41879931438	
26225	10	44	1391.52112399764	
22124	4	25	831.437216341233	
10285	2	22	744.882443782353	
13633	1	13	456.40540390108	
10909	8	15	527.552927195818	
27849	1	40	1265.96603035273	
25467	5	16	544.930250190632	
8281	8	10	356.451462822245	
8084	5	40	1266.36337234935	
28732	2	2	125.519782027937	
8320	2	35	1119.06037140594	
11664	6	22	726.222766826964	
28665	2	36	1160.11127835145	
10665	2	32	1027.0222478672	
14170	9	33	1076.00131576695	
8516	5	33	1065.44785877012	
12654	8	3	155.415524689208	
15587	9	6	245.56658305487	
20660	7	13	470.361763718706	
25739	5	2	121.641169023533	
26858	3	32	1048.76562167367	
21928	3	5	203.410313075134	
21016	8	21	695.655803333808	
24370	7	3	169.768855613549	
12147	5	18	623.29522303459	
27130	9	31	1017.25075348152	
14915	7	1	102.878376889452	
24449	8	46	1469.23625172546	
12637	5	9	346.878068943917	
12125	7	30	962.566519082788	
16384	8	47	1482.98738910024	
23239	9	44	1388.30310200728	
24600	10	4	191.176433205221	
20982	7	1	108.940607024795	
24045	8	33	1076.20400214391	
17760	2	30	963.281769642272	
22308	7	20	669.578174738948	
22752	1	18	622.918849057946	
11316	5	7	280.838112254086	
14871	6	32	1035.41680641259	
27056	6	39	1240.02607906238	
27449	8	42	1331.52691549227	
10241	8	11	399.607800617631	
9744	6	33	1082.2202185738	
25160	5	6	250.310807083878	
12210	6	45	1447.87362259248	
14047	2	24	786.095615060113	
14133	4	4	186.968782817465	
25327	5	50	1573.63636432851	
19953	9	11	398.444533459118	
19629	10	34	1088.1783525125	
21490	6	13	456.751788881026	
23733	9	35	1115.66643789209	
15085	7	5	221.022762572869	
18665	9	4	174.653177640705	
23582	3	40	1268.11081092251	
27880	6	5	215.781413007426	
9975	2	19	655.113588168804	
14389	9	45	1433.11018086649	
11599	3	34	1110.30217371429	
12204	2	39	1243.08765346328	
12837	8	20	675.693998465172	
13766	5	1	89.5733938783283	
19338	2	10	383.796853266562	
15377	1	6	242.532392927693	
29866	2	42	1330.75726939866	
14215	1	18	615.046333621743	
24736	5	35	1131.17067132665	
27877	9	49	1550.81824572329	
19327	6	4	192.719546124674	
26728	4	14	475.869684031173	
19779	1	35	1132.49667563126	
28206	7	49	1564.72847080078	
13825	3	32	1034.94495730612	
22581	9	14	481.615089961148	
17831	5	41	1317.2387061814	
27828	7	44	1403.8025124575	
22685	10	38	1213.43558476001	
15683	2	48	1519.45804852967	
9021	8	23	775.42160044211	
21012	6	8	311.15513842141	
27489	3	48	1515.90959407199	
22221	9	47	1495.59988739695	
27061	10	49	1548.4335354848	
14610	2	46	1474.38816657029	
23701	5	34	1106.23560021922	
10398	1	9	352.636664115189	
29553	5	50	1570.15367063235	
25997	7	48	1534.28742938409	
24208	5	44	1408.0931912214	
17264	2	25	827.500356634846	
12961	9	1	94.464586570144	
24216	2	24	789.808668191456	
14793	10	23	770.535938539792	
8954	8	44	1392.32915294931	
10204	1	19	644.332080597213	
8032	9	41	1321.95352161394	
21350	4	1	95.8109473510696	
21786	10	28	919.687825646106	
10113	10	15	519.553537685216	
17911	8	28	912.827288970736	
8331	8	39	1254.92494373346	
22162	9	6	236.150537094171	
12383	4	46	1460.91681820383	
22717	4	48	1522.57484942795	
17206	8	49	1555.68167688124	
8827	1	14	492.023318080242	
16768	8	3	160.721480585971	
26107	4	42	1339.40767261172	
19012	3	13	457.414471459302	
13266	6	46	1464.30829846501	
18727	3	18	602.345828247418	
19972	6	22	735.655539639134	
8642	8	22	737.68858042438	
24977	8	27	879.147035292884	
8287	1	42	1327.17805939129	
9426	7	24	780.094111068218	
25705	10	3	141.139858393529	
23505	10	15	509.408686696276	
13081	9	22	736.296792708476	
17705	8	33	1058.12060528347	
10985	6	19	644.892662989391	
27159	9	37	1196.88324194256	
24350	5	5	222.725054501893	
11368	6	30	965.219189489828	
8092	9	13	461.405097461029	
24487	1	12	422.688007439807	
8848	2	27	874.192532260992	
20055	9	39	1242.61580435681	
10166	8	45	1437.28300936394	
25801	1	50	1595.28518456746	
22014	9	44	1387.99156510643	
24619	9	10	373.747759113902	
26370	2	33	1079.90451084445	
16298	9	46	1462.59431147137	
16093	8	19	656.230194687951	
17247	5	43	1359.75905697782	
10288	7	2	114.683069193122	
10960	8	1	105.858686056854	
20071	7	48	1518.70648968905	
21385	5	21	694.212282138976	
9818	4	7	271.915183529218	
13018	1	8	310.745998020631	
29436	7	36	1156.87295792479	
8372	5	49	1543.78489275639	
29421	1	8	305.154528387429	
26703	5	29	958.80904693101	
16076	8	2	132.120087767076	
18526	1	47	1491.38890324691	
19654	3	3	145.151093558013	
12552	5	46	1464.23796952899	
12380	6	39	1260.81366322041	
14185	9	37	1186.40226065479	
24481	3	7	263.391032937631	
10348	10	33	1061.43293240174	
24897	4	9	347.934625981345	
28665	2	2	138.041701790896	
11888	2	1	93.4254825922779	
20707	7	17	575.697628714003	
10279	7	35	1141.16975196692	
28607	5	38	1212.99366944143	
18473	8	38	1217.83078581925	
13647	3	15	518.105676229161	
14844	5	47	1502.12466324778	
16807	10	13	462.129286891841	
26411	4	3	156.316733358575	
27921	5	8	308.598069133516	
25196	4	39	1255.75102879468	
18630	3	27	875.094268953006	
25289	10	8	302.916840604933	
16018	7	49	1567.41900241348	
14660	9	22	745.411041875096	
18497	3	2	115.281172336676	
8597	7	17	590.702197007231	
23128	6	2	122.0845105695	
9160	6	26	866.205421754255	
8945	3	11	414.14666496876	
13332	2	2	120.010284017776	
10416	5	7	278.940161745502	
18368	7	22	740.0646611024	
14237	9	34	1102.59605053002	
21668	9	10	370.567919672731	
16494	8	30	982.803629014084	
28581	1	37	1177.4647107988	
15770	8	50	1573.04503983494	
29059	7	12	414.471521347049	
24617	7	7	281.589304451639	
19979	8	4	190.356726176272	
22745	7	1	98.4715784427112	
23469	10	37	1194.65968549003	
18933	7	18	598.188492897054	
15980	8	42	1346.33357438554	
22748	8	35	1138.98544047912	
8403	6	16	564.688934089937	
8241	8	11	385.712820247613	
25739	5	33	1076.38149631973	
20511	10	42	1353.80950730006	
29577	3	11	408.621334772846	
26659	8	23	774.743671032946	
11385	10	46	1467.46815939782	
16476	4	50	1596.55645925391	
29061	9	41	1303.05801813633	
17024	10	26	857.02581881407	
15285	6	40	1268.47206264197	
12343	1	4	177.732091144534	
10213	6	24	798.826927653899	
26672	10	38	1225.53249088374	
8057	10	20	675.700063647563	
9709	7	5	221.306522368131	
13215	6	7	275.227510647489	
18717	3	48	1533.78796101259	
8339	9	1	98.0314177731198	
18368	7	44	1414.48532084678	
21027	3	45	1435.6329676116	
24105	10	2	118.573701436899	
17911	8	28	922.425749768701	
14827	10	8	315.027156805167	
14143	1	29	940.640965430365	
23685	8	48	1529.07962341284	
23838	8	2	127.657765544792	
22639	3	46	1474.72742890694	
25948	6	4	198.241342957244	
25541	3	39	1237.27945035197	
25564	3	40	1280.43458346298	
9675	1	41	1304.72834770788	
14399	5	8	301.085428027942	
22807	7	38	1206.42560139598	
15378	2	36	1150.59223824674	
15778	9	7	284.989376759617	
18256	1	19	645.703014249775	
11167	10	34	1112.3959144542	
13859	6	1	85.5253301959137	
8946	2	29	945.26661298483	
25798	4	11	411.472002347685	
10224	2	22	743.508201848487	
13540	2	44	1399.53803239369	
29362	1	34	1113.54210085866	
15357	6	41	1314.33156637211	
21402	8	33	1079.73261965426	
25900	6	26	854.218112181042	
17634	3	24	788.939030463313	
29002	8	38	1205.88924080408	
16676	9	49	1569.05020380814	
22892	5	45	1423.24406779522	
12597	8	39	1260.87172447744	
8929	4	17	580.157075123935	
25620	2	48	1531.84825353876	
9354	6	41	1303.35247286752	
20442	3	15	526.115232653038	
17760	2	33	1063.28707047891	
8404	5	26	841.354339514558	
28304	5	14	493.168541869693	
9160	6	14	479.541711360003	
9126	2	22	727.085905488155	
13113	5	50	1592.74073049088	
17712	4	46	1478.31511629667	
15806	5	3	145.778567784363	
25688	1	37	1176.59123535109	
23543	10	49	1563.7437149341	
12372	5	46	1476.64666311659	
8954	8	37	1192.40132625792	
15557	8	3	154.940252636997	
16554	8	13	470.710686887945	
17536	6	37	1175.60350811836	
15944	10	23	762.831596193291	
24705	4	48	1528.26263081667	
21287	7	23	752.76480478829	
26163	7	33	1083.01331849909	
19495	4	23	772.124765763117	
14501	10	8	319.035669043211	
27090	2	44	1408.88364891004	
28240	10	18	600.695590433057	
22260	9	46	1460.9083457761	
14243	4	23	754.861511231801	
28861	1	29	938.718735081478	
11983	4	9	348.838188102859	
26295	4	5	229.191139149103	
13129	6	44	1414.03538255675	
8346	4	1	99.5628589855334	
10494	4	24	804.571272583944	
20252	4	10	369.23717448918	
8838	3	47	1503.07312852846	
19684	8	21	704.477005593701	
29002	8	25	821.702306280705	
17444	5	44	1404.34867473522	
11578	5	21	699.227372584505	
27169	10	38	1205.98361883591	
9434	3	8	298.180707496675	
20696	3	12	418.731271856805	
11383	10	26	865.193085551817	
28107	9	42	1333.75946460932	
23450	10	48	1536.95086550757	
16060	9	42	1350.58785143801	
12465	3	37	1203.08595653767	
11248	2	39	1261.81678592312	
16727	7	21	713.998777826316	
25049	10	25	815.178553916131	
9433	3	13	473.446695689786	
18130	2	22	740.412471601932	
22617	9	42	1332.60909366077	
22521	2	45	1427.39227033564	
18800	9	15	528.834935039671	
20551	1	18	611.227707104398	
28707	10	7	287.079563609827	
9031	2	39	1254.40342156887	
28581	1	8	320.658749081501	
13434	9	19	632.260196093591	
13403	3	41	1324.6802001282	
27747	2	44	1388.36717040668	
17302	3	41	1323.90254238802	
25861	4	42	1329.12397714757	
24490	2	9	331.743185227617	
10612	7	36	1157.02837636556	
10479	3	25	839.172442350151	
21906	4	37	1187.40948862741	
11992	9	40	1289.32819772946	
17322	9	32	1050.4632470433	
9052	1	39	1249.00838060724	
9980	1	43	1371.25483338314	
15784	7	3	143.604223608786	
29484	10	11	402.27901198076	
29576	2	15	534.584097291615	
20909	9	22	744.282046642286	
11888	2	47	1506.9316802113	
23477	6	17	585.276204433887	
16075	3	46	1471.93278340247	
24193	4	26	850.107738995043	
8681	9	9	337.822389238431	
19282	5	34	1093.04472530868	
14489	3	8	304.719957255162	
27526	1	35	1133.65963418673	
17411	2	42	1355.74444345932	
19871	5	23	753.622910954814	
15324	3	10	366.953765324761	
26224	7	30	977.1790022483	
18955	1	45	1440.40223944951	
10905	8	30	971.845421424064	
19026	6	14	497.397441983874	
16084	3	36	1167.29888471183	
8068	9	36	1163.68992565372	
14680	7	3	146.967176490914	
11646	5	47	1481.30341870771	
9479	1	15	509.813537089999	
18743	2	21	694.828729468784	
21492	3	35	1136.06910840425	
28755	1	33	1082.01627938171	
25311	3	13	459.922489142009	
29116	9	17	591.415409087863	
23321	2	1	95.6764679102583	
12108	10	50	1572.48858819366	
26882	1	39	1263.53553078302	
13203	9	36	1166.17017330889	
25044	5	21	702.191862306647	
16858	9	20	676.808247993145	
20516	10	31	1010.33008168001	
26108	4	30	972.80817304403	
26287	1	43	1384.55288839738	
26808	4	21	704.296026893098	
28629	9	41	1301.80335917594	
9407	8	43	1382.4706381664	
28901	6	33	1070.55101008646	
29615	4	10	374.43780685516	
29765	6	8	311.63547481952	
13100	6	36	1163.64721315151	
23300	6	7	270.242908201294	
15567	7	50	1573.37953368825	
20428	8	37	1178.1202742728	
22096	2	26	870.074611040798	
15057	5	46	1461.99344010185	
8500	6	42	1347.0072491779	
27311	6	11	397.482776305397	
20384	6	19	633.065805059423	
14585	4	3	161.709495895407	
18848	2	7	287.564907729423	
15635	3	50	1596.63704711787	
16479	5	15	520.975593273051	
29912	6	1	104.770560201616	
16554	8	2	129.453317173502	
27449	8	13	450.862571807049	
28842	8	34	1103.25992505218	
9407	8	34	1092.01029426046	
10090	4	9	338.692329907181	
22230	6	8	322.145921328173	
28183	1	35	1120.55613711502	
18553	9	19	641.184426472142	
24326	4	49	1567.48946087784	
24661	2	22	733.55258115267	
19393	8	3	156.814662961669	
10127	10	29	956.623683644749	
26870	3	1	84.3708292042701	
8993	8	2	135.849351052125	
17312	3	9	347.549394530966	
8387	3	24	795.594082807933	
22687	3	43	1384.82824654543	
14039	7	4	173.138915567258	
25994	3	43	1372.52936963575	
16695	10	39	1249.66794388819	
9908	8	29	946.166323938484	
10450	9	14	504.58582126749	
25183	5	36	1162.689574716	
29686	5	47	1503.8960051089	
16859	10	37	1189.84787810121	
9635	5	22	729.421968986011	
29868	7	9	348.669218732356	
8193	4	39	1255.00581188826	
29362	1	21	710.469725723597	
21308	8	34	1084.46067741348	
14999	7	14	494.626954577224	
12049	4	20	680.171200875273	
24990	1	17	569.354488406961	
17419	9	29	948.037612842413	
24630	6	42	1335.09957122388	
19848	5	9	333.433455086049	
12626	9	7	278.543434123762	
19400	7	10	370.460343905939	
14282	10	25	811.858680179277	
19434	7	2	132.291885526987	
25320	4	24	791.079337704498	
20524	8	18	602.462786679372	
17800	5	8	302.753447323457	
27121	9	28	919.826952535578	
27918	6	34	1101.30561131113	
9113	3	48	1513.45092739605	
20047	5	46	1457.62261089758	
19388	8	40	1291.15789812578	
16736	5	2	129.933381774432	
26068	2	45	1437.47172225149	
29871	9	10	376.881249349975	
19548	9	4	194.425992162165	
25936	8	8	304.107677482119	
27007	6	27	871.307649384862	
19526	3	23	758.604236263132	
18355	2	38	1224.86749590601	
19641	9	27	888.172997091046	
27531	3	37	1199.36391994328	
16397	5	47	1502.16241615925	
16158	6	38	1209.27036092117	
26280	6	50	1573.47670259582	
11479	10	46	1465.55032522676	
26332	5	48	1530.71470074855	
13875	8	16	563.028783464352	
29918	3	8	318.925626575447	
8848	2	33	1076.6434620864	
11637	4	13	467.269195237788	
16900	6	22	736.333216361857	
29805	10	11	400.749779828242	
20365	8	1	94.1159394449163	
28363	8	18	597.050648684171	
22687	3	34	1094.36790263949	
15320	8	29	961.280235387981	
28984	7	41	1320.23748410877	
22583	2	16	538.588606183691	
21106	1	12	423.703537259113	
20500	4	7	281.832373944033	
26805	6	8	322.862622180424	
18638	4	14	482.590393797769	
14749	4	40	1276.39695070516	
27873	9	27	871.79935808843	
22606	2	19	657.511320606578	
10200	8	38	1205.07243011383	
11447	9	27	872.998003472107	
20550	7	24	787.57942806351	
8812	2	10	380.200962415059	
20257	7	13	456.063523393154	
18191	3	41	1298.0468390221	
8539	9	7	269.433376579282	
18425	4	4	190.232075317871	
19480	3	32	1045.260457995	
13706	1	20	679.179514180487	
10445	5	13	468.297927746688	
26295	4	37	1202.58831925811	
23465	8	3	158.815182931169	
20331	3	28	925.529012477737	
29894	2	20	671.748085930826	
24091	6	42	1339.72466385911	
24860	1	20	680.901325960132	
24860	1	1	104.662149224739	
11462	6	35	1126.18173215826	
15393	5	24	801.289394535725	
13556	4	30	970.408118297536	
29195	5	2	115.817442329515	
20635	2	28	920.421073567318	
26005	7	27	882.513346710481	
28992	3	25	833.145756774184	
13810	4	17	583.870193373351	
8930	8	11	412.71904320117	
28735	3	12	414.900699004019	
21951	7	32	1023.03512196198	
25048	5	19	645.310374910622	
17013	7	24	796.773526145505	
29012	5	8	305.765465454089	
9069	5	12	417.47100283274	
14939	10	31	995.96538198924	
15017	8	9	340.477895112931	
13122	5	22	737.716697276438	
23097	6	43	1375.44935540084	
25431	5	48	1538.72466416039	
23454	10	21	700.579938693242	
13085	8	23	769.222356215689	
10938	9	16	546.899839782575	
12753	4	7	290.517704510371	
10938	9	19	648.855481449913	
18909	9	48	1517.87113450368	
20257	7	21	706.069974892805	
13150	4	43	1358.69191612987	
9563	4	39	1241.4223011776	
13770	10	38	1213.05959370595	
15653	7	42	1351.95545132829	
18771	5	16	542.107710084928	
21970	10	39	1241.96129622029	
29423	4	13	457.928244573031	
20650	8	5	230.215218546901	
11846	7	3	150.509963552705	
24069	3	40	1287.10320230904	
19341	1	36	1169.25498778431	
28206	7	49	1552.57692990479	
20006	9	47	1505.06608135303	
11317	9	36	1147.05520564087	
15841	4	46	1472.1933300198	
19391	10	30	965.327795820929	
11345	3	46	1454.53267757526	
8234	9	23	767.196953355892	
19166	3	14	479.950083084381	
16206	10	47	1482.40598803498	
27657	7	6	242.532462292599	
22186	3	26	865.117316425367	
29607	9	23	762.84980094193	
16239	1	20	665.051117364807	
29730	8	48	1534.03138865439	
16054	1	49	1564.27530845826	
19910	1	22	742.176661799744	
10812	6	31	1004.0822105315	
12639	4	12	436.959375942573	
18319	2	9	334.38955475315	
11789	3	23	759.890413787165	
18061	6	33	1066.9619608796	
9338	8	31	1002.54993906363	
25520	10	6	256.443371817676	
13805	4	33	1074.45384064431	
21948	6	29	942.447892195754	
19610	4	24	799.659449495217	
12047	3	20	662.945247675732	
17996	2	16	560.927411877051	
26969	2	31	1003.34907869033	
25853	7	12	418.845281572475	
25057	4	3	155.550246907189	
8148	10	9	346.961039280035	
20123	8	41	1308.8621796802	
10745	9	23	771.222907328616	
23062	2	24	785.139767371649	
23002	6	46	1470.38327404781	
19202	2	13	471.669458519514	
19735	9	25	828.38660867344	
22060	1	44	1403.89456039476	
28120	1	21	692.367162207313	
29195	5	35	1123.32075115448	
26225	10	6	248.905398365532	
13059	4	2	115.465146468703	
17079	7	16	543.537512600207	
8179	10	17	573.574599704507	
18440	8	16	558.572500235668	
10795	8	19	628.008476341147	
28352	2	45	1417.9240626739	
19317	1	17	577.832401626665	
23532	9	17	579.784634420548	
16044	6	33	1053.84603404153	
17750	7	44	1393.25584260433	
12163	10	44	1416.12040879956	
21970	10	18	607.212788521877	
15163	5	4	182.293026904712	
19070	8	19	630.026990841155	
27242	8	42	1328.62270953535	
10204	1	3	152.601364996564	
28340	1	18	609.745437824049	
23731	3	6	245.668346325712	
17721	8	27	871.58742989953	
14329	10	7	286.269541478841	
24562	1	33	1076.60100439405	
28668	5	35	1143.56070646251	
19629	10	3	166.98221538541	
20845	8	18	598.156277145332	
10570	5	33	1053.98762126173	
19055	4	47	1493.82821003619	
19899	3	25	828.891621282739	
21216	4	4	173.892034410449	
29038	7	9	350.507203280231	
10479	3	6	255.695601858057	
9549	7	19	633.064815547813	
15964	9	39	1242.02239254584	
9269	10	39	1236.56966263269	
23748	4	27	898.056562514071	
28564	5	30	967.08479259493	
27428	4	41	1312.90585921747	
9933	5	17	580.879240939803	
15477	4	13	463.875391960086	
9354	6	6	251.650973154069	
16054	1	26	845.021185001834	
10902	2	50	1583.09501025039	
10901	9	14	503.564444269782	
25322	3	30	964.999247530941	
10084	2	10	362.294404302861	
20526	4	15	530.84063048048	
8615	10	24	781.649391158321	
23337	4	20	668.929880423904	
29302	6	6	235.112776530493	
16970	7	5	221.760564512462	
21342	2	11	399.068093522949	
23945	3	8	298.641170849391	
22321	8	39	1238.22621406905	
29128	5	45	1420.77973230778	
17729	9	28	917.051209675638	
17677	10	23	772.304393971481	
10103	7	17	571.904440006197	
13150	4	13	456.555297214796	
8547	3	50	1575.41832255918	
25589	5	34	1104.58487897394	
27641	7	22	734.180266304957	
28861	1	20	669.032441391159	
10938	9	14	483.940367216217	
14181	9	8	309.277431140317	
18648	9	27	878.150432183477	
15324	3	26	840.191027056515	
17506	7	6	254.098016253718	
10355	9	30	970.643125889191	
12781	2	27	884.236464390641	
29867	3	39	1262.94219824622	
16238	9	1	95.7168503178828	
27323	8	36	1171.72212405676	
27960	1	5	225.870045863963	
13434	9	50	1594.01737317164	
10766	6	1	106.566244897696	
21692	9	8	303.174531228456	
12549	7	19	653.036560124269	
28120	1	6	258.561458931566	
24271	4	44	1404.68781108255	
20943	2	3	147.315646664852	
29367	10	9	352.338230103412	
21662	9	28	904.898329612286	
14480	10	20	673.778844752246	
9088	7	49	1552.13146989799	
11811	8	49	1551.43910975728	
20286	9	49	1557.05443100867	
11148	3	31	994.838601478766	
22424	10	45	1421.24266023805	
20249	9	11	399.518452957048	
12522	1	5	205.75216854259	
8404	5	13	475.180352588734	
23065	7	29	936.350562002673	
26816	9	18	605.460918380628	
15291	2	29	959.290512986151	
22124	4	35	1117.47070684911	
21026	7	6	255.988743610675	
28763	3	37	1179.15464303417	
8680	3	7	274.287013129465	
8974	5	3	166.848815347463	
12441	9	35	1122.10337724635	
13430	2	10	356.742614226762	
16312	9	44	1411.00626526913	
21465	2	43	1384.69341603326	
24567	4	17	572.170578284268	
18442	5	5	206.043714194579	
14389	9	25	827.345969466188	
29937	3	3	152.771124985428	
23043	6	39	1244.2088408974	
17544	1	44	1394.21348741009	
10138	8	21	693.876678447182	
21118	3	4	199.267833847212	
19021	3	11	393.342981074631	
22894	6	19	651.867486132247	
17921	1	47	1508.10267589432	
18479	3	25	832.246648870523	
25722	4	45	1429.28193669267	
15990	1	50	1595.25359663891	
25733	10	15	531.808897318229	
15656	2	10	357.838321383036	
23020	10	28	921.096001174811	
21670	7	45	1445.35242557775	
13474	1	12	432.855356015663	
14070	6	19	651.124672932143	
11595	3	23	758.484295848051	
28145	9	26	867.761845657491	
28735	3	23	759.36628831521	
25993	3	19	646.261205676133	
17312	3	26	866.579532877812	
13489	3	16	556.546666322531	
14383	3	46	1450.57750128702	
21519	10	22	724.019888194287	
23454	10	13	458.749546994804	
13524	10	4	171.712643584103	
12069	6	10	362.584433836203	
20985	9	44	1390.57303243809	
11566	1	16	541.331964834282	
11942	5	35	1120.20491357902	
23303	2	4	181.608266467977	
18233	9	45	1426.08775570341	
18835	8	24	804.093140291093	
22287	5	47	1484.28330602324	
16284	9	42	1350.62976058136	
22048	3	1	107.029172827969	
26170	10	41	1305.64177450987	
27872	4	1	86.4843346953785	
20223	5	3	161.837371514103	
12916	4	10	364.483075870426	
26652	2	21	697.358242486305	
24785	10	5	207.043864115627	
19197	8	40	1288.18877015644	
12805	5	6	260.735146971762	
24670	9	22	727.345745715939	
19714	1	48	1516.44869174643	
14467	3	26	845.752814172652	
8473	7	40	1276.7509516686	
18390	3	48	1523.8872582111	
23323	1	25	839.881592336987	
28982	10	21	706.209120185212	
24001	8	41	1304.40873262678	
15170	10	32	1046.67742587937	
13771	9	6	261.084763790055	
24007	8	27	886.191592107616	
28643	9	23	767.662174574873	
13633	1	49	1543.63598612306	
13805	4	50	1569.85679025289	
9930	1	42	1340.51828685241	
9665	3	8	301.630337490528	
19562	5	10	369.283052296044	
25733	10	4	197.529643456233	
24018	3	10	370.914684036241	
27162	9	11	389.077023113648	
10948	3	47	1493.64533017094	
10789	9	21	705.721141614821	
26808	4	36	1153.74518109194	
19572	3	32	1036.81269515157	
11388	1	4	174.722664996387	
13135	7	11	405.826183187694	
23636	7	29	945.482898422276	
17535	9	23	751.999961152673	
10081	10	24	785.924474143388	
21996	4	13	474.883212444784	
20150	5	49	1548.90296318983	
25462	1	22	739.535668762185	
18659	1	26	868.357896166089	
9018	5	40	1269.84235431526	
27885	10	50	1596.67414247835	
8443	7	16	542.300855248375	
8557	10	28	925.959829411451	
21814	9	20	685.833482167606	
14781	10	46	1466.68577422699	
15980	8	41	1301.4503724973	
14104	9	14	493.995793393811	
10161	7	14	477.1995338412	
26530	5	13	459.410329824039	
14288	9	18	623.008376501039	
10855	2	20	678.091713915622	
9803	9	20	662.967586006488	
8504	2	3	163.393186704904	
25157	2	42	1335.78498425697	
12721	2	9	345.966047842971	
22650	8	46	1460.20703402358	
20744	6	50	1595.20002357438	
19419	9	17	579.828599030072	
23538	2	45	1436.12918007939	
29055	2	30	979.111747042794	
18694	7	10	367.089816800826	
25256	7	1	101.624604101118	
21516	4	12	442.703510654487	
25643	8	44	1408.94011902108	
20635	2	37	1182.02828667221	
11926	2	37	1198.0610750234	
13827	7	47	1494.39869391471	
14145	7	49	1554.20915903254	
23569	2	18	598.48425848339	
24552	3	19	651.794213434585	
26053	5	8	312.181800600226	
28837	7	5	226.655923345432	
15056	6	47	1499.30427840878	
21394	1	10	353.793631807805	
17315	5	50	1573.18264777455	
18954	3	27	878.217431604032	
26612	6	30	975.670508079077	
19870	4	40	1283.44957012844	
13022	4	9	330.84386922924	
12396	9	20	669.464311538946	
8011	2	47	1495.08122971984	
12763	6	34	1096.44579632974	
17457	9	9	326.310811790782	
22642	8	18	610.736804590904	
9340	2	12	438.720981235952	
20071	7	34	1111.7550789899	
19372	1	8	322.43299648279	
22634	9	38	1209.6979141653	
22038	3	14	486.033913309702	
25051	3	28	925.717440119813	
12692	10	14	479.683188870402	
21700	7	32	1049.07436415976	
10457	5	28	903.406488682798	
29370	10	47	1489.2461491233	
9881	8	30	982.752537514434	
21519	10	50	1575.04953837723	
24580	10	4	179.597344593889	
17558	4	35	1117.01971039037	
24891	7	34	1103.8051954954	
18479	3	9	348.624699203588	
23119	7	44	1407.05167858258	
29033	5	16	539.786634361272	
14703	2	47	1478.71527535781	
15838	7	44	1407.61611638945	
13986	7	11	390.826575900813	
29125	9	15	531.43579057019	
26574	10	23	763.663307597704	
20021	6	44	1409.5995548971	
28182	2	43	1362.60233648243	
14472	10	33	1067.74861623894	
20028	2	16	564.536525944498	
9679	3	11	391.750453445944	
9230	2	9	328.984729800832	
9360	7	26	846.66486854044	
17060	5	34	1084.03051732296	
13403	3	27	870.64402047109	
20331	3	43	1375.31379231034	
17617	3	45	1431.96670606358	
27293	10	32	1050.21913778513	
22150	1	3	150.273207682312	
17847	3	29	955.628078540614	
10155	8	10	364.700779749407	
14976	5	36	1148.17524572284	
19205	7	40	1272.76681836358	
13203	9	6	252.111024564184	
12945	9	26	863.107436440469	
25026	10	28	923.249434662633	
24302	2	1	90.0581292854893	
18879	9	30	971.041094293371	
14827	10	50	1598.13310939732	
10773	2	23	778.620087010143	
16705	8	46	1458.65079768871	
8145	7	6	259.644374633042	
27331	4	50	1582.21917002565	
12940	1	26	862.412632956362	
24146	4	32	1035.29459535856	
28834	6	38	1217.73052097193	
8971	4	15	518.694695401329	
17800	5	8	299.910228690091	
12037	10	47	1507.28519066576	
14487	8	12	428.091771392194	
15163	5	15	512.83344158569	
15763	1	45	1447.09557768288	
16166	8	31	1018.28529707076	
17308	6	12	441.180914175315	
8398	8	3	167.932735424457	
11455	1	24	800.089634358925	
22076	2	2	136.741620142358	
29364	4	14	485.215631800338	
10155	8	4	192.108517043343	
20289	5	7	279.735746066894	
26769	1	9	347.630638530306	
28203	10	3	146.800572605245	
9301	5	32	1033.53198781308	
29335	4	31	992.996620662974	
8819	2	35	1122.35089883318	
9640	4	30	991.611388638435	
26120	9	7	285.948456994234	
21168	9	39	1235.50509182527	
20468	10	35	1127.71913946034	
28994	3	38	1208.18635590756	
17622	7	23	753.605178312215	
27342	10	15	518.558460603728	
12203	4	43	1364.46922708511	
23317	5	10	369.128529228796	
14858	3	21	705.885728255792	
17434	6	5	212.106078812902	
14596	8	9	346.76555977518	
11470	3	50	1584.25223558408	
24107	2	2	128.735921964392	
8926	4	39	1252.91349949917	
25365	9	29	936.619096909007	
14925	5	38	1212.05647737349	
8068	9	35	1142.93394711937	
8995	7	41	1322.18143629012	
8398	8	15	522.794636954923	
19311	7	15	517.605202066528	
8387	3	5	209.889948652075	
11651	9	28	911.585904188261	
19234	3	3	164.178289139726	
8855	9	3	143.017802081545	
26931	1	26	866.507814520275	
23261	2	38	1204.84249748515	
17445	8	26	858.932577250028	
14062	8	44	1398.39736333042	
20805	5	15	510.989448479838	
9865	3	44	1391.85022508346	
29027	3	25	826.112386819959	
21191	10	20	669.222549362677	
17085	2	42	1340.06173412318	
25730	2	2	123.68320672013	
20863	3	31	1011.78206397769	
22339	7	27	883.189603576059	
18408	6	23	772.191089229747	
23347	2	10	379.098834758205	
23047	3	40	1274.48659307998	
15595	7	50	1594.27498098196	
8891	2	3	162.62635059777	
12552	5	22	729.156767841967	
19608	10	42	1335.29518591952	
16050	9	49	1555.82665661156	
18661	2	15	533.324074583745	
15225	8	3	152.48938455828	
8976	9	12	436.479709835946	
16913	1	16	539.195017544178	
29176	8	29	943.116649157888	
18207	6	22	735.574161156814	
8148	10	18	603.86662548588	
17701	5	41	1311.35055152297	
26565	4	16	550.201983708051	
19699	7	20	684.745696766649	
29529	10	26	861.72143998636	
26692	6	30	974.362552805972	
10065	5	36	1151.32680268554	
13659	1	33	1064.7013373788	
8184	10	12	421.678541387282	
25517	3	36	1148.76268082706	
23347	2	39	1259.6258833537	
28410	4	49	1566.07186375469	
13880	1	46	1458.13908074896	
18956	3	28	914.035503172332	
20891	5	30	985.993691992943	
14631	7	40	1277.5430104125	
22714	1	9	324.190501460894	
23034	3	1	85.0527152442619	
10821	8	8	321.131435521474	
20028	2	2	133.429493332947	
15667	5	15	519.865388143745	
12835	7	26	843.835112361161	
21928	3	2	127.694843210138	
11455	1	15	528.519655972961	
29152	6	12	434.978851468758	
17712	4	33	1080.73318081011	
19935	2	37	1176.29071826874	
27448	3	5	208.351632528171	
15741	1	38	1209.6937274978	
10522	9	24	794.018429961995	
10174	4	26	848.362787649204	
16504	2	11	399.73755970585	
8250	3	15	535.280714172535	
13718	6	43	1375.41528732302	
26087	3	26	867.98359959758	
26377	5	35	1114.76183529699	
29520	6	4	199.020565654626	
21026	7	22	735.316037356535	
24397	6	26	861.96176673377	
12833	3	2	117.419511171719	
12520	8	42	1331.86280089052	
18357	5	41	1307.48975185095	
15788	1	49	1557.42029337092	
16722	4	5	205.723912252916	
24807	1	12	414.649097628262	
23984	5	4	196.554486843084	
10188	1	27	871.017687093009	
18082	4	14	501.259682747191	
16976	4	19	649.832964618613	
15101	1	26	855.781064171242	
12809	2	45	1428.29888309739	
18549	5	12	431.426994591685	
25020	9	8	298.063582022704	
24889	1	27	889.68715582494	
29005	9	8	295.708773013069	
12653	9	43	1360.03151312472	
10341	8	39	1263.65570831283	
12998	2	1	101.68232773509	
15707	9	9	329.766845297891	
14126	3	43	1380.98825917625	
10291	1	44	1398.07183453723	
14263	8	32	1022.97517015737	
20153	3	46	1455.007609881	
25645	4	38	1227.66011142529	
10091	4	10	380.399893177859	
18039	8	29	939.888323647849	
20853	3	34	1110.79114958215	
18242	3	3	162.723793425934	
26770	4	2	126.051903574752	
8702	3	46	1471.23185669595	
17604	2	36	1158.52244475788	
26421	10	37	1188.87446410436	
22016	2	25	823.090948510492	
28216	6	7	283.711924349755	
8207	8	11	401.566692442431	
27224	1	25	812.375636292796	
9042	2	27	886.414818990238	
26549	8	48	1521.97093095722	
19906	8	4	193.870558344699	
26969	2	8	318.424364625674	
18595	3	7	289.715493717098	
15905	1	23	755.031035521548	
20123	8	36	1158.51866790956	
25196	4	12	433.912663326558	
23258	9	30	965.71954686461	
21746	6	14	496.93579305752	
21795	10	4	181.673977683146	
22150	1	39	1245.59355834759	
15190	4	36	1159.70651430996	
23258	9	34	1107.95208647286	
13544	4	46	1451.10612698417	
13552	8	4	177.338237919537	
29073	6	14	485.549192058644	
14663	3	33	1080.97350755752	
13751	8	8	319.347676634485	
26370	2	11	388.887630733143	
25743	6	46	1452.48214196995	
25993	3	11	409.760181945637	
13161	2	45	1425.32401907506	
15895	4	33	1074.76077398041	
22395	8	20	685.763337260933	
17513	1	24	788.293893667075	
9930	1	13	455.207779172439	
11739	4	23	778.601107922663	
15189	3	41	1297.25861941337	
19212	3	8	319.424418993026	
21625	6	38	1208.33604608119	
26120	9	1	94.351657672949	
16361	8	17	568.120463382509	
8984	1	34	1083.33313672027	
26364	5	16	553.616694134482	
14639	9	42	1341.68477735561	
14270	8	47	1507.81176939039	
25659	2	1	91.3424806722172	
16291	7	36	1171.27276545915	
29934	5	22	723.040799015686	
10335	8	46	1464.45650224781	
19041	8	34	1101.09494655444	
20540	10	9	341.940564560676	
27059	2	47	1483.46410012034	
26377	5	25	838.214345964703	
17657	5	46	1465.19759123456	
26225	10	18	603.017279115979	
10975	8	18	618.09981710189	
13191	4	1	100.125729711785	
10204	1	33	1061.18420683834	
11597	8	24	783.325272045715	
17318	3	42	1342.11744095297	
19526	3	49	1564.36424771527	
19825	8	1	92.6790617092881	
20203	1	29	959.893494322846	
28382	9	16	556.654637044601	
10629	8	4	176.646911882165	
17657	5	22	719.109784364286	
24825	1	38	1232.66102736474	
29638	2	34	1101.42160005002	
27969	1	10	379.823256349109	
27243	9	13	459.917559986896	
27013	7	22	736.654043913192	
14032	6	22	726.295127871584	
16233	4	27	888.599746976327	
19666	10	3	167.322320010198	
26549	8	23	757.473094965086	
24711	1	3	156.373377589683	
10855	2	19	634.33539233838	
26340	8	4	189.421349628559	
14282	10	7	269.526468529145	
18423	6	13	474.206711386427	
10547	5	48	1509.70074209836	
27640	9	37	1196.3068776188	
22807	7	15	524.431128485329	
18286	10	12	431.38719541551	
15477	4	3	147.819617384961	
21342	2	49	1541.85991895472	
26620	3	8	316.54642801571	
15467	4	25	820.565746026377	
10316	1	7	265.276614551096	
15153	10	45	1437.10796207055	
16050	9	23	758.475378210878	
8990	3	8	316.074412575026	
10805	10	35	1136.09914694731	
21516	4	46	1466.21860512822	
17264	2	2	129.987409957679	
8261	4	16	555.441401673221	
26370	2	5	203.439642397426	
17022	10	50	1596.96205708988	
8443	7	39	1245.03786547344	
13328	2	26	868.701985026105	
18292	2	13	458.681453307477	
23436	5	3	149.851165409131	
22110	10	12	423.217542666578	
11105	1	34	1084.53894226092	
28783	3	12	444.440902641248	
12938	6	38	1215.64543668909	
16908	7	20	674.864353144013	
17137	9	23	750.892025954505	
14318	4	24	787.72449626947	
21586	7	15	526.643901526297	
26015	2	50	1583.76442476351	
10884	2	48	1510.70438008323	
15738	7	27	871.657738309194	
27156	4	11	389.118560659289	
8457	8	45	1432.41669885461	
21771	8	13	448.057370096472	
17550	9	36	1168.24793322396	
24658	4	18	608.506298907337	
23832	7	14	488.83501965964	
15606	1	6	234.786992927448	
18041	3	14	482.563356348576	
26101	9	14	492.095281338364	
26991	4	28	916.144985498928	
10280	1	16	542.71529427856	
19110	6	41	1301.44218177602	
28197	1	14	500.579631338166	
15262	10	37	1190.19598092427	
8480	3	31	1022.38114184811	
9612	4	2	117.334910052519	
16233	4	7	282.031693291865	
10553	5	49	1552.93373519226	
28758	1	19	637.373335248499	
19327	6	16	544.383484155118	
25971	3	31	1000.82448350304	
18783	7	1	95.5252580789501	
9928	10	45	1439.84957668923	
9060	4	26	853.089334952221	
14116	2	32	1039.89218622441	
27638	9	50	1586.94629277426	
25171	6	15	532.174180695868	
18064	1	29	946.995565810704	
28216	6	36	1165.6544020612	
9349	2	2	112.841249756907	
16625	3	42	1338.6327130248	
26331	7	46	1453.34353730704	
29566	5	26	847.770998127652	
28154	6	32	1044.41667426583	
11590	2	25	826.980586288022	
14442	9	2	113.801906273608	
19608	10	40	1281.93003986121	
8098	1	30	987.193468449262	
9662	5	37	1194.93334349009	
16053	4	37	1188.12703743024	
24155	10	34	1090.25087254599	
20150	5	13	466.13862867753	
13872	7	49	1566.58617196911	
8647	1	25	833.706179910203	
12628	1	47	1480.50224838802	
23120	10	43	1383.0967604849	
12601	7	49	1543.86127130308	
23352	1	1	105.44945576482	
28331	7	39	1252.4832112959	
14925	5	21	713.557115901987	
8922	6	17	585.692802977605	
29867	3	17	573.71016633404	
11103	7	32	1026.39108951501	
24903	7	32	1046.32089592811	
12258	7	46	1470.83325480615	
26372	4	10	373.593302580339	
12791	2	50	1592.56712216538	
9105	10	37	1194.96803514425	
18519	7	5	208.355746999549	
16572	9	18	621.560006133076	
24717	10	49	1556.66083896377	
19507	7	27	887.791427116744	
13148	8	28	916.908954287371	
27142	10	13	459.254031581457	
18021	6	37	1177.51227247413	
8485	3	21	689.371756971521	
10569	10	15	533.671183648366	
20663	1	33	1056.16295707233	
29655	5	12	443.215394636251	
8731	3	30	988.5792355745	
18994	3	12	435.404870191312	
12771	7	27	894.838224842603	
24106	8	12	438.000391702168	
23910	6	32	1049.24629781826	
21154	3	33	1054.13261160913	
17136	5	18	614.685854825511	
25113	9	2	128.939086109837	
12079	4	20	686.14339677903	
11361	10	30	972.587086564203	
27680	8	39	1256.79542573951	
27091	7	2	123.085021471179	
23312	9	15	506.724724931049	
15137	1	40	1294.5123545148	
17630	7	15	532.097286159218	
