idEmpleado	idDepartamento	ventas	importe	
28576	2	5	203.038091791346	
28602	4	23	762.099642139906	
13869	7	24	784.136159114603	
29291	2	27	886.242286528573	
20750	9	27	893.260014696633	
10922	4	8	294.385167460137	
21046	2	49	1541.46204751984	
23141	5	48	1514.29309591385	
17729	9	3	157.995828389188	
20275	9	43	1363.1135077044	
21999	2	39	1242.90162032605	
23868	7	25	810.42843457797	
22776	5	30	990.436702459323	
15720	1	17	585.183179017707	
16620	5	13	463.635638534853	
22440	10	9	351.347778528625	
15788	1	48	1528.00268654153	
26393	2	28	913.149378538667	
25847	6	33	1076.3415258547	
11584	4	30	976.577808827431	
23961	9	4	171.953604524934	
16903	8	24	780.530068082982	
22348	5	4	200.107770655354	
28907	6	8	321.457575858318	
25383	8	40	1285.1733467752	
25745	9	13	460.477446606605	
12380	6	3	158.673980756977	
28015	4	24	792.495805170618	
17158	4	1	84.9590697907652	
14841	8	49	1560.99766025366	
29111	2	42	1335.26414724778	
12056	1	21	701.872172906004	
9544	3	14	475.33664446107	
13674	3	3	143.644957795574	
23694	4	1	105.460786309773	
14467	3	24	784.277837641667	
16010	2	16	558.789139575692	
15671	10	34	1106.46876114722	
16511	1	17	592.571211025385	
10064	5	18	599.095618109729	
17400	3	9	347.351776746731	
14956	6	24	793.279252756983	
27276	10	33	1076.85801623243	
17666	9	50	1573.94886384436	
19630	1	17	587.843155389579	
24011	5	20	685.779957941631	
14105	9	9	340.571137825293	
27627	1	37	1193.77558801033	
22026	7	10	354.066083707877	
25443	1	20	664.253122966854	
24796	10	21	701.429711869652	
26542	1	32	1050.77384681011	
16728	1	40	1293.5392222244	
19735	9	7	272.09732727711	
23428	10	19	654.604722976035	
28597	3	32	1022.50802370836	
19617	4	19	641.991871484552	
22085	8	16	542.678583256285	
17544	1	37	1201.06893975337	
14066	1	15	512.782568090028	
18402	10	5	215.71118670316	
27201	6	25	828.966242349225	
21924	5	48	1509.33402612309	
26473	3	4	196.998168135527	
23505	10	1	107.84936045662	
25884	8	18	621.029447420048	
8978	3	12	415.0917901169	
27640	9	28	926.791744663749	
16565	8	16	559.722392707934	
12236	2	40	1279.35780089319	
21038	3	44	1392.55863895293	
14030	5	14	501.533925394311	
21012	6	11	400.578167513282	
23901	9	16	557.245907744973	
21113	4	21	709.2260320807	
26258	9	30	978.674351767951	
14047	2	41	1303.67205185055	
8628	9	5	226.158906810991	
11576	3	42	1333.61442046874	
28210	4	20	679.393388833568	
18425	4	4	199.906308781312	
18191	3	16	564.898392746643	
29754	10	15	518.42972146274	
24052	8	31	1020.70594682391	
9560	9	29	939.567948384009	
21132	3	10	364.490300437664	
15664	10	31	1008.3329506816	
23276	1	7	283.23931718396	
19491	8	34	1089.04023481954	
10767	8	20	682.952762601409	
22634	9	5	222.285966157115	
19987	8	1	96.1105563194075	
28884	7	47	1505.39982139384	
8547	3	3	159.788642935356	
19317	1	13	463.384431406569	
18581	3	35	1118.38553439751	
13329	7	27	883.945226633896	
15318	10	29	959.859848096902	
23084	3	49	1546.09950338774	
18339	7	49	1566.81370796953	
17641	9	9	350.68816782473	
23449	4	31	1013.77939316154	
28368	10	21	714.053195302399	
13706	1	20	674.708282814691	
12329	6	27	871.694484013922	
18707	8	7	279.895786475342	
9364	6	22	730.195679296831	
25603	7	25	816.293314479428	
15125	2	36	1162.87129519641	
9126	2	40	1275.93037120808	
23685	8	41	1318.83597185781	
25446	7	14	495.832964673561	
19487	6	24	809.064162787546	
16455	2	18	601.675550919806	
17319	10	11	392.876259308716	
17555	8	39	1250.81279395652	
29077	4	11	390.536520886485	
29033	5	17	568.628079299176	
14474	10	26	857.430219751517	
13535	8	42	1343.35906001896	
13237	5	38	1212.69649673845	
17393	5	5	211.852472932941	
13469	1	45	1437.75150984421	
17544	1	46	1476.76963010652	
25835	3	35	1137.07183473607	
25200	2	43	1376.44808263353	
21174	1	17	596.134104000467	
12412	9	8	320.789524577926	
24648	5	4	173.861476338404	
28942	4	37	1190.84049768319	
13524	10	4	174.729125134055	
14725	9	12	423.812203753652	
14844	5	7	280.059403423248	
16509	3	43	1366.80071249921	
28554	8	11	408.705221008838	
19202	2	24	786.126915619768	
19470	6	46	1450.84519744424	
10540	3	45	1443.72143864805	
22361	7	5	229.011462809989	
20908	9	22	739.672161908668	
24090	3	38	1234.29462114083	
28296	7	7	272.039636202175	
9530	1	22	720.36802198755	
18256	1	44	1413.10986361146	
16728	1	30	964.116790743599	
15515	3	42	1326.45300148355	
29225	6	27	887.046393531862	
25339	5	30	983.724270474037	
28837	7	43	1366.91238362664	
8508	5	25	812.571637450052	
29228	4	24	807.849013511021	
8443	7	11	395.31714733472	
21350	4	4	182.429628345384	
22583	2	7	282.740443368787	
9953	5	12	434.117211231085	
21965	10	5	218.83569489179	
12558	7	37	1176.02788331733	
25143	9	25	837.283565195875	
8032	9	35	1137.63644807862	
17856	10	34	1095.2464013804	
17675	1	40	1283.76168247487	
20415	8	14	489.406154718905	
19831	2	22	722.431838141024	
27580	2	50	1572.03079751322	
27214	3	37	1181.20124607403	
13762	2	30	975.023768104158	
17065	2	8	295.773561250313	
12950	6	32	1042.26345028834	
22119	10	7	272.970329910969	
19500	1	38	1206.74934368895	
27457	5	44	1399.96759651227	
13803	3	16	546.815082238435	
11326	2	12	419.616616489187	
9898	5	4	197.75805784285	
24436	3	4	189.064438878123	
18966	1	31	1020.65686053627	
8222	4	34	1091.48445094539	
12572	1	1	104.641646232755	
26869	1	17	592.652839362925	
17353	2	44	1410.61883325252	
26317	9	17	569.401689101663	
13839	1	38	1212.40983352643	
11971	6	16	553.877140951286	
26731	9	29	961.289838888352	
19987	8	13	462.991484172173	
26428	1	43	1379.41197779934	
21477	6	8	321.382575408268	
11983	4	50	1597.31896005446	
22839	3	31	1012.68350126812	
9445	5	7	269.869526117048	
23921	3	38	1210.09903230243	
10376	10	21	693.561632248369	
13260	2	11	386.08499056943	
12913	5	22	733.765061429592	
17017	10	33	1055.91047943379	
10598	9	25	824.888466421928	
17287	3	36	1149.60779806115	
29912	6	22	748.337224474334	
26677	7	8	311.908617537426	
25133	9	50	1589.09302263944	
19304	1	34	1110.67944023324	
28206	7	45	1444.78294324353	
17183	4	24	790.753940563069	
16472	6	6	240.163039937691	
19447	5	31	1012.60404093778	
25718	4	9	341.033931272586	
23447	7	50	1575.70053084553	
23969	5	50	1584.67157050253	
13043	1	4	173.676004490664	
10376	10	31	1013.46035069481	
8296	9	22	727.351243946399	
27760	8	36	1151.38623708458	
25972	7	9	324.63072583295	
10159	10	42	1327.0176148261	
10637	8	18	605.844712278733	
13570	6	3	151.351848948445	
12700	6	48	1535.52901376762	
10493	6	43	1361.14199925267	
28740	5	37	1189.03931334104	
8124	8	44	1401.78926827469	
20936	6	22	733.64119269589	
19146	9	8	298.454601195853	
12108	10	1	109.579949020212	
11430	10	1	83.1008037939206	
8922	6	50	1596.65031138652	
25718	4	24	786.405964263904	
28472	1	6	240.730091669005	
10819	8	40	1285.85155505959	
9915	2	22	741.847578409057	
21320	1	30	964.175972456194	
19439	9	46	1471.04906247512	
14862	2	12	423.147226471057	
18439	2	44	1392.73302869533	
19231	7	18	603.559816723484	
24728	3	10	379.939393019275	
26087	3	22	724.618745858138	
17881	6	14	501.655892963361	
26451	8	11	393.714101013594	
15209	7	49	1548.68579795057	
26558	6	5	201.957552899587	
10908	3	44	1403.7114469538	
23244	6	9	336.711004905734	
29632	4	47	1503.6429555638	
13260	2	50	1599.22315057331	
21635	5	35	1142.51828217065	
15311	8	2	138.712795217853	
24553	8	13	448.930906415419	
13462	3	20	659.067375743327	
10062	5	5	207.920349150859	
8085	5	30	984.558630485348	
25520	10	27	889.359452654309	
8224	2	44	1388.46579880848	
28930	3	36	1159.29791113329	
14390	8	15	510.119349262733	
19517	3	29	935.451829943551	
16529	9	27	892.224839037389	
10081	10	44	1415.20299422331	
26400	1	24	787.653136769148	
13139	6	6	243.512728551176	
12180	7	8	306.198076673876	
10731	4	4	180.30383960358	
16714	5	10	369.848975785938	
13490	5	28	922.823992093477	
19341	1	24	809.50003203447	
27176	3	35	1142.4112882197	
18564	2	11	384.204017475342	
12877	6	43	1358.65320838925	
10271	1	41	1321.07090910947	
22361	7	32	1027.07822180683	
29177	2	47	1481.2259664206	
12460	5	39	1249.69595598508	
17322	9	38	1221.81491275402	
13212	9	44	1412.4562013021	
21097	8	33	1067.08176044146	
29612	10	50	1598.07782132089	
27417	4	14	476.930187790156	
24655	2	11	394.811645632056	
18131	5	1	110.356798446903	
10271	1	16	540.582521623272	
19083	5	48	1537.93751616866	
19181	5	12	417.475057848485	
9175	9	37	1181.66271592568	
22856	3	36	1157.93120590874	
18813	3	43	1357.28894792371	
24018	3	3	154.816519801885	
24481	3	3	162.583263666641	
15118	9	26	863.849315337767	
29001	4	30	962.613679432596	
29884	4	40	1268.10798677993	
27553	4	34	1087.71455398189	
28322	2	28	909.415751634825	
12270	8	41	1314.00275619421	
10737	5	5	230.201372462419	
20521	4	41	1322.4877212767	
11108	7	1	101.653713296006	
14318	4	35	1113.86247116787	
20934	1	31	1013.88701281226	
22376	6	23	774.142923529326	
14831	7	16	536.811862353614	
28071	3	25	838.314264695306	
24091	6	10	380.059586828602	
16472	6	22	727.859997305954	
18913	5	38	1231.9891539365	
9031	2	9	326.694382730263	
14321	6	42	1334.86267450026	
29950	6	40	1267.54453990028	
23356	8	50	1576.00959750638	
14346	3	4	172.216150691833	
26858	3	15	512.041527941842	
17020	9	16	538.521642153394	
21465	2	17	577.413193405333	
25724	9	43	1384.84619577641	
8926	4	9	327.070615145876	
24008	3	8	305.575212382514	
21885	7	47	1488.72301882539	
16754	8	18	598.641123677902	
17963	7	25	811.917769877202	
11660	5	36	1165.53504416977	
14145	7	22	734.683512232585	
26168	3	33	1059.82802455306	
25353	8	35	1120.35470213758	
15110	8	14	476.039528956655	
13659	1	2	132.962922329531	
23827	8	49	1539.36366782494	
13125	9	19	651.810214785771	
26748	3	48	1535.69319979087	
23229	9	33	1071.61354029161	
27365	9	3	169.968480025403	
19770	8	32	1045.42804714545	
22752	1	16	564.215350153025	
24929	10	33	1063.0431749779	
21311	5	38	1220.66872210273	
11584	4	36	1173.54493609329	
24131	10	41	1302.26825692797	
9219	5	39	1237.87792934006	
21219	2	40	1289.61506054253	
21038	3	49	1549.67356198918	
18044	7	28	911.236823178472	
22882	4	1	102.426273423446	
26901	7	14	487.271979901601	
18075	5	4	186.573666160262	
17427	2	23	771.633164645933	
8534	7	15	530.572151490754	
18484	6	24	809.586344626539	
21885	7	17	590.301360576554	
9691	2	35	1124.56955585842	
15252	9	33	1066.93214104834	
14724	7	48	1524.62616007991	
19207	1	45	1433.76470245131	
26687	2	34	1103.0125896181	
20863	3	10	381.944701290664	
14128	10	46	1448.35196864249	
23647	9	2	119.459411296742	
8124	8	33	1076.98383780056	
11864	9	41	1317.95956255773	
12204	2	47	1504.02005787195	
12516	5	20	674.897074976422	
27404	5	40	1292.62548611156	
10532	5	40	1274.88416794449	
23501	6	44	1399.16947470939	
11173	10	7	275.930999608678	
19338	2	47	1486.04111748098	
18831	4	22	726.788103546383	
11092	8	49	1547.82617778882	
23393	9	33	1075.47846717549	
26453	6	29	956.744471302603	
20511	10	7	291.30125968312	
19283	7	18	624.802358217911	
13793	6	20	667.697283042454	
10417	2	7	279.10795828286	
18765	3	19	648.967561688725	
9390	4	47	1500.68094669873	
20558	4	35	1143.10877074632	
22628	7	9	327.411532330984	
18530	1	29	953.254358392793	
20115	4	12	428.721537491643	
24674	3	49	1545.4673774659	
16165	3	28	923.376577702992	
9716	1	32	1029.06230724839	
13506	3	35	1127.24065892736	
22391	2	16	548.761058742535	
27301	6	36	1146.9873802117	
24461	7	9	336.203777574098	
27243	9	49	1542.41545752735	
29082	4	6	262.270648862361	
20755	10	38	1214.69120633541	
9980	1	37	1181.20931080599	
21666	8	4	176.561098292731	
25217	8	50	1584.30869437023	
11217	5	42	1333.85787146811	
12305	2	21	694.717985566109	
20850	7	9	337.048075877618	
24422	2	39	1236.35265523398	
27831	8	8	303.256798714053	
12905	4	7	291.340980292922	
11408	6	8	300.532548679287	
22571	7	2	124.84506109955	
23798	3	17	582.745973701936	
15167	3	42	1334.10787745105	
8760	2	38	1233.55688927395	
19147	5	28	913.268296175296	
12743	6	15	522.129782830425	
22138	5	29	936.928877037451	
20156	9	38	1234.65674416845	
10335	8	15	534.045027929379	
22577	3	14	481.263754591934	
22921	10	11	385.243197896165	
12807	9	44	1392.04787896576	
29553	5	5	203.729479407766	
26501	1	30	969.238025066088	
26029	9	49	1558.55268040605	
27278	6	42	1351.52049727343	
17622	7	9	343.563178863173	
16754	8	5	227.643509017138	
20943	2	28	930.408415966857	
19874	1	22	728.943619396977	
21288	1	38	1229.83733990688	
17357	7	24	784.372646019036	
18790	1	43	1365.55552892646	
10896	7	46	1460.78726084008	
18345	7	43	1375.53516049661	
23940	1	4	194.740161390388	
16658	3	19	640.493663847676	
23440	2	29	933.839411574341	
19362	4	37	1184.38997271675	
24551	4	11	391.919485811107	
8925	1	9	344.32829146475	
21598	2	28	919.851972032269	
23538	2	2	116.070552038062	
21677	8	22	732.721809713506	
12940	1	10	383.876476392092	
19953	9	32	1042.72140376397	
17297	9	37	1189.26870025195	
10030	9	44	1395.50541797444	
18536	5	8	293.97236275206	
17331	6	1	106.631275912109	
8017	9	7	290.05850317425	
13669	8	21	701.547033405652	
27377	3	34	1088.37042959797	
9778	2	43	1381.00689427043	
22159	7	28	909.448008439247	
19214	3	44	1389.16143184023	
22992	10	50	1572.83161888497	
24509	2	21	695.070669304147	
13025	6	43	1375.30519106207	
27535	3	29	943.197488292678	
18605	2	50	1593.48489701445	
11826	1	34	1088.70914621684	
20795	10	30	972.848382747196	
12204	2	36	1162.39736089595	
23919	5	20	670.695208772409	
11909	1	29	940.472415080514	
12149	4	25	817.19044477548	
11785	7	46	1473.32061661096	
19832	5	46	1458.02172877734	
16701	8	24	798.528134784907	
13948	2	47	1481.63611898275	
29423	4	1	83.08946546311	
13645	4	2	130.266771451694	
22008	7	5	222.125542118273	
13636	4	5	216.935463127184	
27121	9	33	1065.3912258639	
27754	2	42	1355.9773269277	
9890	1	33	1071.00766969426	
9922	10	20	665.361548673996	
20052	9	17	595.83127664208	
14399	5	6	242.251797021484	
9898	5	16	548.057760888737	
19889	2	48	1533.67114626508	
10062	5	28	903.777140054748	
8970	3	15	518.885116222727	
19044	5	18	608.290306501226	
13934	2	41	1296.00221642107	
14533	1	50	1584.54863465603	
12390	2	19	631.339252400836	
27408	9	50	1586.37372865638	
23488	5	5	221.908542505423	
16371	8	49	1545.42299454353	
10271	1	36	1158.53422051227	
10997	4	8	321.192484424073	
22068	9	11	398.434588796662	
12343	1	26	855.619145247908	
19839	2	49	1547.00358928507	
19993	5	16	553.673191142116	
9912	10	3	142.026600941097	
26473	3	32	1043.40406131158	
17534	4	8	305.530958988485	
8358	2	41	1315.94808364098	
28145	9	48	1537.4836891971	
17015	8	34	1095.44422796715	
14571	8	5	224.99515692936	
16019	6	7	286.96903771114	
29074	5	19	651.280261953958	
24384	5	29	946.244887479695	
18440	8	39	1244.07143114324	
22642	8	45	1444.05678257535	
19286	4	2	113.184104912534	
13371	7	17	581.823949190706	
9290	1	1	109.709120630151	
20671	7	26	859.473914419987	
8019	6	24	780.945691271194	
14393	2	35	1125.42713612571	
9771	8	36	1155.03799995176	
19748	10	3	149.071242692448	
9793	6	22	723.512244673219	
17158	4	3	142.404902271184	
11407	8	39	1244.47019865945	
19462	9	25	832.641810119451	
15611	7	28	921.981364210127	
22030	4	46	1471.64800012095	
21172	10	19	656.619592279484	
16175	3	48	1536.21312443922	
16907	5	15	524.555244950836	
19467	9	44	1409.07428702762	
28602	4	45	1423.69095332161	
21151	6	29	961.316317879277	
20377	2	35	1118.38763657882	
11523	2	27	882.30413578558	
12600	7	31	1008.98106875316	
27162	9	38	1221.95748736242	
18969	1	10	370.300317653595	
11417	5	15	526.303713380501	
15923	1	18	610.574071691639	
21601	9	15	518.226918297926	
11353	7	23	758.781983125388	
10771	9	8	311.916078511586	
20756	1	49	1557.01004454727	
29422	6	12	429.757328941374	
17112	10	12	420.477203512787	
24049	8	24	787.282469825485	
23727	7	49	1553.18962374385	
9319	4	39	1240.08459331472	
22318	5	48	1515.71387391338	
20772	7	10	379.060306092287	
18717	3	35	1140.24679315288	
28046	10	27	873.007452670954	
17032	5	41	1300.58114529614	
20517	1	46	1477.93234659263	
11289	6	45	1430.1609464689	
11355	7	50	1599.62169866991	
18536	5	44	1398.93386265213	
17842	2	33	1072.88914886903	
13535	8	13	473.966719430856	
9335	5	3	145.835689076146	
19114	9	15	518.824635687668	
28760	7	7	288.782032490141	
18402	10	43	1362.4137927603	
10189	3	26	842.205974926337	
26907	9	35	1122.55393415808	
26375	10	10	362.755113263966	
27404	5	11	405.669145996528	
13433	8	25	830.879969126955	
12537	4	36	1172.84288043754	
23017	5	14	487.751633267734	
8737	10	17	569.173596766393	
16816	8	9	334.641977890694	
11552	6	17	594.853064434069	
10902	2	21	716.811081653839	
12501	4	30	990.28925956706	
8437	2	14	491.596166161632	
26353	2	4	185.394857723915	
10933	10	27	894.712869718071	
29823	7	14	492.164606606664	
23003	2	5	214.698894384643	
29314	2	48	1518.4583763771	
27924	7	31	1016.53499896477	
21733	8	1	100.499250525841	
16870	8	5	225.49493885855	
10097	3	9	348.827493874741	
28406	3	19	630.683500650657	
28836	2	39	1260.73517258313	
9081	4	39	1240.4552899862	
29840	5	32	1052.14318931668	
22220	4	31	1009.35937008325	
9865	3	45	1423.02362471028	
11177	7	27	897.41116878456	
8973	1	2	132.336993949645	
17921	1	16	544.738382615493	
18853	9	50	1599.40228261026	
11405	1	16	549.999950635247	
8976	9	16	549.502285751282	
11846	7	24	794.804069620932	
20740	3	28	907.20339478329	
23271	3	2	137.72209024882	
23807	1	13	461.613323828957	
13958	6	24	802.309654616895	
19092	9	3	147.241712877174	
24481	3	34	1107.96224064564	
29553	5	44	1409.88670932589	
16029	5	27	885.604815262186	
17113	8	10	358.154388236885	
9593	10	20	663.770063642305	
25237	8	17	567.643087025566	
11016	8	31	1018.56478030727	
20073	10	47	1494.226840946	
14072	6	17	584.220992934062	
13674	3	20	660.72454226237	
16984	9	9	339.267825046213	
10236	3	5	227.377312699043	
23727	7	34	1102.2896367229	
29897	9	7	268.2827819643	
25788	10	38	1216.91885390175	
23783	1	17	573.378481051595	
22583	2	17	571.870433507427	
25445	1	21	702.019940680834	
17437	9	23	765.213856010332	
10539	1	43	1378.73677981027	
15065	3	6	243.483510354293	
10339	8	20	664.72800855745	
13916	10	40	1271.76242798183	
26628	8	7	282.304983941049	
26767	3	2	130.114681818576	
8457	8	21	717.408799043581	
29794	4	15	520.289308931813	
21106	1	49	1542.09388041035	
16554	8	30	990.590788102984	
8201	9	50	1587.50947493478	
19186	3	12	434.442516357844	
19147	5	42	1353.08557055569	
27919	9	24	796.148721760208	
22442	10	29	949.293286087594	
27006	6	17	592.537009880197	
17921	1	12	415.608229532655	
9754	8	33	1063.22267861256	
11602	10	9	352.529112413772	
29124	2	20	676.965108940827	
21167	6	23	752.812202960631	
19628	8	2	113.578409009417	
11917	4	35	1115.13252913725	
14423	9	28	918.802631776222	
28600	7	8	316.68662652219	
23073	1	44	1393.06916890343	
11365	10	11	397.36106991645	
23400	7	17	577.112645887357	
27237	2	10	361.717168670947	
18789	10	29	932.583431849528	
26184	7	8	301.425588569336	
28103	5	12	415.332961275863	
29002	8	32	1035.70214956799	
8261	4	41	1296.39946781863	
10514	7	32	1023.57287480662	
11579	10	47	1503.75820252288	
12431	8	15	523.234232088194	
23887	4	5	218.124281344062	
16974	9	20	683.299831321137	
24930	6	8	308.039706418309	
14884	10	49	1546.36126459872	
26835	6	2	127.353778093752	
14689	9	33	1076.47089989692	
27587	4	17	583.636052843014	
23228	2	17	596.71151799928	
25269	4	8	306.282025904526	
9407	8	17	586.182254490527	
21826	9	32	1031.22859093883	
23078	6	6	232.996350635307	
29323	2	40	1275.7457720841	
29089	1	27	881.310624369099	
13097	3	34	1110.15580243904	
18112	4	8	299.341321093655	
11095	9	1	105.054831740006	
23677	7	1	92.4016530497007	
28200	5	42	1345.15837080086	
24646	1	22	728.350981217041	
14306	8	42	1345.92537678123	
11203	2	32	1035.07580145964	
9637	4	14	489.235815037617	
10902	2	42	1332.75361190213	
14503	9	5	220.296153156225	
28662	6	6	238.572140260866	
23469	10	21	689.510448560822	
15708	9	23	769.165199533647	
19599	8	39	1252.17651365892	
13808	7	31	998.740366789857	
23441	9	2	136.686102737061	
19499	1	43	1372.57584695359	
9218	7	32	1045.53508356471	
28613	7	3	149.302777792002	
11457	2	7	277.483948188594	
22827	1	13	459.922847291419	
26405	4	2	124.489405995463	
10090	4	22	730.603844342103	
9796	6	21	705.458424866879	
9295	2	19	637.107509112501	
20669	4	18	611.496476294238	
15256	8	11	402.091113776942	
28842	8	1	90.4046006176642	
17757	5	27	886.886914412904	
20985	9	30	966.132478977615	
29822	4	12	424.11629525205	
10141	10	20	685.971396586844	
27581	6	2	131.272807480429	
18215	7	24	791.269786130297	
19655	5	4	195.991640182208	
11663	2	31	1010.64731782798	
27106	9	40	1283.99781476892	
12630	7	40	1278.41450400577	
22634	9	26	855.407221305839	
9485	4	23	777.308855306967	
25703	2	24	783.04847988442	
28210	4	7	274.06401628352	
18789	10	17	575.286094516183	
24207	9	44	1406.0651114425	
27449	8	47	1488.78163783289	
11508	8	13	466.960451336093	
18841	7	44	1414.47085330937	
10631	5	29	944.535004340361	
29038	7	28	907.541659114669	
27022	9	15	529.496151753467	
17842	2	39	1258.65274398525	
15945	3	24	787.461267070594	
14484	7	38	1206.4429942921	
20085	3	20	683.826676180506	
9812	4	22	730.232955147621	
13351	7	6	254.851915098192	
15073	9	30	974.450987397903	
23961	9	30	986.943228182822	
14739	8	24	788.050861688354	
23120	10	4	196.854504922803	
17248	8	32	1023.83426300429	
18742	2	32	1024.67120084198	
10835	5	37	1202.34890062471	
15184	3	13	446.621132924511	
24580	10	44	1396.17985790418	
22907	2	36	1152.60074367402	
20476	9	19	638.237641080393	
12130	9	50	1577.89541340335	
18001	6	35	1136.18487347671	
14780	9	50	1588.09304896188	
12549	7	13	452.688287968136	
10183	9	4	174.161342947819	
11020	4	7	270.127862258874	
10733	4	30	971.993922485036	
24553	8	34	1094.43546830417	
18575	3	7	265.858831007899	
8778	6	36	1149.20331147928	
25701	2	28	924.538732899604	
19473	3	25	816.676787033992	
10070	1	6	250.147057776408	
21932	2	24	797.025622984872	
20219	8	33	1057.55610943658	
9505	4	24	782.862941502995	
23574	4	12	437.390762659437	
9770	8	41	1307.47973499237	
9143	6	39	1236.65502818146	
10135	2	33	1079.52840229474	
25123	3	32	1047.44613129992	
13080	3	3	141.036830982676	
29130	3	49	1541.13972508402	
19961	4	2	116.196330430078	
10814	9	10	377.054586586102	
26800	5	17	570.363642317412	
22596	5	22	738.552716383037	
24116	9	42	1353.47459230268	
8910	5	43	1358.37727904244	
10062	5	20	671.715115658806	
23689	5	5	208.664961591673	
19823	7	1	89.8852535383242	
27627	1	12	416.180894158865	
28183	1	45	1428.7228102557	
13878	8	45	1436.57543990602	
12927	4	44	1408.35013086365	
23824	6	28	919.448610152792	
17996	2	3	156.80786378533	
28154	6	36	1164.49140103743	
12673	5	18	597.33340481172	
16934	7	8	314.449071807065	
16552	9	37	1189.39120787633	
15611	7	16	544.374124139722	
15669	1	21	705.648603618913	
12933	4	2	129.912254498299	
8990	3	6	250.26644114883	
21886	3	18	617.903803911947	
27651	3	31	999.828881937931	
9486	3	49	1566.2781535677	
29100	7	8	321.808259338983	
15228	10	26	844.958137965276	
24049	8	22	739.141397932145	
19341	1	6	239.52482972272	
11183	3	3	153.072341379278	
27194	1	37	1190.79150978047	
17942	3	48	1516.85858242067	
10406	7	37	1195.04514839269	
8650	7	49	1551.8967185318	
20006	9	3	155.633701382034	
9866	8	37	1203.79770063041	
11505	6	35	1131.57514587584	
15286	10	38	1218.51933018235	
21151	6	42	1336.05818926173	
29616	4	37	1194.14371534909	
24371	3	31	1020.53834988761	
19983	4	28	914.65347936128	
22644	1	14	480.495892875127	
16283	10	12	421.424247520708	
18043	3	29	960.450183078856	
20521	4	39	1249.20597857293	
25946	9	46	1463.4143313502	
21709	3	10	360.582898874107	
22685	10	5	222.988333954936	
15377	1	22	719.321623369736	
18357	5	26	845.079330487679	
21860	5	46	1458.05492342359	
10575	9	37	1196.66270684295	
22061	4	28	915.491121465103	
21420	6	50	1586.28407593178	
17922	7	5	206.788145437272	
18064	1	49	1552.45983840547	
14998	8	42	1338.72383444511	
28307	2	43	1387.19643873498	
12825	10	35	1116.56901970346	
17677	10	45	1426.75697769353	
13839	1	33	1069.52356365953	
24137	9	46	1450.3604238156	
11790	5	9	343.108552779587	
29073	6	8	317.93130047523	
9324	7	48	1519.71685748534	
15153	10	8	293.304982470956	
29395	1	30	967.551891620994	
12249	6	1	81.1741624032958	
25883	8	49	1560.69370040702	
27303	10	33	1065.75825893588	
9160	6	21	695.92974162471	
22826	10	46	1453.3330186146	
13578	6	29	950.230408790629	
14971	3	40	1285.11025373131	
10309	4	25	815.25877513702	
26294	5	43	1369.7705482737	
21753	8	7	276.479556391239	
17593	9	2	119.378698859074	
23922	2	11	397.072174994774	
11079	4	13	458.39392798878	
29027	3	16	564.375239091169	
29010	4	17	596.153063977208	
24441	4	35	1120.20320635298	
17909	10	28	907.993010891598	
10838	2	42	1332.73658635688	
13205	4	11	400.19587557772	
8296	9	10	359.554026927591	
19952	2	49	1565.61264260002	
11804	8	49	1548.84555594476	
19396	1	39	1251.33786222494	
24952	6	44	1392.85131143073	
10716	3	45	1431.32289144738	
29484	10	8	299.489169558272	
18082	4	43	1367.38673765556	
28844	3	49	1551.01478622808	
18531	5	33	1064.29305554568	
28010	10	5	217.38734009554	
28537	4	4	183.492947045478	
11966	2	32	1040.73332559352	
26931	1	32	1035.90099610197	
20120	8	17	575.862439729209	
11486	2	10	359.408736470811	
23919	5	6	262.294633547913	
9020	4	39	1253.56336443385	
21770	2	5	229.149588862969	
20727	8	1	84.7219048089915	
21196	5	9	326.432298052326	
24011	5	38	1230.3808677338	
19048	4	26	851.025300794758	
9929	10	12	437.01759716357	
27794	5	42	1355.98028201423	
13555	6	41	1299.34513558603	
24279	5	33	1070.1242637402	
16453	3	22	738.17509171468	
12599	7	29	942.381738602361	
27216	4	16	553.37049968232	
20832	3	11	410.15721746262	
16931	7	32	1035.11554188799	
25414	3	17	585.194714118352	
22890	7	37	1199.52098190762	
16797	2	48	1533.75095554336	
24897	4	31	1001.93924902097	
24765	6	2	132.328606458534	
29680	5	11	389.355838182082	
23971	2	40	1272.90694750515	
25941	6	26	864.606850177332	
16859	10	38	1233.84384905633	
22809	6	37	1182.84367113507	
19480	3	42	1334.09546750323	
14442	9	42	1350.96571959134	
20966	4	38	1232.38320817816	
9432	3	4	172.986609345761	
19770	8	20	678.64537326556	
11989	8	29	961.1711788928	
9681	6	47	1482.53148825957	
10892	4	7	284.966502620357	
28642	8	11	413.858430429296	
15895	4	46	1466.63984191913	
24741	6	23	758.843422028629	
18655	6	42	1328.01468154789	
23381	1	3	153.763577525394	
16455	2	22	729.173159193794	
19039	3	24	794.587341805262	
25503	6	37	1191.82795878119	
12010	6	47	1495.35758021071	
21026	7	4	173.5061758447	
18292	2	12	441.198627707175	
29703	5	36	1161.31407784359	
19661	1	14	505.004999053201	
15946	1	33	1077.64428654576	
22635	6	22	734.135838083055	
22008	7	24	782.271798207551	
28627	2	37	1198.29823292713	
11579	10	45	1441.21234368589	
24936	4	34	1102.15004055861	
19241	9	36	1173.92319070824	
21995	10	8	307.080130012278	
18859	6	46	1472.93879536583	
8761	2	50	1580.6564169287	
14954	8	30	964.542738685637	
9762	9	13	450.878055752664	
27328	8	22	743.58862691726	
21986	4	47	1496.28540023057	
27788	2	34	1100.05958120341	
11642	1	24	804.634388985408	
8136	4	39	1262.99367266847	
18571	1	21	700.699762320472	
10960	8	4	188.953084847402	
8437	2	26	855.643603455109	
19862	2	22	737.415235982004	
10902	2	5	219.512069253024	
16732	9	16	543.517375543489	
25993	3	10	356.27211985936	
10690	9	26	857.180032570465	
23290	10	35	1125.75740438223	
17100	9	27	884.577796349571	
16698	8	7	287.351907215711	
11654	7	16	540.500647677342	
10218	8	14	493.998257971368	
21443	9	37	1179.40077166045	
27405	6	14	503.408222470157	
27760	8	3	152.529771212735	
25788	10	23	757.838672081865	
13447	7	9	336.451180957468	
10322	7	21	696.82988150829	
16695	10	15	530.111409970611	
23973	3	17	574.688376418635	
10355	9	25	837.433029579666	
17390	7	46	1459.02113833419	
28100	8	11	388.608297551334	
23277	8	50	1577.88637260808	
27427	8	16	540.919635063466	
9247	4	47	1485.98342499043	
12724	5	44	1394.30068334299	
18771	5	29	957.136625795223	
22051	7	31	1010.17495060813	
21420	6	25	832.887758963223	
29910	10	40	1294.52776060185	
25237	8	13	467.193569795784	
20658	6	8	312.363907542249	
26377	5	33	1072.80641352423	
23474	5	9	332.245542859773	
21681	10	11	385.670474388483	
20370	4	43	1367.5897630712	
17248	8	29	938.132217292735	
19660	1	7	270.618462539566	
16745	1	15	505.999678348191	
26466	9	12	421.118200356661	
15447	4	11	395.454939303666	
21464	4	8	297.572244209038	
28331	7	30	966.571283492526	
20306	4	43	1366.57948233494	
11388	1	33	1058.94053739446	
26185	10	14	481.25564526825	
20373	4	16	541.13451621548	
9475	3	10	378.348284539929	
19323	5	50	1585.7499548354	
18067	8	39	1239.8342192731	
16298	9	14	483.229699695124	
29319	10	10	354.522979014797	
28853	8	23	768.30529624983	
29509	8	46	1463.26673274081	
19500	1	9	329.931946513211	
11060	5	16	547.035305903775	
22502	2	23	759.528863373924	
23187	2	40	1278.59243418956	
23807	1	19	657.533950553059	
13707	9	16	561.971436516369	
15104	6	47	1500.04340677524	
19391	10	4	195.582453774094	
28015	4	2	131.690037386348	
20618	9	17	592.824146613862	
27716	1	3	153.307077881557	
23682	4	6	261.634350429119	
24358	3	4	186.594358136223	
20572	9	6	251.162679610384	
22090	3	43	1366.85929682425	
29487	4	30	990.248909010668	
21520	2	31	998.318963664732	
17440	8	15	506.211418968724	
22641	2	1	104.11173162242	
11866	1	6	233.570176061974	
27254	3	15	521.978090276	
23173	1	39	1241.44889412515	
23838	8	31	1022.03701405881	
15736	7	7	291.306890273144	
24423	1	33	1081.979097669	
13287	8	34	1084.72777972218	
21038	3	29	933.166167127512	
20954	8	20	658.788341255294	
28169	8	32	1024.42499577274	
24782	8	37	1193.05353969012	
8332	5	27	891.298060906724	
21143	7	4	192.670590780988	
11273	1	36	1144.05861129242	
17536	6	38	1209.53968078342	
14827	10	1	82.3135963465616	
29073	6	45	1438.63516848471	
27729	5	21	688.060899697272	
17208	7	39	1259.53978310318	
13779	9	38	1213.08451198651	
20551	1	49	1544.02824183182	
11376	4	15	521.07479358142	
23848	1	7	279.872485529572	
9252	3	6	245.882206822691	
18213	2	13	453.747136878663	
27555	2	40	1293.27240445338	
16354	8	27	877.306186965344	
20941	4	10	374.661287132027	
24455	5	10	369.971836605096	
24109	3	18	611.488987715677	
15905	1	20	675.501045824728	
26707	3	8	321.51525560837	
17453	8	50	1577.0182807264	
21601	9	9	330.411247392377	
25334	5	18	614.735120187856	
14879	8	31	1021.28864246481	
29677	7	21	688.483052388059	
17864	5	35	1124.99829184497	
23774	7	16	548.22197310078	
18317	8	7	276.613336520555	
25836	3	36	1172.80617083088	
11757	3	38	1228.80526938886	
25181	1	28	921.255065519947	
11942	5	23	771.157458001355	
15262	10	16	538.636497696227	
26170	10	41	1301.52608570714	
26574	10	49	1560.63648710057	
26463	3	21	717.575739136699	
26969	2	17	577.0546773528	
24585	10	6	248.849083263822	
15584	4	48	1528.22412833954	
29124	2	10	382.188009313395	
12546	6	42	1338.77918056156	
14998	8	27	893.126906982217	
17022	10	3	160.083489790598	
27901	3	41	1312.49538248055	
9076	2	8	322.105604746428	
18859	6	33	1075.56668730246	
9139	8	19	648.289877180145	
18848	2	18	598.034485819766	
28149	6	7	284.672910703659	
25274	2	24	790.066492590153	
28131	4	19	643.194330522415	
16774	1	2	127.299353539617	
27855	2	12	428.923949948011	
20762	6	29	951.538284081751	
12324	5	28	914.279780180324	
18560	8	46	1462.25934338861	
13503	6	18	609.323491104563	
11283	7	7	268.251038318617	
22486	4	31	993.830543958503	
8050	3	11	393.636876639741	
13782	8	5	219.838926596492	
29638	2	33	1062.92644658262	
10759	8	2	120.278341155629	
19189	7	11	395.222972442965	
13869	7	37	1199.81972806147	
12952	6	34	1108.71502752822	
13667	8	41	1307.24570912646	
10854	3	23	752.221051171525	
15040	6	42	1332.63591735281	
19874	1	6	239.730447828644	
26507	8	44	1397.60660977923	
13690	7	4	201.122753341274	
25505	5	20	683.264859376133	
21585	4	10	373.313036511332	
8737	10	17	582.736075046815	
22793	5	23	763.891373744184	
13718	6	6	250.327757601779	
23971	2	28	902.239737707302	
16469	5	23	779.183037718378	
16486	10	38	1212.9163650856	
11572	7	16	556.708414664822	
12459	8	49	1550.18748728101	
13135	7	50	1591.9404258169	
9462	5	13	462.739678240726	
27059	2	20	665.610938866442	
29880	5	27	873.95571198033	
9662	5	12	422.233508053344	
17238	9	37	1187.09821361448	
19105	3	13	467.246305526815	
14062	8	4	178.377143711959	
28851	3	4	188.252248032136	
23252	2	11	388.803639034184	
12156	5	26	855.018539305319	
15741	1	38	1214.5872516998	
14815	6	6	242.349082716903	
19838	4	10	355.852733978933	
19320	2	26	852.848565826588	
22100	3	43	1364.86051734763	
17286	7	4	192.675654419081	
18684	5	25	813.390577218212	
17099	7	43	1368.320978176	
12204	2	47	1496.06882600862	
12361	2	26	865.398568466957	
8346	4	2	124.942462875015	
8702	3	31	992.459882810926	
14501	10	15	522.071577181142	
29897	9	32	1044.03449416348	
14454	8	2	135.610913436679	
26236	7	13	448.802209034936	
21028	4	5	230.38840643614	
8825	6	40	1291.93158578683	
8262	1	41	1307.08375339726	
25206	7	34	1089.06800060024	
8390	3	43	1380.91417887291	
16063	10	45	1436.92846197492	
25549	6	7	269.651439315477	
19038	6	33	1070.98602076573	
18070	10	39	1257.5386629149	
25115	9	42	1329.61203357652	
26988	2	11	405.864016081143	
11581	3	23	766.481519474872	
17622	7	4	200.147495511988	
16407	3	10	364.97474564471	
24279	5	38	1234.25877364085	
16974	9	2	131.478199796508	
10902	2	34	1088.80297074504	
19021	3	29	946.104214035954	
14916	2	33	1068.67760767633	
19546	10	5	210.963953794429	
24258	9	8	306.883341067882	
17593	9	48	1511.0428079176	
17283	3	14	485.467240254147	
29765	6	24	789.564083288221	
16316	9	49	1565.79246050017	
15133	4	45	1444.5953869096	
21156	1	20	660.639588656202	
13976	6	23	764.788918814058	
19398	7	49	1546.99796294188	
14901	4	33	1070.2797954298	
11270	3	5	223.5393616853	
17513	1	45	1429.92121781685	
21867	8	10	366.622594616666	
25975	8	25	818.29600457954	
14212	3	8	316.857899090675	
29833	4	14	486.445557925126	
19596	1	14	481.168494634874	
13518	2	27	899.735638433944	
29818	10	33	1074.10436043241	
29487	4	43	1377.65878972488	
11659	1	50	1572.69764340143	
14660	9	27	884.866713213207	
8894	9	37	1195.30990291168	
28226	7	2	115.248483771108	
29577	3	43	1386.81163833794	
17390	7	2	126.909057743339	
9466	5	39	1248.17348266401	
20097	4	38	1211.09408036391	
15088	4	38	1231.13979482611	
8075	9	50	1593.46426307851	
27896	3	47	1503.65691206588	
18944	7	37	1175.96736314519	
17647	7	50	1575.35688648715	
21817	10	48	1524.64695964225	
24576	2	5	221.918867967054	
9481	8	8	319.345598518544	
28245	4	27	886.464345532686	
20795	10	18	597.519670109041	
26717	4	35	1123.27554010007	
14591	3	48	1536.31879196331	
12147	5	26	856.288873318717	
27063	5	34	1104.86252050142	
23130	9	35	1123.98805782385	
18021	6	7	267.258867485104	
26081	2	37	1186.07267189122	
14778	10	17	575.942798264298	
10339	8	14	479.858924858206	
25362	10	30	981.851490932448	
13033	2	2	128.116846554036	
18339	7	25	827.813215715724	
20343	2	39	1250.30970516163	
27478	9	7	269.067332311099	
24249	2	46	1471.99985360354	
20971	3	40	1291.01881795145	
17859	3	6	238.266310393003	
10374	1	31	1022.01662785468	
9601	1	11	395.732905005912	
29097	2	13	450.218756483038	
21250	8	31	1002.75244495028	
17052	7	48	1518.88340275683	
9312	1	7	276.421904245588	
20755	10	32	1049.54550829229	
20934	1	35	1133.64912398795	
25013	9	49	1553.53369986337	
14426	8	36	1166.62288336392	
14925	5	19	647.571998540113	
23667	10	46	1454.56433132969	
15604	5	12	441.975634974416	
18714	10	20	676.377136612487	
27413	8	50	1597.51230057213	
23269	8	37	1199.98121239244	
20377	2	47	1483.64882452583	
18807	5	43	1376.46009833387	
10391	9	35	1137.7855684691	
21837	7	18	601.369916406167	
29479	8	16	547.835122900007	
10133	9	43	1360.87865538936	
17539	7	31	1008.05103542658	
25302	1	15	529.175811879884	
17060	5	27	890.86884007364	
12673	5	39	1247.05013288513	
29998	6	9	346.321991731563	
24921	1	36	1162.97723380987	
29576	2	14	483.326579110383	
17903	5	12	423.154557916873	
16811	5	41	1314.58957975478	
11020	4	41	1303.96750954165	
9374	3	10	364.338068535709	
10835	5	43	1366.38064924925	
18684	5	24	799.902240112378	
17038	10	48	1523.61269351263	
14713	5	15	516.245589049647	
11838	5	37	1194.76722515876	
23130	9	37	1204.39213734325	
26132	3	42	1339.89688771772	
21996	4	44	1406.74336502643	
17638	5	50	1571.21339651347	
26816	9	36	1170.45435796047	
28491	9	21	700.635984121187	
8331	8	18	618.500673351111	
17207	7	22	721.378466934608	
14030	5	2	117.88328988379	
13669	8	11	385.474354319961	
26786	5	2	130.604545981905	
20934	1	38	1227.83200332328	
24271	4	43	1366.6608806358	
28611	2	14	492.607233977228	
8124	8	11	414.214285134438	
18077	1	23	769.648901545279	
11919	2	40	1290.431187493	
8413	5	39	1261.13797246531	
14494	1	30	987.681869579331	
13859	6	48	1521.04294460315	
12578	10	4	191.883604876643	
13955	10	9	351.833269871694	
22931	10	48	1530.09991251403	
23875	10	47	1486.56827448242	
11677	4	22	730.322544877568	
9360	7	38	1210.3791419465	
28223	8	46	1452.03330360913	
14300	4	29	943.604488998467	
20034	8	36	1170.22626279398	
23570	1	20	675.59498572517	
29314	2	46	1476.47489650011	
14772	3	3	153.899607059499	
13922	1	23	763.735623342793	
27167	4	10	368.881599367075	
8860	2	6	252.067960990624	
28068	2	44	1397.88868075138	
23541	5	24	794.626551379741	
15186	2	17	576.621726386539	
16647	10	7	270.424297428887	
9806	3	11	387.415051305394	
22120	1	48	1510.67513852877	
25976	5	6	249.490373139032	
16397	5	38	1209.16684300134	
23572	10	49	1560.8476374116	
11058	4	34	1112.37268782797	
8891	2	26	855.4945757871	
13410	7	19	656.493677281073	
21222	1	28	901.982345777556	
12325	8	30	969.753224407208	
28836	2	37	1194.68916699043	
10212	6	3	155.949461756251	
23318	3	35	1138.76426764706	
17692	6	18	615.930823933301	
11107	2	17	595.202644446493	
15311	8	33	1082.88362028212	
23859	3	29	932.558867471553	
9640	4	44	1409.7969752037	
28886	7	48	1520.17509054401	
19199	10	28	920.890851635901	
17085	2	49	1560.07521601397	
11519	3	26	848.602680512053	
25547	8	40	1274.89618435264	
17263	10	36	1151.15220414063	
22061	4	32	1042.28830415862	
8709	2	15	508.999457819853	
23645	8	50	1576.70493892241	
20908	9	16	544.09637998049	
24461	7	33	1077.77928126872	
16203	3	8	320.539272986604	
27584	2	18	616.325604383054	
18742	2	50	1575.02235016554	
18296	10	24	793.809461106458	
22149	4	33	1070.71367503643	
21564	9	20	680.266818273937	
18296	10	1	90.3678060743808	
9700	10	49	1542.39323173761	
9026	6	22	742.666426870351	
23186	7	49	1569.25227510242	
15393	5	13	454.195586654449	
19113	5	46	1474.82796909047	
13077	7	19	633.885464665427	
13192	8	19	630.050957831578	
16728	1	50	1573.85126459126	
16037	6	50	1575.53709580355	
21725	8	18	599.645523968919	
27855	2	12	417.710628853045	
28250	6	35	1137.9687831262	
22439	8	6	248.5329788963	
12457	3	27	885.99797908496	
16941	3	28	919.509093519072	
17024	10	50	1588.09170554769	
14032	6	27	874.451460835734	
15244	4	39	1255.73087475064	
27022	9	8	310.349081414914	
13594	8	35	1138.81237079334	
26549	8	8	315.778954176129	
26961	9	21	698.338168998406	
12610	2	6	246.878538842722	
29520	6	35	1131.84817959175	
14739	8	35	1135.66774890556	
10366	8	11	391.39819580661	
16444	8	37	1178.71439601235	
16597	10	20	661.443072790952	
17922	7	12	433.427620024154	
17632	10	38	1219.66681682489	
28425	6	30	962.140000649793	
14062	8	3	148.050592610636	
11292	3	48	1535.66400565936	
22856	3	17	584.834838372113	
19729	10	35	1140.4903885445	
29326	1	7	269.892440601202	
25086	2	45	1440.54470010127	
23151	3	36	1145.97950388956	
24085	2	32	1046.06288254543	
24811	9	31	1006.18975134855	
23501	6	8	298.551722680475	
9395	4	41	1301.04491976138	
14329	10	37	1175.61510833707	
17513	1	15	522.642780189702	
11090	1	4	171.288828966808	
23455	9	15	518.736155796208	
26548	7	10	375.56340108419	
9399	3	7	271.781302183765	
17139	6	31	1001.03017946753	
10127	10	19	628.233898835366	
23377	5	24	780.570889329804	
23694	4	35	1138.07858635582	
21027	3	26	840.364593621513	
21826	9	35	1141.4544474806	
11720	3	43	1374.58885189825	
10100	5	28	924.055062739204	
9435	7	17	575.787888027629	
17264	2	15	517.404095510675	
19641	9	28	918.527837748885	
28984	7	36	1163.42977328386	
28331	7	33	1055.17106865308	
10318	2	49	1568.60788504063	
15633	4	38	1220.42364456711	
29916	8	12	435.87027897866	
27648	7	39	1237.50552331913	
28115	3	9	349.660036242409	
29318	10	37	1202.30477746683	
21212	8	39	1263.69814052419	
17933	1	42	1345.50759054046	
27091	7	22	729.61665291787	
22167	4	5	227.547005446417	
10835	5	42	1328.47195694618	
25749	10	7	289.667992205204	
13922	1	28	904.159330066368	
19300	8	28	920.260648112866	
19433	1	18	614.734034414745	
12125	7	35	1122.72306066133	
23071	9	41	1324.23575865302	
24891	7	32	1040.55935062494	
12791	2	21	696.931593109356	
21709	3	1	95.8347947224205	
11070	7	30	986.933093828584	
8584	4	39	1260.41289332342	
16642	5	44	1405.19372118879	
17130	6	15	519.095927495088	
14120	10	45	1424.06141429397	
24617	7	28	907.685998989123	
24920	3	13	474.209558178768	
23842	3	25	810.245986473861	
16680	7	8	296.435325805301	
20442	3	40	1294.10455257357	
27713	2	31	1003.1406045906	
21700	7	8	307.451666140674	
17558	4	47	1482.63310926158	
16818	4	49	1551.01868269547	
11659	1	9	329.94383763985	
25853	7	3	160.621275194279	
18408	6	25	819.744829358414	
26748	3	27	885.137256870576	
26767	3	45	1421.6287927244	
12715	1	28	916.431378329374	
20671	7	21	711.865260560003	
18564	2	15	526.273711643309	
11597	8	9	351.413526549662	
22061	4	14	480.686893388949	
8990	3	32	1052.09893238363	
26788	4	28	928.410594150615	
10540	3	48	1536.20526355515	
10821	8	8	301.19379936773	
24508	5	25	839.854817483507	
12970	10	44	1401.33200207787	
29725	3	26	851.552129374608	
28444	3	33	1076.84474488573	
25048	5	8	301.596244639529	
22985	2	36	1147.59497856144	
8479	7	3	148.237974824495	
16229	9	11	388.194991717206	
23378	4	44	1415.22992337832	
15100	4	48	1516.77435148357	
11884	6	44	1413.44410902515	
27242	8	32	1041.97403725329	
22186	3	24	808.095219288066	
12079	4	15	533.452154050326	
22770	7	35	1129.07226473515	
21460	2	32	1035.5121003443	
28067	4	25	824.40640085582	
14939	10	34	1101.0202908055	
21668	9	11	407.034882943628	
26672	10	29	953.140647370899	
17581	10	20	670.316810473016	
9980	1	15	534.112759220466	
11548	9	10	382.978231302918	
15245	8	15	519.098501782445	
20705	9	38	1218.93055790054	
27022	9	43	1380.50021477998	
26917	2	30	983.969534162418	
17311	7	16	540.659382185274	
13385	5	30	988.999366773758	
22611	7	31	1004.50682779984	
19480	3	33	1066.99699511146	
23671	5	17	575.650820143358	
14012	7	30	971.480735433977	
20931	9	6	253.015758811038	
8406	8	50	1570.39116899035	
25206	7	14	495.103323727429	
19355	7	15	522.552423198965	
22030	4	48	1526.29585970486	
25048	5	1	85.8554215011445	
12837	8	12	415.03813070014	
25467	5	47	1482.78070787097	
17506	7	49	1541.74884592264	
10520	10	9	345.391351815961	
25414	3	28	902.970477874843	
21439	9	33	1071.69314784542	
9149	10	13	459.654755471114	
21464	4	4	188.336159041308	
22413	10	6	258.413106509677	
12781	2	31	997.201446908154	
18137	7	28	915.901426205366	
9486	3	39	1256.28049253313	
21777	3	49	1551.07864157813	
26634	5	18	601.375711206987	
12056	1	20	663.064616184246	
18165	4	38	1230.87698889471	
11340	6	11	385.74205826304	
19055	4	34	1098.35377077495	
20428	8	11	412.453627592164	
24313	8	46	1457.91418698519	
16722	4	15	521.096029859547	
24467	2	6	243.625444399019	
22302	4	38	1207.57859263922	
18202	1	31	999.195624943448	
25318	5	14	490.723095578478	
15680	2	15	529.777356372111	
8694	9	28	917.793288881794	
26740	10	3	150.493301819308	
23664	3	19	635.079460477028	
14706	10	16	563.060985059971	
10594	7	21	713.968941007726	
24444	10	17	592.959677145332	
21948	6	27	898.110541150957	
19921	9	34	1095.16486930436	
9127	2	50	1591.99675224349	
10812	6	33	1070.35993949993	
9321	2	22	728.567964550372	
19952	2	7	268.721407404505	
