idEmpleado	idDepartamento	ventas	importe	
9354	6	20	663.964069496824	
26544	10	29	945.748252452234	
15914	8	39	1242.13159130985	
9021	8	43	1385.83477662217	
13161	2	18	615.050846587425	
20663	1	30	985.546286229764	
24174	5	36	1173.02272877331	
23710	9	6	254.566155045557	
9121	1	1	108.352803154081	
17154	6	16	552.917963039557	
24057	3	37	1176.17220266544	
15567	7	46	1456.02055267246	
23555	3	40	1279.40927389982	
20540	10	28	922.321386021712	
20985	9	36	1148.24655426119	
8768	6	42	1354.74388018006	
24609	9	9	352.783031851418	
18044	7	35	1115.12668054324	
23893	4	45	1439.2887118828	
14541	4	43	1372.02341139876	
22386	5	22	729.205578085596	
9476	7	19	637.801948076953	
11654	7	23	764.098709693224	
9445	5	36	1163.31625195375	
10155	8	50	1590.22144455007	
15210	8	16	549.979967172248	
19666	10	39	1256.17215587579	
21559	10	20	679.371527563488	
16555	5	23	758.141507226108	
15355	3	45	1442.43701860422	
23543	10	21	695.647638801321	
17945	8	9	342.417288321265	
28059	7	37	1189.13331198931	
21167	6	50	1591.49637505016	
23311	7	34	1098.47002352517	
18104	3	9	337.174181275616	
24495	5	38	1209.09187652594	
13106	4	34	1109.84023671124	
8035	5	11	390.437311376649	
22216	3	36	1152.83504629174	
19952	2	47	1507.91460852507	
9249	1	29	942.598311408702	
16845	4	43	1358.37510324939	
11328	8	45	1418.82704085616	
23621	6	30	977.068744607767	
19300	8	49	1544.43814949339	
27201	6	43	1379.29081146572	
11505	6	50	1582.42510593609	
8999	7	21	710.809351164293	
10309	4	15	522.349479888729	
20789	2	38	1217.89199114679	
13270	1	7	269.148772372468	
9055	4	9	353.582264908395	
19038	6	40	1278.59414849365	
10204	1	43	1384.05031913149	
29585	1	1	106.16212141987	
18765	3	6	261.649542759009	
19562	5	3	158.815339356109	
15114	4	44	1395.61333207209	
25181	1	3	145.070879415176	
27640	9	42	1329.37413035397	
22904	7	17	573.651201209822	
25048	5	34	1096.42464781945	
11642	1	7	265.91578454986	
16504	2	46	1457.27032423824	
22641	2	28	913.754914344174	
19036	3	9	346.887240683142	
22588	10	40	1287.91289884966	
8146	4	45	1423.85136249655	
10498	9	27	891.072372985572	
23104	10	5	225.652003654117	
19677	7	26	842.942795140176	
16968	1	24	804.689369166591	
15766	6	10	366.453665591056	
28332	4	46	1464.10880287369	
15075	1	43	1386.6072666769	
26277	3	27	879.426844827564	
29171	2	29	945.271668837067	
15110	8	7	266.247507345978	
29510	10	2	125.783295056682	
28638	9	23	770.689155706525	
10927	4	40	1273.7470499397	
27921	5	49	1568.56217639919	
19044	5	8	315.79202733738	
14807	1	8	304.545027457431	
18571	1	15	506.498866428853	
12261	3	50	1588.83502341287	
23238	9	48	1510.53916349566	
19114	9	7	287.446055918674	
15609	4	33	1072.3079021053	
17536	6	3	155.524638516607	
21624	10	35	1130.27653716983	
10851	2	41	1314.22690463915	
8470	2	9	325.366431961472	
11430	10	45	1423.46091593777	
11531	6	31	1014.26340731525	
15209	7	45	1446.17366358925	
14270	8	36	1172.45931869953	
29896	10	49	1561.55671661792	
16381	2	3	143.313830263593	
15116	3	40	1277.55090881025	
18149	8	4	171.377912616068	
21063	10	6	238.573743439547	
10148	9	45	1419.73697817872	
16016	2	10	376.697476234612	
27405	6	13	454.949196006613	
24861	7	33	1064.45940320588	
15903	10	50	1587.12859931734	
8261	4	44	1414.48534561996	
13445	3	50	1597.44305245459	
10517	4	25	826.735276592306	
29436	7	28	916.377873921943	
12866	1	47	1492.56783201013	
29064	8	42	1349.83003701541	
9605	3	30	974.381723708651	
11300	4	2	135.627080414271	
29335	4	18	605.089024810628	
25705	10	26	860.632620482069	
26783	7	49	1561.37075709243	
19009	7	32	1030.77145780938	
28809	1	28	924.919890931305	
29039	2	12	436.348077187477	
15661	4	33	1080.46684293098	
20028	2	12	431.543460391249	
19439	9	25	815.547734468965	
11651	9	21	695.375466484286	
8633	8	35	1128.71589050103	
16385	1	16	559.322937205119	
28223	8	16	542.992749653288	
19691	2	15	529.845395558442	
12177	8	49	1540.43360308764	
24026	3	41	1306.96752612803	
16476	4	30	983.714952219145	
14543	5	5	202.933677082385	
23269	8	13	448.232386246432	
18308	9	20	679.311243090458	
17311	7	35	1115.17330650015	
10170	10	5	228.825198220473	
22234	5	48	1539.09455110277	
12546	6	46	1449.59583145082	
18476	6	32	1042.03946322298	
17859	3	1	81.7064240955312	
19987	8	4	176.053817875708	
21143	7	7	290.003003464082	
29061	9	9	325.57262551299	
9875	5	25	839.146764594664	
27164	6	39	1237.7087051597	
28369	3	49	1564.39686762374	
18692	3	29	950.984708252821	
24553	8	43	1367.8338355235	
19613	2	14	489.174382504623	
22019	5	20	665.541043107184	
23324	5	38	1211.0885616071	
13823	10	18	610.785258808539	
21250	8	25	818.393939332289	
22747	10	28	921.202831622773	
13944	4	21	690.911069685086	
27008	6	44	1407.0302830483	
23671	5	20	684.189243709757	
10728	10	40	1281.32200975033	
23067	5	28	926.233305505585	
18214	7	17	585.136466000758	
23102	1	35	1124.13584966405	
11724	10	30	964.639950061515	
9854	6	2	137.00944936695	
26842	1	35	1119.76775046427	
11954	10	48	1532.6629217028	
16900	6	43	1369.63415492775	
14316	3	30	981.597650768979	
11122	3	10	375.070480618193	
11417	5	18	620.453773914116	
22662	1	13	456.263826590154	
13159	1	28	921.538069379301	
9822	5	4	191.774925641611	
27280	4	50	1588.73199458641	
29521	10	28	923.213466835773	
12848	9	9	340.294259311768	
12675	8	27	870.4638394669	
29952	1	4	185.97083487826	
8702	3	50	1576.4009698743	
10944	3	33	1057.66676132459	
22967	9	36	1164.31902287729	
9553	10	38	1208.3382289523	
8570	6	23	775.158914129789	
21054	1	2	120.671013053819	
14456	10	29	954.892559980458	
16005	5	4	175.878964520934	
25384	8	13	452.929693410606	
8102	2	30	984.539737750096	
23227	2	35	1127.02955462366	
27580	2	50	1588.40017340537	
9177	9	41	1308.14302345186	
26134	2	36	1144.63595451072	
20896	10	9	337.772541352442	
16138	10	18	603.362525945233	
28428	3	16	536.902997222218	
29813	7	16	557.57057443148	
18250	8	25	811.413867814193	
10493	6	6	232.993554097132	
28852	7	24	805.804875048718	
13793	6	28	906.483842891866	
25563	7	46	1468.07455023195	
11070	7	20	662.799216854758	
24622	7	19	655.914227634628	
20516	10	25	827.380061609382	
10556	3	2	112.910555914468	
17410	3	42	1344.00297372788	
8602	6	34	1099.31363596549	
8976	9	18	622.053264222133	
22117	5	47	1495.18047249652	
26053	5	20	660.908572311005	
14146	8	45	1420.44723021819	
28982	10	41	1301.05944817004	
15609	4	21	707.788273835456	
9713	6	8	303.65524842574	
18835	8	43	1361.9142826283	
24705	4	30	976.798237048461	
8956	1	12	428.976935534262	
24785	10	28	923.968937007696	
16172	4	24	782.116889386492	
11533	3	32	1023.88878594334	
22531	10	36	1159.73322829219	
12261	3	13	465.09441717765	
17753	1	46	1454.56809614532	
21684	7	11	386.670307212821	
12979	6	28	912.31075046226	
23228	2	28	911.627872079438	
8242	5	20	663.765528026859	
28588	4	37	1188.41239969638	
27648	7	35	1131.82899736419	
8506	5	13	445.642892404293	
26087	3	35	1128.88039149757	
26875	6	21	717.470285369768	
28160	7	30	980.165959829542	
26087	3	23	749.917126982434	
28724	1	37	1189.59221109263	
13827	7	17	581.519806022532	
24495	5	19	632.424001317669	
21677	8	49	1547.77885252041	
15644	6	1	87.7604571393507	
23821	6	38	1210.88958625257	
29466	6	20	676.565328555445	
21372	9	45	1430.87642918847	
12715	1	34	1089.35926525358	
20627	8	16	546.120982312654	
18562	3	6	247.952943187185	
28994	3	1	87.0835752818191	
23515	9	15	516.847680675261	
24199	7	2	114.117292926701	
23707	9	26	841.448243316937	
21944	2	36	1160.10476017376	
29632	4	5	208.593638897219	
21730	4	47	1487.4449308065	
15038	4	32	1050.87666471064	
13703	1	43	1381.91608910538	
10570	5	42	1346.75061459967	
19665	9	33	1082.9801330543	
24422	2	24	808.231120709437	
10819	8	9	349.243920421807	
28089	3	48	1515.06931114712	
8978	3	24	801.282683835031	
20338	5	23	760.237445701024	
19777	6	48	1510.90123626911	
12047	3	34	1090.22426685794	
15905	1	35	1129.53758009222	
24207	9	35	1132.02818081343	
8397	3	24	782.976944848419	
21174	1	11	400.893488340496	
24422	2	49	1557.87114685302	
18463	2	21	714.063037333108	
8926	4	26	860.394476605763	
26693	10	12	424.374235730793	
18130	2	14	481.198083013854	
27495	5	28	916.208479868345	
22535	5	36	1171.22730313392	
8978	3	12	427.323457387892	
14531	9	42	1328.85679910372	
20083	10	30	975.73515192407	
15714	7	30	988.447113832667	
28725	8	5	218.717364025636	
14585	4	28	905.22717518044	
8578	5	13	474.780191404177	
21925	1	19	629.648235100158	
15056	6	12	426.964156379441	
14499	1	50	1571.72423719043	
19438	10	8	317.049253507075	
11328	8	39	1241.43546069108	
8440	5	40	1266.59362065913	
14570	8	37	1198.24987072416	
9640	4	31	1003.16651238276	
29529	10	4	186.612078038329	
24135	10	43	1373.28868531309	
24990	1	10	363.180080895862	
23041	4	2	112.709541373285	
18816	4	27	886.47777330432	
14410	6	15	530.65214055155	
11757	3	23	765.664092286333	
23134	4	12	420.652162330529	
17419	9	49	1559.82168516136	
12522	1	31	1014.09280149922	
26798	1	33	1064.97599833877	
13503	6	40	1286.19008694132	
15635	3	16	558.976533822239	
18480	9	31	1000.05425559359	
11187	3	50	1581.05376671117	
18564	2	25	815.730524442964	
18572	2	42	1327.39555588336	
15641	7	19	651.236450938152	
28197	1	47	1479.64936157672	
9121	1	32	1034.59263171749	
29454	10	1	97.8938154959557	
14062	8	4	187.244981130233	
17750	7	45	1419.78400687677	
13718	6	5	210.526556396171	
22987	9	21	689.842135966682	
18066	10	11	406.502492430854	
21837	7	5	210.589210600867	
16215	9	36	1163.93707988967	
18313	6	35	1118.50002966751	
9582	1	27	892.488326585148	
10997	4	47	1490.59272012235	
24355	10	35	1116.38332418929	
27440	9	24	802.643617616335	
17286	7	19	634.704634470262	
13669	8	18	607.450959294779	
17520	2	34	1087.10579129267	
29095	3	3	141.194154834931	
11664	6	13	448.488541640569	
17660	1	1	109.730706564025	
16361	8	22	720.575162582367	
21135	10	39	1261.65936510156	
14400	8	30	988.20463677319	
9803	9	31	1015.91346676271	
24299	2	50	1574.35431233344	
11517	1	23	753.74136568687	
10641	5	38	1219.03708823912	
12881	2	48	1515.80365758194	
19996	9	38	1229.59397950656	
11143	5	13	445.910389668266	
12851	8	25	835.993712747467	
10104	2	17	589.65369762371	
29844	3	20	670.199009752925	
18526	1	43	1386.94425908241	
11298	2	6	243.657239006673	
25320	4	30	985.272696886804	
23211	9	50	1599.3670969081	
21730	4	49	1553.50467843632	
21996	4	6	232.653524499691	
27716	1	32	1022.8674054066	
16455	2	16	559.975280873466	
19952	2	11	400.062929950684	
19114	9	37	1201.72701239666	
20517	1	28	902.152132663015	
8308	3	22	747.333358576211	
23044	2	35	1123.50008137687	
19890	2	49	1548.59267414948	
19098	10	16	563.546469324988	
27217	4	48	1524.27189935198	
26063	3	13	472.603296298815	
26107	4	17	573.947975418506	
21554	3	23	754.536369608034	
14472	10	29	958.907014242796	
21770	2	18	621.505744374127	
12142	5	25	839.074198994354	
20182	4	43	1372.93326661593	
27560	1	21	709.689178722766	
22928	8	23	771.331514367522	
29084	7	45	1445.42969454333	
9370	4	33	1056.7851907093	
10593	2	33	1070.80504772756	
16468	10	14	490.698834848916	
29250	4	17	580.995231094302	
12675	8	24	798.026690221404	
16735	4	10	362.506316920047	
14467	3	10	382.834628961438	
21523	7	27	900.393710369428	
15739	7	42	1329.43906510688	
21306	9	19	638.986378609662	
20749	5	39	1249.43193758346	
24780	6	18	608.083862386683	
26435	8	35	1133.60111285634	
27527	8	47	1508.54063033524	
16288	3	32	1025.62113623397	
11983	4	36	1149.75542569056	
13487	7	11	400.512232631683	
9866	8	2	139.932352704896	
8574	9	3	166.052504110174	
24280	1	9	348.5801081865	
17447	2	15	530.854230956572	
26779	10	24	805.148691537394	
23798	3	22	735.490618914129	
25894	3	50	1591.53175822996	
25659	2	25	836.99068320775	
10977	1	46	1471.96241424976	
25679	6	3	161.457343139433	
17651	10	38	1230.74668338091	
12950	6	2	128.693265378798	
21320	1	19	627.870060088052	
25748	7	13	470.723972390743	
24045	8	10	355.583518164038	
26685	1	28	908.035582540573	
23488	5	4	188.074983892997	
12361	2	23	775.86833379039	
27303	10	49	1552.06235767904	
11670	5	3	149.27644602455	
18763	4	45	1419.06769885638	
9675	1	14	483.700322175259	
22362	7	18	619.645815742968	
12477	8	12	444.498729614773	
28400	4	8	303.106371007444	
19300	8	8	299.153609042593	
18829	4	48	1524.56009071533	
14894	3	10	354.839961768519	
14489	3	46	1464.51943391213	
16907	5	32	1040.34686256216	
22533	9	26	845.995739272794	
24941	3	48	1533.28587800883	
17400	3	33	1071.75031868357	
24317	3	15	518.561966362671	
29268	10	41	1313.00091391103	
21474	8	18	623.636674612591	
22873	5	14	502.751406181022	
20303	3	31	994.575463586755	
16501	3	9	331.636499171907	
17329	3	12	415.314428813436	
22073	8	14	499.167076618954	
18700	1	42	1344.00454788655	
15994	4	28	926.064275971644	
25765	8	7	281.048973780614	
13968	2	23	752.087945580523	
27968	5	26	851.70044499063	
29278	10	24	781.569005018831	
11100	7	6	248.262406218919	
24918	8	30	973.848419419419	
28994	3	41	1300.04827984611	
12381	9	32	1025.52612896335	
21361	6	25	812.67229654485	
20148	5	33	1073.55877855493	
12687	1	33	1080.47897966601	
24930	6	17	581.444533775302	
16469	5	39	1256.23203052964	
29464	2	36	1146.40668836721	
11440	9	47	1504.08137857173	
15331	5	8	307.747859949129	
29416	5	17	585.995082494801	
28475	10	25	810.930528198802	
8184	10	41	1316.69179646144	
13950	9	30	972.471249295618	
9534	5	15	511.615551687598	
29571	7	28	915.461603866639	
13391	4	41	1297.46080537208	
12441	9	19	656.94294669523	
23078	6	4	189.308093725381	
29326	1	23	757.723058479709	
12091	6	42	1331.94684355145	
24186	9	14	485.284176359551	
17289	6	24	793.499520306242	
26366	1	15	524.231834618483	
27053	5	38	1216.7479288656	
14316	3	39	1250.1093694056	
18534	9	3	155.063150969829	
10984	7	36	1157.63604620362	
20285	1	12	418.596841962355	
22636	6	40	1292.41078403425	
25789	6	32	1051.40592601681	
15519	5	35	1117.58460402376	
18366	5	42	1356.29768449641	
10183	9	30	980.9915423491	
27130	9	6	244.471154066022	
28973	1	1	94.8207335988156	
15635	3	2	113.323442727944	
23559	9	16	539.727099453903	
16353	7	50	1591.27133901756	
18287	2	48	1537.11743258737	
14146	8	2	136.768883381397	
14453	8	33	1077.22998624539	
23061	4	18	598.670027609295	
23070	8	23	766.827603637626	
23040	8	42	1345.64141667711	
19481	3	37	1204.38390061463	
26501	1	24	782.475280157512	
22584	10	13	451.533298590935	
23595	7	14	494.448724284046	
19795	4	30	965.587369913975	
29912	6	33	1054.62714020844	
12772	10	7	274.757498295399	
18272	10	20	672.260911293449	
13059	4	34	1090.53934773921	
17881	6	39	1241.90157586797	
25678	9	27	894.764103486559	
27329	2	8	312.026608657104	
28752	10	10	368.440461926367	
25296	10	46	1456.81084968932	
27408	9	45	1430.36961026041	
26375	10	15	506.381382805473	
27657	7	4	178.595984326022	
10905	8	24	807.809846404851	
21008	5	7	291.670594537477	
16626	2	26	856.341933932315	
23848	1	33	1068.41047847104	
19104	1	33	1054.63284370239	
16213	6	12	415.700254112342	
19188	4	24	808.000095229596	
25996	1	14	496.794818088782	
20962	1	27	882.138161138696	
24061	9	25	837.733705918181	
10766	6	20	665.671607677672	
27123	3	6	252.190661138012	
20489	4	21	700.954175098312	
13390	6	9	334.716857306062	
17539	7	47	1486.61414875026	
18080	9	1	106.671916668616	
15110	8	23	778.590417941376	
16060	9	1	92.3640282509681	
28292	6	16	547.634089248085	
18822	8	41	1303.52985237889	
15966	7	22	743.187321919569	
19661	1	33	1053.00947204838	
17014	1	8	317.78364382581	
26707	3	26	856.648427721415	
11788	10	15	525.323692730313	
8832	5	9	345.758336757197	
18666	3	42	1339.08996648113	
17729	9	29	949.707050579464	
19043	7	43	1382.79412494171	
11520	5	42	1344.88298080158	
11622	5	20	682.916249764579	
14721	9	6	240.901728757146	
21135	10	34	1110.7360497819	
8942	8	49	1558.17289905538	
20289	5	9	349.420139840534	
18994	3	11	386.999433071818	
20148	5	48	1510.48566970531	
18389	1	10	357.230938206069	
24358	3	5	229.751056912239	
25443	1	13	446.775026045169	
23324	5	39	1243.53320336134	
21324	5	50	1597.65390619526	
28017	10	3	163.449208775279	
25368	7	8	296.893434290259	
20468	10	38	1209.08589061773	
20298	5	14	500.070250155437	
24665	10	13	469.585172640898	
15721	4	30	987.18471856191	
25538	7	31	1008.1499547363	
25969	10	7	285.354691988488	
16165	3	37	1189.85004398499	
14168	8	45	1444.44682143836	
23163	10	30	962.735521012328	
22775	8	24	802.851530426578	
27901	3	32	1035.40866240645	
13985	8	42	1354.80037435647	
10047	2	50	1573.88695071167	
20778	3	50	1599.6935062109	
22148	2	18	623.086785740725	
8437	2	24	788.874506945198	
29619	1	20	676.610287631215	
15289	4	46	1458.29304465013	
18491	9	21	714.000693147071	
14905	9	35	1137.25518033712	
28781	7	6	234.817456153602	
20496	8	14	504.769878920526	
19436	5	22	741.454611356116	
11224	6	22	742.781276042937	
15217	9	50	1585.29671746553	
16413	4	37	1179.61471567844	
27875	5	4	196.186246963305	
19069	1	14	501.359479735307	
17933	1	46	1462.61297133873	
28832	9	4	180.859063202915	
8390	3	2	139.996649017556	
18061	6	22	745.533415724306	
24889	1	30	969.560263273101	
13189	6	1	100.890209535551	
16397	5	39	1247.56253710369	
18433	9	1	105.253442574876	
18213	2	46	1476.1731641163	
28067	4	12	431.905247919217	
9132	1	49	1541.55709584316	
10138	8	37	1177.43943295322	
12636	3	6	235.032936816585	
26202	10	25	838.469428326222	
26999	7	27	878.166207744817	
18426	9	11	387.884519355318	
16555	5	18	602.764236648923	
21306	9	17	594.619765484063	
21356	7	11	413.112482360151	
21029	6	48	1510.79216349441	
9172	6	42	1334.14415246534	
8280	8	32	1040.87654996704	
18486	4	43	1370.16473841395	
28662	6	43	1385.24015871121	
21244	9	30	963.653213048192	
24606	8	18	626.194028438159	
20711	10	3	142.075978136657	
28520	7	24	784.316011697201	
19782	7	43	1358.61563879932	
21878	7	42	1326.80389659796	
25996	1	31	1001.88800109638	
24398	8	45	1428.53523905786	
16887	5	3	169.168445025183	
21118	3	23	768.490564249684	
20057	7	50	1581.83385009963	
13754	1	26	861.876457809413	
19241	9	22	742.854881409022	
8041	6	10	369.875246682146	
28107	9	13	465.24011108337	
9090	4	49	1552.99674117612	
13028	10	12	432.130969107212	
11950	5	18	597.833343165849	
29130	3	28	912.701342828898	
17951	8	9	324.705039711997	
22897	4	48	1516.73594880697	
19538	3	35	1136.56126019385	
27135	5	30	982.222243520535	
15305	3	31	996.34802782738	
18390	3	38	1226.60367117571	
20419	10	12	433.570092000798	
29364	4	5	220.017039394014	
27292	6	33	1070.67695198146	
23104	10	26	846.502233318287	
10884	2	7	285.394083468893	
29334	7	23	767.215327269964	
17283	3	14	501.736421371687	
29361	4	11	410.694324788961	
12927	4	10	354.75649030635	
20291	9	43	1381.88020267611	
26275	6	12	423.366234834942	
28452	9	49	1558.81423139889	
16029	5	16	543.246525406487	
28415	2	9	346.637803775555	
17100	9	5	229.369267518338	
26705	9	32	1030.01724682283	
28992	3	4	193.021856785296	
9878	8	34	1088.27098792804	
17574	8	33	1066.5423725669	
18306	9	26	856.635578226594	
27057	1	1	96.2897499354043	
12010	6	39	1245.0296379463	
23680	3	8	312.888989966777	
9568	3	5	209.379654400693	
17152	5	13	460.115741184035	
16386	2	36	1158.6611943872	
9424	1	25	816.310809299495	
10914	7	5	208.175207138143	
18467	4	35	1125.45969870196	
24440	1	46	1468.50420990424	
19083	5	45	1427.09195285434	
27938	6	39	1243.97178491762	
22907	2	22	745.727950309276	
18482	2	36	1157.71234052149	
14337	8	31	1005.04554679852	
20607	4	37	1186.78685720395	
25214	4	48	1531.21104911492	
8051	4	20	662.033005739578	
13269	5	47	1483.77436155629	
10387	3	1	81.2752369797208	
18442	5	36	1160.09742872794	
8506	5	15	531.182133020452	
20935	6	13	468.098391102673	
24278	1	17	587.995044006032	
16680	7	2	121.873876248428	
24433	5	50	1594.18250977722	
13535	8	47	1488.88444370073	
19190	1	9	331.195539390294	
24061	9	23	763.33207531056	
27918	6	27	894.687792889163	
10811	9	44	1403.71409202168	
19627	6	2	128.290272265808	
21519	10	48	1515.67987095363	
12018	3	5	219.712449600786	
19028	9	38	1210.3139212403	
18933	7	24	788.540454054503	
8247	6	47	1507.12804942724	
18475	8	29	941.297297580772	
10629	8	13	466.386492134252	
14689	9	22	726.732889081693	
27788	2	49	1550.90451797047	
22726	2	10	373.561214233544	
25024	6	27	885.234626087004	
29007	3	14	486.252280402115	
12465	3	49	1554.78824982177	
21216	4	24	779.394449917318	
12324	5	27	893.086281089618	
25143	9	30	985.534184884994	
15751	2	29	941.592256977033	
16285	5	19	642.582410314392	
21612	9	34	1098.80619770792	
13544	4	35	1130.98885104572	
29932	10	37	1204.49662637175	
15295	1	33	1065.26713558718	
9219	5	41	1296.53814949865	
10580	2	36	1165.10761691495	
11590	2	26	856.931246843623	
9705	10	41	1324.89394596074	
10280	1	3	167.505778152265	
23789	5	13	465.933231406814	
11351	8	40	1269.77675068647	
9349	2	16	565.115269909201	
8108	1	32	1044.84313182758	
28693	1	8	310.771905812794	
26907	9	3	144.79011788256	
9662	5	43	1378.80168058854	
11167	10	42	1328.29191396399	
11552	6	18	606.01550070849	
15923	1	49	1547.39841928119	
21622	9	8	296.505092744019	
19228	2	40	1279.65880777671	
16306	4	20	669.913751534146	
23785	9	7	275.646513605326	
23244	6	25	837.041472474598	
21420	6	2	130.370719009252	
20610	3	26	866.536214494396	
14638	7	39	1245.94750693345	
25420	5	50	1581.84611070056	
9898	5	19	633.206794184263	
10079	9	29	942.47942633111	
14871	6	24	781.096228687603	
14325	9	17	583.350258815731	
24084	4	30	989.603282413261	
11352	9	4	200.749664996168	
15440	6	44	1395.88159518125	
9705	10	9	352.725240975956	
27531	3	15	523.793645894059	
14118	3	15	530.412735366455	
15289	4	15	523.174300102133	
12043	1	2	125.206304325353	
15854	9	48	1531.60920721088	
9950	1	6	262.234103466493	
17239	5	26	853.791519428506	
20987	10	1	80.4532607274378	
8485	3	33	1056.95613839522	
17641	9	33	1065.78924806127	
14224	3	28	928.718082405961	
28491	9	19	654.462720274209	
20874	3	12	421.462162519555	
12789	1	6	255.986569233232	
25199	9	32	1051.10253595333	
12721	2	10	367.070780381128	
23186	7	32	1038.13576560381	
27159	9	22	725.087164233014	
8075	9	30	962.923602537682	
12874	10	15	508.892446173771	
13203	9	29	935.342337440393	
17312	3	13	447.455153897151	
18898	10	31	1014.89641657793	
9029	6	15	510.001935004258	
9312	1	48	1519.1601099815	
22531	10	27	875.085136143065	
12094	6	23	771.687151776481	
13887	2	25	825.026351821155	
28459	5	40	1284.83700271921	
17987	8	23	766.426491870743	
22010	8	37	1175.51198749594	
17282	9	28	924.093466831415	
10859	10	15	514.890310631548	
25133	9	44	1392.0648769066	
27971	9	29	935.008034694478	
14533	1	27	877.879178597536	
17504	3	3	162.841200606358	
25000	1	47	1502.19211495584	
18051	10	10	364.895885533139	
22096	2	34	1097.42470431022	
29680	5	44	1416.12223210564	
20432	4	7	275.193252877888	
13608	1	43	1380.08533407938	
12796	2	20	664.581470947983	
28909	10	48	1537.81813208844	
26331	7	20	671.484786659239	
29945	6	39	1240.383948181	
13982	5	13	457.220224951031	
18371	2	47	1491.37689037778	
22093	8	14	494.025448306475	
13968	2	36	1145.21449321192	
19251	9	9	344.516118180247	
9121	1	25	837.826062458486	
23703	8	30	966.989149007475	
10348	10	31	1017.38290353556	
24664	4	3	156.338491996908	
18862	8	35	1115.51631878853	
29999	10	1	93.1723650978749	
23774	7	5	206.046194343849	
13713	4	22	736.524071067816	
26703	5	34	1090.54695169001	
27655	7	1	108.765167607351	
22531	10	11	395.616258008227	
25930	4	10	370.529646524475	
20438	3	47	1490.27726056533	
14786	4	1	84.6246155745464	
14694	8	5	219.572409642661	
8303	10	19	629.397285612951	
13266	6	28	920.978534538755	
21865	9	6	253.223357355792	
9612	4	7	284.22957977477	
23107	9	35	1135.94365064797	
9797	1	12	440.191278699875	
12587	5	46	1465.49889822747	
20962	1	21	692.770214068131	
15750	2	22	740.149084562505	
13859	6	20	667.369819817771	
8280	8	12	430.314945629945	
9338	8	17	572.183802915823	
23073	1	28	927.675323322264	
21648	8	38	1234.70118796206	
18931	2	11	394.46692682545	
9534	5	29	933.649461443373	
16754	8	27	870.811554412736	
21195	3	38	1221.21199865882	
21668	9	28	910.995869315693	
25639	9	3	166.267404372928	
18336	5	36	1147.90116162407	
18486	4	13	454.681973371041	
10948	3	26	858.66954269757	
14769	4	43	1362.36285980901	
19957	2	3	149.668835508483	
18486	4	43	1376.14592061199	
20003	1	38	1228.37181446532	
20749	5	1	86.8777526202042	
13138	10	44	1387.35706449829	
23349	8	47	1479.57699486966	
29107	1	34	1089.55568755491	
15252	9	23	774.304210382655	
25353	8	48	1533.19351651389	
26835	6	15	531.912377016578	
25021	3	21	690.986662568053	
14421	8	35	1136.24169041228	
17440	8	41	1318.15353302199	
25387	7	7	289.795868531706	
16345	5	1	89.2708425639527	
18425	4	47	1504.32483948037	
9259	6	30	972.327164231021	
29084	7	10	354.218934939345	
28385	5	10	357.233818973058	
12544	9	34	1088.96867217914	
17951	8	23	765.201373158582	
18036	7	35	1120.98856218205	
8812	2	27	878.370871021585	
22230	6	34	1101.82288310575	
29191	7	23	776.080024864562	
16049	3	23	775.115706163978	
18865	9	35	1124.80470359549	
10998	3	23	749.317647865656	
29703	5	20	659.281391249635	
29337	9	48	1518.35721120162	
13382	3	20	671.671248018589	
17391	2	6	254.71531224191	
15557	8	3	142.308991841184	
15293	6	14	490.860497546783	
13906	5	5	214.560744266287	
22100	3	43	1359.79773003599	
16973	10	25	811.819464234551	
27691	4	46	1458.62114560726	
12998	2	28	905.413149569842	
19587	8	26	860.572089692844	
17091	8	37	1177.81413226287	
23750	7	39	1256.01073524729	
9435	7	19	638.990286401934	
26800	5	14	475.762946305686	
18082	4	18	623.714525394009	
27651	3	26	858.225236413174	
8851	8	38	1215.49592842138	
24682	1	20	661.01568588103	
10416	5	38	1211.94115609487	
28793	10	31	1006.67102983532	
27365	9	24	793.940240141908	
19447	5	27	873.682226684728	
26906	4	4	177.448154397983	
17308	6	43	1369.70087051843	
14694	8	20	677.161486650427	
21628	6	19	628.680273326431	
17666	9	17	577.775049590401	
15798	6	5	206.548931359569	
22756	1	28	910.797727755642	
25927	7	21	692.241358334311	
15828	2	12	434.77229127417	
15521	4	12	420.238039689249	
25048	5	4	195.02281913302	
10776	10	1	94.8363053122704	
29466	6	46	1460.24112899799	
27403	4	15	516.271350326143	
15615	9	33	1073.93269857109	
17657	5	28	907.293035475208	
18877	8	3	155.235124265419	
13117	8	9	329.473112527967	
8209	7	23	772.505375245821	
13060	4	35	1113.70601862376	
13991	4	32	1048.8057853695	
13123	10	34	1096.66172928021	
27588	4	48	1511.15453991627	
23050	10	34	1109.19063791129	
22331	5	16	561.998275780118	
22599	6	14	482.607924715899	
28130	2	16	558.108357711746	
9172	6	48	1517.85478845139	
13706	1	36	1159.6197777426	
19137	7	16	543.789017714462	
14603	3	35	1137.37649177079	
10465	7	39	1252.61036141431	
12157	2	24	804.41697105971	
23107	9	44	1397.98902133386	
24961	3	3	157.267157843927	
10851	2	10	372.608121322751	
26015	2	44	1413.69901089636	
8561	8	37	1185.88047093986	
20765	3	26	862.022680445585	
26710	3	20	685.270532874982	
25080	9	19	627.823417851619	
15784	7	8	293.171791235531	
26501	1	15	505.799798418675	
14680	7	25	837.576092573617	
27754	2	35	1140.98791611427	
20421	2	18	624.153981089664	
18426	9	18	615.521817307697	
23385	5	4	187.443175067866	
24870	1	43	1384.29253784208	
12685	5	11	388.202892946174	
24736	5	17	585.780561615611	
23337	4	30	962.4680435669	
25539	10	8	314.165654589499	
10015	6	40	1280.23422151815	
16726	8	45	1424.87644131522	
26584	5	20	680.786425117769	
25645	4	46	1458.54633060216	
21670	7	36	1167.97084873913	
14807	1	3	146.681997546312	
19124	7	4	175.167124874502	
16517	6	39	1248.44057364782	
27652	3	31	992.942939304254	
20524	8	35	1132.62158059171	
17704	9	47	1490.98327355971	
13534	9	27	882.86154791846	
21512	7	16	542.412457718706	
16275	5	27	890.41933425256	
10238	2	3	142.252107664129	
25483	1	12	439.004192482216	
16284	9	24	781.324577248341	
24649	4	34	1093.59402457885	
16749	6	17	569.354653325563	
10821	8	33	1067.45043208238	
26266	6	3	167.234842370839	
28760	7	16	565.88260077214	
9797	1	25	835.633994133973	
23858	10	20	670.861930861539	
14741	2	23	753.578447342654	
13680	8	49	1568.20272179702	
23792	4	48	1537.84429469045	
8013	1	46	1467.0861074082	
19542	9	13	450.66518264388	
8706	1	5	213.562250609306	
19837	7	26	851.416884796422	
18355	2	49	1558.00845609885	
15008	6	6	254.90844820389	
28990	10	31	1018.44470682482	
21244	9	35	1124.18274954156	
15985	3	50	1573.11258001864	
25136	2	33	1076.48073272616	
8581	5	15	514.061790720588	
26596	7	9	325.728162157223	
16621	5	35	1119.19847339354	
16891	6	23	766.855555571083	
16327	5	32	1036.82995922716	
28396	7	38	1234.88047854736	
28733	6	23	760.550210643816	
24572	5	18	614.816524858967	
19961	4	49	1554.71454465516	
17104	7	20	678.575458395563	
22533	9	42	1333.7346468371	
17551	3	16	553.269709643568	
28848	1	42	1348.43898258565	
17710	3	20	682.967960593741	
20942	2	27	894.608868367322	
27405	6	1	96.4259082900481	
12063	2	47	1495.01761148452	
22651	9	5	226.93081221866	
13354	4	24	794.351620746009	
29535	4	20	669.242447181252	
15088	4	1	89.9244942562303	
28942	4	24	784.967883259509	
19363	2	37	1199.76812694211	
24996	8	5	208.837702855858	
28878	7	8	308.0810174663	
8222	4	27	877.775391003944	
11920	7	26	859.380688694949	
20540	10	10	361.204695795292	
10933	10	48	1532.97481746086	
11937	1	21	707.95309971457	
24561	9	35	1123.96775089389	
16285	5	43	1366.236584711	
28296	7	3	169.139527645493	
29246	5	30	962.523459756059	
25048	5	9	347.262786527752	
21999	2	26	847.865862421629	
24026	3	32	1050.15617993202	
21583	8	10	380.594876511299	
25400	8	22	730.404883143681	
12667	2	28	931.002122224775	
29134	3	3	155.083783490157	
16172	4	2	136.045406002572	
29392	7	24	798.863902687497	
14263	8	30	969.627263401462	
20837	7	7	284.109647853351	
9069	5	31	993.816397764635	
29842	6	21	702.22620005823	
24805	3	35	1130.59429001556	
18724	8	49	1556.8080164291	
25539	10	49	1541.5825478088	
28922	3	10	359.890836719373	
29095	3	27	871.513894606155	
23249	8	11	409.831128795553	
22038	3	30	983.870132837384	
29116	9	33	1066.55623846993	
10043	3	42	1329.09390746108	
29367	10	22	725.960035215113	
18059	10	30	990.360770537686	
14631	7	16	538.774538104783	
12704	8	6	239.054568223215	
8088	4	13	455.499789852416	
12668	10	14	479.345514848524	
13661	8	20	681.84170739811	
24561	9	28	926.761444940586	
10942	1	36	1154.60770750167	
8749	10	49	1567.4980621261	
12216	6	13	464.130181998075	
16931	7	13	465.91552282959	
18090	1	12	415.705174065989	
24193	4	2	126.743005945693	
15934	7	19	646.269728358029	
20935	6	37	1194.42273497322	
26544	10	34	1096.52592907498	
12465	3	46	1463.34949852123	
23422	6	17	594.158663691095	
21037	9	49	1553.87908825366	
27739	1	50	1586.10398057201	
17632	10	8	310.140863540648	
22535	5	48	1524.72805500251	
21552	2	28	914.264619701665	
28100	8	6	255.549190945713	
26559	7	42	1328.78639867938	
20298	5	11	404.396679366192	
18730	5	50	1591.39226965205	
18477	3	12	428.062262995198	
14807	1	9	332.453856287735	
23668	2	32	1036.40545591545	
23899	1	24	785.269394808109	
28332	4	47	1495.96722128613	
16647	10	18	618.168879066673	
15104	6	5	201.905827206516	
28033	4	2	139.795409394333	
15871	9	45	1441.82033840652	
14404	1	17	571.350314920466	
21245	9	16	555.502332372359	
13385	5	40	1275.73826864163	
14055	8	33	1054.20369860446	
25281	7	46	1472.10245774691	
19964	10	44	1415.01955589979	
15324	3	8	316.611585727246	
9052	1	18	609.686215766559	
11373	4	8	316.31067722864	
19227	2	24	794.889115949575	
28243	2	48	1510.06501048341	
18232	6	30	975.312819450774	
19952	2	23	765.468101746155	
19355	7	43	1374.98796553118	
17201	3	16	546.481630274319	
28078	10	13	469.711469146289	
10493	6	34	1112.67715021627	
19228	2	42	1342.98992688907	
9744	6	14	495.819171674465	
26785	4	33	1065.63271553518	
29902	2	38	1224.50991840312	
8994	4	50	1583.5053772775	
28942	4	22	726.713391173032	
8072	9	3	154.948835482331	
14906	3	21	690.449437746056	
16479	5	17	578.699181945389	
14660	9	28	902.153851213937	
19742	4	18	611.092606210659	
13139	6	40	1278.86078718997	
25197	7	17	569.948301543458	
8275	5	44	1397.53629499932	
14591	3	48	1524.83717873918	
17727	6	17	586.474318963696	
19608	10	42	1352.6023965667	
18561	1	18	605.175614154514	
14869	2	30	987.847166148875	
10759	8	28	918.420395049462	
29107	1	17	579.675389649195	
12214	5	4	194.0015228251	
18555	5	14	495.121307640859	
15008	6	40	1288.11646927526	
15834	3	11	384.578403935106	
23427	10	49	1539.23851371707	
25509	6	18	613.897282729809	
15661	4	14	494.331668882785	
28554	8	21	696.07945020128	
20568	2	39	1262.59416124904	
29337	9	16	557.465890756559	
13504	6	17	569.923825641127	
12757	1	11	395.55792566182	
25467	5	13	463.290071069864	
24242	2	27	875.178952177604	
12125	7	41	1306.08665553205	
25296	10	20	674.162693859154	
29267	2	8	297.310420003399	
20161	6	17	587.844937642964	
20484	10	45	1428.78894119933	
8925	1	37	1200.7894331593	
25381	4	12	443.754260858406	
8706	1	30	973.403275801522	
22076	2	17	592.865704685853	
12216	6	41	1305.51897951659	
21585	4	28	930.825428576593	
14224	3	42	1346.36237568518	
18520	8	31	997.352820950259	
13681	7	50	1585.22783174423	
13689	5	13	468.838500487077	
13368	1	31	1012.86570517945	
15665	7	26	849.812351376662	
12747	3	36	1158.63446412544	
22775	8	36	1151.29107409683	
18337	9	18	613.001760567074	
11094	10	38	1228.98840406397	
29029	7	1	80.6978640336068	
16129	3	43	1377.51624625992	
18121	9	28	919.931514468012	
10822	3	2	124.266863560428	
24374	8	4	192.816108443223	
8467	3	39	1260.61716659955	
9865	3	50	1594.36998754478	
9758	6	28	916.105020696346	
19972	6	12	424.687960457377	
12757	1	2	121.168780569531	
29601	5	30	963.302861528146	
10590	4	4	186.658230473594	
29034	7	18	602.357342821712	
18476	6	8	298.750523207127	
15305	3	48	1512.31162510454	
10942	1	35	1135.2919765633	
22413	10	1	97.3306765115497	
12917	5	36	1159.05822494955	
17054	3	41	1317.63096189016	
23869	5	5	215.921128790789	
25917	2	25	820.598247023578	
21999	2	47	1502.25560295501	
18441	1	50	1582.59748975867	
20126	10	33	1053.75297535851	
26707	3	7	272.876138031891	
10838	2	38	1216.54446177955	
14148	9	15	509.103837138556	
29517	10	8	307.240949714203	
18075	5	9	329.728456069589	
17660	1	41	1307.6535393799	
15061	9	31	1011.28936151568	
9948	5	26	844.266851564994	
29171	2	46	1450.28831050279	
18796	3	39	1246.19054811364	
20985	9	41	1305.38879149844	
18665	9	27	896.646447599235	
27652	3	30	977.378905535386	
12147	5	16	543.578074082536	
12407	5	41	1315.9728327561	
13240	3	49	1540.17226655976	
16939	4	13	449.384273313631	
23515	9	2	137.298255105176	
10874	6	6	248.177744228476	
23068	9	39	1264.35019894706	
18249	1	49	1567.52256704845	
10730	3	39	1239.70414521159	
27381	2	13	474.995478128547	
9601	1	43	1366.4773085371	
12726	10	16	556.526875382535	
29219	4	46	1477.57372861615	
12747	3	25	832.481674865113	
12130	9	50	1599.5762391759	
20899	2	45	1433.66011220667	
22839	3	14	477.080631776285	
24805	3	14	488.39015704039	
9241	6	4	178.442261078601	
16876	10	44	1394.91875650125	
18083	4	46	1466.1785391095	
8311	5	46	1451.39072552854	
15683	2	17	576.271646663673	
22568	9	25	831.51332946099	
