idEmpleado	idDepartamento	ventas	importe	
21350	4	49	1550.56112912975	
23932	1	34	1094.65571532708	
20775	4	12	435.116820388994	
29833	4	18	616.34016888977	
23323	1	30	970.083060194777	
23144	7	38	1225.30072999434	
16906	8	22	732.30168276108	
11351	8	17	579.082398982291	
19721	3	20	678.800032231398	
10141	10	4	190.225421949395	
24811	9	29	936.101850595373	
22833	7	1	81.1905948078216	
29632	4	1	85.8901280192147	
11167	10	19	648.109114360115	
15459	2	13	465.32735019239	
16407	3	31	1021.67656852942	
19445	4	34	1083.24853772449	
25381	4	11	393.144031201091	
27142	10	3	153.087477084756	
27735	7	8	306.708857895205	
19999	5	46	1471.02960703477	
29176	8	48	1526.60431057522	
26574	10	42	1338.08298199348	
15619	3	32	1051.89418983268	
12515	5	12	427.89566194075	
29084	7	22	728.807969954241	
23393	9	42	1349.2994528214	
24730	4	31	1014.45417708459	
24385	8	24	785.121865563617	
10345	10	42	1335.14161201899	
16638	10	41	1324.98269623377	
29461	6	13	465.507163137899	
10593	2	29	961.049104445171	
21612	9	28	920.08689114828	
11872	4	41	1320.9589180541	
20471	5	15	522.269149665846	
16522	2	8	294.899806219572	
26507	8	42	1327.7066525294	
29624	3	9	345.704881896127	
16412	3	26	860.404801359589	
19599	8	24	805.081890302283	
11373	4	49	1546.87016801297	
15070	8	20	686.587875767885	
20078	10	48	1527.3572078754	
18075	5	37	1198.80137268398	
17032	5	40	1292.84018252643	
26187	9	32	1023.70526055978	
28842	8	46	1449.54955090282	
19844	7	14	480.143457576699	
28230	1	43	1374.00780685898	
10103	7	14	478.98665551049	
26366	1	39	1245.96860306615	
8680	3	20	683.173471113282	
14501	10	27	877.555790914947	
23455	9	9	324.40069835838	
25960	5	1	103.95681855453	
8718	1	42	1356.5727333336	
29945	6	30	983.222630556311	
14043	10	7	268.444506949021	
20082	10	8	321.275090240536	
29043	4	46	1476.00127717294	
11247	9	41	1317.84750567649	
18744	8	44	1393.96053341867	
9694	6	29	943.658420212408	
13704	8	13	465.24272571562	
11558	5	16	550.594687457473	
21123	3	22	720.14149036265	
14503	9	23	765.803236870935	
12563	7	28	927.150196306012	
23934	8	49	1543.05820052654	
15966	7	24	806.776762309846	
11228	8	42	1355.54188519509	
17638	5	2	127.439149304963	
9101	5	27	892.682675725167	
27553	4	34	1101.62696759292	
19877	1	48	1524.1594390218	
29861	4	28	920.016434807338	
14631	7	44	1410.72577411808	
14129	2	46	1453.0928171487	
17101	3	22	735.055479414321	
22093	8	41	1305.10270939446	
27828	7	47	1499.74990191858	
19527	2	18	614.310719507891	
28863	9	31	1011.11405870463	
15369	6	29	936.1549565085	
19961	4	3	159.014093167621	
21526	3	43	1382.33369202462	
24741	6	3	163.493313530224	
24674	3	20	675.6861927899	
15520	6	41	1297.00209949957	
22984	10	23	765.696416332245	
9609	8	28	911.677175663261	
29007	3	35	1139.26214558038	
8768	6	1	104.429791655592	
17873	4	30	984.40352418665	
28666	5	34	1087.23438462579	
8184	10	6	232.909634594298	
23731	3	42	1342.92945555548	
29615	4	35	1142.11448215978	
19627	6	22	728.206685226507	
12010	6	19	652.698692163778	
22831	2	9	337.902023688844	
13768	6	18	602.399354596808	
12981	4	16	537.085257050155	
28109	4	19	647.231044549137	
11740	10	22	723.444770315404	
8855	9	37	1198.52945376119	
12878	10	44	1390.49079538811	
10297	9	43	1375.92882332202	
26170	10	11	400.241259336584	
28235	2	24	783.940383747192	
18517	5	49	1545.84695921552	
25012	1	35	1130.12981340761	
20489	4	35	1133.3890275347	
27183	7	18	616.172380846074	
12177	8	50	1576.25137525436	
21643	6	24	783.536786168598	
19517	3	13	462.84647471404	
16505	4	1	87.5034637039078	
19735	9	11	386.228632547999	
29131	1	23	768.260995432856	
29152	6	19	636.648176832426	
13442	9	3	170.117044081035	
15895	4	38	1230.14809680644	
15320	8	26	857.361784194299	
27149	2	47	1495.09958664658	
21933	4	8	296.279739614706	
27061	10	1	103.009357649372	
29694	2	47	1508.27915153852	
29562	5	1	94.3925829671289	
17275	7	43	1371.2498044275	
20345	9	37	1177.08697925186	
9238	10	9	348.611291958304	
12056	1	24	804.886131922196	
15946	1	3	162.356787250543	
16166	8	32	1047.20068570562	
22148	2	30	977.35054732177	
21870	7	3	157.225462457736	
10567	5	12	443.883014155497	
12718	6	7	292.710186193097	
11778	6	16	560.48463940643	
12325	8	50	1591.8428966365	
8404	5	11	387.564490208199	
28999	8	10	355.444933453316	
10127	10	17	593.061715752381	
16797	2	25	819.849457116728	
21509	2	43	1381.54736225565	
23666	3	1	85.8731180456807	
21245	9	34	1088.25741080952	
23068	9	31	1008.15214893229	
11217	5	10	383.697598457196	
27405	6	43	1370.06315988026	
19694	5	42	1335.42599185157	
14150	9	25	835.885849611781	
11429	6	49	1559.94568979365	
12868	3	1	96.0505153313514	
25788	10	6	247.78497960781	
8222	4	30	972.25125779037	
17680	2	40	1279.72347285586	
26519	3	23	752.131457902552	
27008	6	15	507.165030700697	
27214	3	37	1175.52009611182	
26862	3	47	1482.2116438496	
26463	3	43	1361.5362403549	
18613	1	19	628.991454909086	
17622	7	38	1206.85340449533	
24020	2	40	1277.23566725721	
29089	1	11	405.243681485412	
27090	2	32	1051.03224028416	
23543	10	36	1168.97169514046	
27970	2	20	678.900827932591	
28728	1	21	706.311323710862	
19283	7	1	98.9634605585427	
23268	2	44	1394.79327751081	
18790	1	45	1425.74399314157	
29521	10	23	776.418098796354	
13582	10	9	329.083686624227	
28277	5	44	1414.67211062772	
15690	9	21	717.086381054058	
8084	5	2	117.512327077571	
21806	8	4	193.552224390932	
14195	9	7	290.406621569026	
25098	2	18	614.751946839854	
9127	2	17	580.127002606228	
23352	1	41	1310.69498450993	
27380	3	1	81.1866445472402	
27090	2	45	1441.66098740029	
11091	3	34	1112.72544234652	
11339	9	26	844.940442128545	
12018	3	3	146.306271919192	
26812	5	27	879.415706097808	
18180	10	1	85.0992895314001	
19165	4	14	477.501989601879	
27167	4	40	1291.75155625294	
17477	1	43	1385.5451554924	
8406	8	30	984.964543294611	
10070	1	4	189.631252786904	
29471	9	18	626.028249853304	
15057	5	42	1326.45347854423	
27292	6	30	986.20831125705	
11595	3	35	1142.61378985951	
19304	1	33	1056.30368077024	
13950	9	19	634.840877761525	
18221	2	48	1519.28571566906	
17102	3	11	409.251320999698	
10926	3	40	1277.38627474633	
19055	4	42	1351.09969932171	
10505	10	49	1540.63271434076	
28015	4	31	1010.14185647021	
10245	2	26	863.527590997297	
15291	2	43	1366.96682870712	
10498	9	12	433.112868980091	
27828	7	9	335.164876736312	
28046	10	39	1242.21114577829	
28406	3	19	638.579233511621	
29941	5	8	296.758409131672	
22341	2	19	640.768149271965	
26062	9	30	982.084641243371	
16597	10	2	130.841255844962	
9801	7	19	627.804810361846	
12499	5	43	1365.19241709504	
22458	5	6	244.510224910691	
13594	8	36	1160.30323935687	
23455	9	30	984.725968364964	
19039	3	10	369.555989042649	
9119	8	20	673.801538401191	
11368	6	8	308.809334108983	
23434	5	11	407.211904305598	
23417	4	1	89.2481220184118	
13599	10	15	520.779449846958	
11247	9	20	666.78684600945	
12408	4	41	1303.05543677092	
17203	5	3	168.218632083488	
23435	2	42	1330.87806979701	
27354	4	17	574.898537218058	
11154	4	22	737.248543620691	
16602	9	39	1255.5657438075	
14454	8	21	695.466231170793	
17921	1	6	250.875681606529	
14292	3	2	113.3087097636	
8634	8	9	330.086945225525	
20201	6	47	1501.02827305953	
10183	9	4	182.583585876312	
16000	7	50	1581.41285113125	
14925	5	10	379.339443212067	
12348	1	15	526.302837117716	
26063	3	42	1349.93441279509	
26796	9	25	835.290843823594	
27932	10	22	733.172322741324	
16306	4	36	1168.78674636073	
12465	3	12	424.196394022646	
27499	8	24	807.546611543534	
25901	5	17	575.186994008341	
16568	9	23	778.648668182385	
11659	1	38	1221.01589416201	
25042	2	30	978.103564948823	
10994	2	47	1496.00044141337	
20917	10	39	1250.11490939656	
25654	8	38	1229.72972662641	
14792	8	42	1335.44978259851	
13290	8	32	1048.57694063735	
11023	8	32	1023.88779501612	
15311	8	48	1531.38459232235	
28026	1	17	569.362406623253	
28635	4	7	276.740744987848	
24186	9	3	143.911391936201	
18249	1	9	344.894236896604	
22586	4	18	604.286806939303	
26775	3	22	747.312608560227	
12881	2	47	1501.33068989093	
25462	1	19	641.19266532417	
14544	3	49	1545.30191810117	
21878	7	25	811.208959636841	
12069	6	1	97.5325460813625	
27002	2	10	377.717865136321	
10123	1	46	1464.16414403551	
19996	9	3	141.926639034379	
20722	9	37	1178.89038822562	
23784	3	20	685.386525152897	
19803	4	45	1443.25315192493	
16894	3	28	923.867125606102	
14470	8	33	1073.51849028539	
29660	6	40	1274.03958156427	
19472	4	15	520.461375657684	
27265	7	4	176.583055824313	
24085	2	46	1459.24023446592	
21843	2	24	807.868442762582	
12526	3	30	989.569963901104	
27273	9	4	189.862175634998	
9194	9	37	1196.79497226923	
14129	2	26	841.248102207318	
12954	9	1	85.4508344109407	
16367	8	33	1065.73650454438	
26738	9	15	515.425899008022	
29176	8	20	664.731769126249	
24174	5	28	906.199150209408	
23144	7	50	1569.64368073719	
26413	3	38	1213.22117925306	
14543	5	43	1384.6721061434	
9704	1	8	315.428051275866	
11813	6	6	261.408600221113	
15854	9	25	825.647605855785	
15644	6	3	167.978235263367	
16495	4	25	831.841632850394	
12035	3	18	607.594081036557	
13872	7	14	478.894475921474	
13320	7	50	1596.33765190669	
10345	10	16	557.654447926979	
13166	4	14	480.930803046064	
13364	3	43	1356.85175012651	
24001	8	28	916.176925914444	
23372	7	11	397.110053187753	
11008	9	19	644.728384243664	
19407	7	43	1386.47657470148	
9107	3	14	491.582656992405	
27135	5	50	1575.05845035196	
25024	6	42	1349.84821345184	
28770	1	34	1090.92321666466	
18605	2	13	472.77935079894	
20575	2	12	417.500510521932	
18643	4	29	936.042949173619	
23349	8	29	955.3242729955	
18195	2	14	494.424631304305	
15656	2	36	1150.51763629099	
11804	8	22	740.082587683612	
13332	2	19	635.74183091323	
14381	4	16	559.565413556791	
9515	1	10	375.78306062882	
11395	3	32	1032.80077695511	
23300	6	33	1071.51871492691	
14196	10	47	1494.52046329832	
8096	3	15	528.70545978132	
24732	1	44	1394.21828208222	
26717	4	13	449.958473877031	
29518	6	39	1261.84455170382	
18248	2	4	178.219519750317	
23893	4	30	985.540255022021	
29716	7	15	522.197948713879	
10450	9	48	1512.86729462113	
23349	8	41	1297.68857990284	
10855	2	46	1462.90258255922	
28023	1	9	330.213994835603	
22508	5	17	588.63916085504	
28505	6	12	433.010425508493	
25256	7	10	360.61804635479	
28444	3	15	524.138049019565	
25649	4	32	1040.72245016728	
8457	8	40	1279.2599298429	
27216	4	1	103.843242015617	
18831	4	21	689.673318774287	
21886	3	36	1156.35093675756	
17655	4	16	558.720464072526	
23618	9	25	820.441828454119	
20522	5	32	1047.17159562147	
14246	1	30	979.385102102247	
29612	10	28	906.084327225613	
13594	8	11	411.22297455148	
19036	3	18	617.460598972375	
27754	2	4	171.759045166783	
16907	5	50	1571.85225012333	
9031	2	48	1519.32906236468	
14098	9	41	1300.55459127787	
17902	6	35	1124.85367097187	
11939	4	31	1009.41208811915	
22646	2	46	1462.33128682819	
24135	10	13	467.471466133125	
21986	4	18	602.891771105533	
15056	6	7	274.769910366633	
29465	2	5	204.632022997659	
17312	3	11	393.363137242088	
13287	8	20	669.518195329941	
9725	5	28	907.650264737965	
23244	6	37	1178.05592204354	
9908	8	23	775.090770896101	
9662	5	16	554.597927962708	
8134	4	20	685.828954338017	
23469	10	13	446.68511214046	
19596	1	3	141.414205795813	
9505	4	26	869.899589936202	
17399	7	8	295.944538664047	
29334	7	37	1195.01938074595	
18684	5	27	880.305483713888	
8082	8	9	351.939818613203	
17701	5	12	423.127458180826	
24961	3	48	1515.16777816935	
27704	10	31	1015.79999922579	
26588	8	41	1308.2636313272	
13137	8	12	427.046686460751	
22586	4	33	1070.57337177478	
22442	10	12	435.760224478208	
27499	8	43	1366.99654519884	
17297	9	13	448.079656049646	
21456	5	12	430.438903547096	
29746	3	49	1541.0150444978	
22524	10	43	1378.35951753816	
29302	6	6	242.347991281351	
29225	6	24	805.360323863737	
18560	8	37	1179.22707273589	
10017	5	17	570.679138680305	
17794	1	47	1493.14658022167	
23789	5	48	1521.24627791403	
24831	7	26	845.952539800644	
14274	8	36	1154.62790684524	
12093	9	41	1310.48010477353	
21308	8	1	100.155123444346	
27868	8	9	328.700672019599	
16774	1	30	980.66454202899	
29302	6	2	125.351057558018	
21179	5	17	572.57366765876	
26240	6	10	373.55614776423	
9988	7	16	539.399215085152	
26960	7	9	349.808768755667	
19177	1	42	1347.56100903617	
23245	7	46	1475.81450650274	
18207	6	13	456.832869377375	
13782	8	22	719.023578650795	
11265	8	32	1028.61477266467	
8654	3	24	781.72621279104	
29134	3	34	1094.2443099498	
15832	8	15	526.531287602396	
20685	8	23	759.207834805924	
18879	9	6	255.845084644782	
27035	5	24	804.196538591849	
29395	1	43	1368.87179851945	
19035	6	18	626.36659204325	
21547	8	8	301.438539280295	
21237	1	16	557.211361190868	
8169	1	39	1237.04087754574	
29421	1	31	996.731253357945	
11752	2	11	392.249936681357	
24527	8	47	1480.46863047428	
8937	6	26	867.458039404572	
21377	2	36	1170.73506711551	
17079	7	30	976.753009714537	
15595	7	10	374.698260750015	
11020	4	12	429.066840945309	
8918	2	41	1325.67757686864	
27405	6	19	641.459713839674	
29416	5	11	402.97233473648	
13683	4	40	1266.46710614975	
10321	4	2	115.135457196802	
21278	5	39	1262.91257376918	
17001	9	46	1454.47301880199	
23685	8	23	777.017224010554	
24940	4	47	1496.36100939306	
10773	2	34	1097.18777644317	
14884	10	21	700.518647013474	
13713	4	16	554.624397044361	
27260	8	36	1164.18217512042	
17980	3	22	739.335938887361	
19507	7	25	813.733218616682	
24502	1	1	103.634111072698	
23035	8	3	164.982762786086	
22035	2	2	124.147851077909	
20950	8	25	813.938745415741	
12803	4	42	1345.40119326925	
27742	2	2	121.756001208795	
26340	8	43	1385.75610832579	
15808	7	23	764.113512730279	
23871	3	44	1398.71658416405	
25532	1	43	1371.48931082873	
24497	7	42	1343.62366448325	
15229	3	22	728.619804200074	
11070	7	6	260.323730977403	
12063	2	14	493.087517289951	
18793	3	40	1271.94117568058	
26407	1	23	779.07370164016	
16749	6	13	450.807999321636	
21158	10	37	1181.11624575272	
23477	6	1	107.766028432067	
15252	9	31	993.34600178215	
27569	9	13	467.155058824995	
26323	4	13	458.75387805456	
28897	8	45	1427.77720380005	
18531	5	14	491.395830405595	
22521	2	34	1096.29526103674	
18934	9	11	401.372065842791	
10943	3	1	107.179314581295	
17507	2	46	1472.5107891264	
26063	3	35	1129.17881560008	
10985	6	37	1200.91989226682	
26407	1	1	82.5869641465074	
29134	3	3	152.858702425314	
16910	6	9	337.395314470583	
10387	3	37	1178.51671806468	
19993	5	46	1456.83451940158	
19524	5	24	782.475276618486	
29999	10	35	1126.5872160376	
18904	2	6	242.814264298796	
18272	10	19	629.297067480766	
22025	4	11	387.310839736513	
22987	9	49	1539.92146854285	
19228	2	46	1477.3462011094	
20762	6	18	604.255750572428	
23047	3	47	1494.97779532102	
13308	9	10	371.511792713549	
10079	9	18	614.292769569109	
23777	2	40	1274.14928782459	
25648	4	10	363.929706720603	
18676	3	8	304.419833712475	
16005	5	11	398.114074803011	
21709	3	9	329.710647691838	
28199	8	30	973.508151291641	
21026	7	35	1136.41614668836	
11986	1	42	1345.98993710521	
25291	10	12	426.578159791687	
15697	5	39	1244.88023301814	
15008	6	9	337.205558986033	
29409	9	38	1232.75202067231	
21361	6	41	1317.643484379	
16709	6	32	1024.02912742646	
28771	5	1	94.5766866275001	
13518	2	48	1513.2453191994	
21533	4	38	1234.9346971302	
22455	10	7	277.796691897231	
13336	5	43	1368.90234668222	
26323	4	40	1270.76496205794	
12763	6	13	471.22448972949	
18172	2	20	681.807012912727	
29191	7	19	636.25299788837	
25522	9	17	569.465899062094	
8822	4	39	1252.48648560256	
14392	2	7	287.99373502284	
21473	2	19	631.819178271954	
29746	3	41	1320.45518869555	
13017	5	33	1053.4245332393	
13640	3	17	589.8088577156	
15772	3	46	1454.49812748213	
18704	10	48	1532.79940847903	
24003	2	4	199.884037692046	
28992	3	16	562.002491467633	
28247	10	22	727.222778018202	
27878	9	42	1343.24960786069	
8390	3	39	1248.09095541392	
28463	3	25	811.064740797069	
16358	10	29	951.209244574983	
22650	8	21	709.078812854867	
12628	1	18	616.442555736956	
21564	9	17	591.405377365372	
25647	6	25	831.938558272989	
20387	10	7	291.954286383444	
16552	9	15	525.269717632453	
16373	8	47	1493.83519536529	
27475	2	15	525.170779919797	
28836	2	38	1205.26794005431	
9997	8	10	372.734153109013	
9515	1	1	106.676149343455	
12324	5	8	322.411503979196	
20078	10	11	406.459058675197	
23683	9	5	206.075448638795	
29621	6	21	700.74683065561	
14786	4	5	223.068279839618	
24741	6	20	672.342274911861	
19415	5	42	1327.67670883223	
15163	5	42	1334.95393465038	
15798	6	22	745.62758920045	
14529	5	2	121.716912668998	
26794	5	12	421.688973019686	
17352	6	44	1415.9609579928	
14870	8	10	372.565403865914	
18484	6	45	1436.76930207609	
24952	6	44	1390.38210553601	
19445	4	11	404.406150506998	
20413	1	34	1112.86798298027	
17963	7	25	835.640992911365	
8258	7	10	376.806349408257	
26487	5	9	351.327078766807	
27067	8	9	345.154363785477	
29613	9	14	503.86995633313	
12504	4	28	926.587447322247	
8311	5	22	739.823533827357	
11542	3	22	734.322406320983	
15156	5	47	1479.81911236412	
28659	1	46	1449.86845463974	
21928	3	12	424.298711504926	
8350	9	2	124.196181429641	
21071	3	43	1358.65129023728	
17152	5	43	1362.82295510304	
14687	10	32	1026.55123821765	
25520	10	32	1027.72103558654	
9994	4	32	1026.74838389584	
28769	1	9	347.397353736403	
27691	4	35	1128.03906880693	
21880	4	44	1406.72395984024	
17112	10	34	1099.13720703644	
9950	1	12	418.934211628015	
11679	2	2	134.880503106341	
25057	4	1	95.57289902846	
28860	4	48	1513.13702076354	
25789	6	3	145.437151596619	
28644	7	28	909.492331905985	
13713	4	10	367.389839835181	
21657	6	24	800.481597744153	
15378	2	8	298.839973499458	
8065	6	31	995.169256196902	
13659	1	14	501.572180847438	
16726	8	4	200.863567125454	
29217	9	13	460.967212385017	
29249	3	40	1289.52978700843	
10908	3	28	908.46159064605	
11447	9	1	101.407074342206	
23068	9	43	1361.52178555798	
16750	6	45	1418.54154764607	
23063	9	33	1079.87161135295	
27234	8	33	1066.25191481144	
21255	3	49	1566.42442433463	
29220	8	9	343.2491674755	
27957	2	25	822.473820272122	
19691	2	30	983.377997327306	
20153	3	40	1290.75775322074	
9445	5	30	986.976298963174	
15031	2	10	358.893957565955	
18804	9	31	995.137734802038	
13159	1	13	468.239922406264	
27738	7	29	945.817019970071	
18655	6	36	1169.37194833968	
14452	3	9	342.343036729071	
17447	2	18	597.682190666759	
9121	1	1	93.7307759438319	
29512	2	14	496.70678128335	
17657	5	8	321.925846301916	
27119	6	9	335.754179738347	
16845	4	12	432.017343021937	
16638	10	12	438.43280473651	
23679	3	1	97.0951154162619	
8108	1	13	452.433693992176	
15638	9	48	1533.84080857683	
9893	5	39	1260.97913886466	
21053	4	15	534.699198442837	
16212	6	48	1522.72653065749	
12035	3	48	1523.33261430419	
9793	6	30	977.684077852259	
10339	8	3	153.293168094611	
22051	7	4	198.089647571598	
23149	9	31	1006.31396124433	
28735	3	39	1265.22659833786	
22026	7	15	528.855806090336	
19334	10	2	128.167457453985	
8131	2	12	420.472045028802	
18062	7	35	1132.71278270181	
27059	2	3	155.685044152516	
24887	2	28	912.406682834219	
25900	6	21	712.194901701154	
23087	6	8	302.3792675428	
16453	3	23	758.460852633445	
20450	7	19	630.598374340031	
15457	5	30	972.252105033143	
16678	2	11	412.241675337889	
10056	3	29	953.022953529387	
23349	8	45	1425.79730785722	
10309	4	6	239.229144118367	
26357	1	37	1203.1813764587	
13661	8	13	447.236436441185	
10987	10	27	872.823005725082	
29576	2	20	666.535744344134	
18306	9	43	1365.65289460386	
10120	5	31	1009.50444253604	
8358	2	33	1060.10874290956	
14126	3	33	1062.77649593669	
26192	3	21	693.818220819262	
23020	10	2	112.583615757797	
21954	10	20	682.27002861084	
11968	6	10	367.774621829286	
24026	3	33	1060.65146666982	
10761	1	43	1367.42513891655	
24562	1	1	89.2922211109159	
14781	10	7	285.600789471344	
26155	2	27	877.04808723044	
19303	4	33	1061.92596116193	
27536	1	40	1280.59042163221	
27449	8	22	720.516142249348	
21465	2	8	294.175579275086	
27321	6	6	257.210145637957	
12056	1	16	561.017993242023	
28340	1	12	421.021737130835	
10655	4	31	1009.5191634677	
26154	10	38	1223.55927803719	
23493	7	5	209.638075479138	
25864	8	40	1279.97195210307	
27056	6	33	1066.49674107623	
14326	6	33	1080.18158895903	
21537	7	37	1201.59913323894	
18480	9	11	387.956185335273	
25801	1	21	708.901890585619	
25143	9	43	1363.49738653912	
22642	8	11	400.151237845491	
9786	1	18	610.447641411073	
26672	10	27	880.47016236953	
22341	2	35	1131.55390322746	
25825	1	39	1240.66106664048	
8258	7	9	335.722155801823	
11963	10	33	1068.74706318078	
18517	5	20	665.390961517296	
17419	9	42	1326.65382420954	
24888	8	34	1100.12916694401	
27627	1	33	1073.41501554168	
28907	6	18	624.632061004933	
11079	4	39	1251.54343503134	
26945	1	15	534.954128626247	
26805	6	23	749.168631522529	
17106	9	12	424.997584868687	
26015	2	4	175.204017802702	
19471	4	29	950.31571417596	
8100	2	40	1272.43253189718	
28973	1	24	785.28116560787	
17940	8	49	1545.05356484328	
18368	7	32	1025.97123082074	
8146	4	47	1486.21844319916	
29818	10	15	531.801268594247	
13018	1	39	1257.01658087644	
10113	10	5	222.093616566664	
17258	4	27	879.866367056904	
17617	3	43	1380.13679080649	
22662	1	50	1596.27975486046	
26729	1	38	1213.63663186023	
14751	9	15	510.984482518856	
14998	8	10	374.313843275567	
19197	8	39	1258.87273124367	
19492	9	41	1297.1540801307	
20349	10	32	1047.27390107106	
26480	4	33	1078.84457969984	
29881	1	31	1005.13062710181	
8065	6	42	1345.49418400298	
24887	2	45	1421.26489452145	
8072	9	32	1024.86826583038	
8993	8	39	1251.76907906857	
22826	10	38	1228.78461775779	
8693	3	15	530.556321428416	
26406	7	33	1060.88882629801	
10553	5	29	947.606721589159	
27456	3	13	464.887102462764	
16373	8	50	1572.01584300586	
28240	10	40	1274.68394685289	
22666	8	18	610.803320580536	
29868	7	22	721.499156207544	
16701	8	30	984.977571156331	
17924	9	9	331.283419062981	
27108	7	21	715.523653438093	
25215	5	48	1523.62072497775	
23921	3	45	1418.44382169584	
25048	5	30	974.180007024752	
28752	10	22	724.229198211911	
9504	5	12	428.668893775283	
21478	9	46	1474.53732235103	
26788	4	34	1098.56745007381	
8102	2	33	1055.85578874492	
18250	8	40	1288.61027237429	
16692	1	20	669.111206656839	
22361	7	4	193.017192349312	
20339	1	20	669.144684425157	
21222	1	23	779.101172266109	
11405	1	30	965.759329761266	
23695	8	49	1554.38935490064	
23528	4	34	1087.68022755519	
18455	4	40	1270.32405182269	
25638	6	31	1019.86695776687	
10583	2	12	429.709833799726	
22844	6	35	1129.05081965451	
8093	5	9	327.564266066795	
18522	8	35	1133.5120865393	
24907	1	11	396.268947085491	
28352	2	17	575.414909392323	
22714	1	14	505.329616901153	
26548	7	37	1184.19454700509	
19655	5	27	872.129478413672	
25260	1	6	250.077773560806	
22759	5	38	1205.18242020401	
23582	3	26	849.333470225955	
21669	2	29	954.780598652913	
18317	8	8	308.659060703897	
13024	9	6	259.701063455875	
22672	5	39	1258.79018983747	
10855	2	42	1335.25200626592	
27584	2	47	1478.71025843486	
23474	5	3	153.093894046309	
23437	8	12	434.615381487932	
13391	4	19	656.461733326531	
13782	8	46	1470.95686165195	
15905	1	11	402.697444447641	
23064	2	49	1569.01247708547	
10480	9	49	1563.15880669428	
17864	5	19	639.673411100951	
12970	10	12	417.539129079105	
19623	3	13	471.744141872853	
21142	10	6	248.505549323049	
17247	5	34	1099.1277727015	
26634	5	1	97.62648810522	
20373	4	7	267.003719297705	
13017	5	29	940.47926875785	
13985	8	41	1301.63219844067	
27463	4	19	635.267737356605	
19396	1	24	802.232599408474	
22856	3	13	467.959387371298	
18841	7	13	470.108638438447	
21943	9	34	1102.17487461035	
11495	4	14	478.765097632429	
27907	1	8	298.899581310758	
28215	7	26	844.474346770195	
13359	3	20	682.407843937356	
28724	1	28	928.489676513006	
28286	1	46	1450.67336854091	
21049	9	15	519.276802148333	
25678	9	41	1314.33060800393	
9042	2	47	1484.35813164541	
12637	5	14	489.443620969282	
17286	7	35	1120.31098242864	
20289	5	38	1230.50732349535	
17285	7	3	155.679096465781	
12905	4	31	1014.58633350888	
9719	10	28	915.708670334755	
28644	7	12	443.405224440342	
29717	9	16	558.752972147778	
14372	2	24	806.353375206866	
10224	2	10	358.55178898133	
11068	10	36	1170.35327984502	
24750	4	42	1356.59553598454	
25383	8	6	237.875780313218	
25868	7	2	113.585475028299	
10409	9	31	1015.68899768204	
10641	5	43	1373.00170571217	
14965	6	6	232.451285455586	
18564	2	31	1018.17870090631	
10731	4	48	1508.85420146811	
29502	6	39	1253.14840021224	
15942	4	40	1273.39132334729	
18632	7	33	1057.4684640474	
17497	2	27	870.830802466176	
28629	9	29	945.143367827471	
26740	10	13	456.535383824508	
9119	8	40	1274.32879641388	
13117	8	5	215.715800177174	
16870	8	44	1411.98738655634	
10318	2	26	868.549017714592	
28879	6	33	1074.20776793464	
9229	1	4	198.33910854456	
12572	1	35	1123.88200454595	
27250	9	28	925.342803097024	
26090	1	15	533.180997433691	
23424	5	50	1582.30052090357	
9435	7	22	728.194566894413	
12752	9	46	1468.62044920615	
25011	2	49	1541.94739163944	
13859	6	26	852.417385788829	
16657	4	1	104.770598423095	
9960	6	29	938.226974000329	
17809	8	3	156.514765208827	
20165	9	50	1595.87922420161	
27247	7	4	189.407598389968	
17710	3	27	899.755358593425	
10030	9	42	1345.57933862581	
27201	6	8	320.889317319211	
13252	1	7	265.314106282459	
27657	7	45	1428.78534908816	
27575	2	28	909.406138225182	
16874	1	23	776.03839105742	
25093	8	15	512.494667634598	
9738	9	18	610.422600680228	
8681	9	3	141.182207791685	
10213	6	7	290.966808298122	
17363	2	32	1031.97515692188	
11717	1	9	329.48017996246	
17471	6	10	365.363955667878	
20820	4	41	1299.14371264127	
29074	5	42	1340.257537095	
16582	4	24	779.992870157581	
16075	3	19	631.417837884006	
8680	3	40	1290.20395443319	
18077	1	42	1332.14560727223	
13955	10	6	240.21268043677	
11695	6	2	126.471275299076	
17172	7	15	511.252732887516	
29074	5	41	1304.69478287953	
11602	10	2	131.284954124729	
10638	9	10	367.494430787626	
27216	4	47	1504.38125650602	
14947	3	7	290.503893816147	
28670	4	6	245.761315117479	
12184	1	47	1484.08360304501	
13192	8	11	394.921426211913	
24828	3	37	1196.87655813847	
8500	6	33	1061.58923984579	
24249	2	23	761.423204076208	
22432	5	2	125.388009234047	
21393	6	21	710.956045198699	
26548	7	32	1033.43947909467	
8520	9	49	1550.40169389471	
9472	4	50	1583.20203746818	
13462	3	49	1559.14287948941	
16505	4	10	378.169376877215	
23108	10	40	1285.84444090996	
23570	1	17	593.459403865719	
21684	7	26	864.160595305339	
26728	4	8	322.214189135569	
15100	4	19	630.325363981689	
9337	4	14	478.714386931953	
26462	9	37	1183.25649353827	
10655	4	8	322.803678998167	
22512	8	34	1112.15984869383	
17228	10	28	924.777728265514	
8545	5	11	386.809136116323	
14212	3	13	466.310810775641	
16647	10	9	343.733616929377	
29693	9	49	1549.1949179532	
25466	5	26	853.284083294349	
15990	1	28	914.326605738293	
22879	5	18	616.194534439684	
24048	1	5	214.02915215773	
10103	7	35	1141.29091830053	
29200	1	31	1005.02488171916	
13722	6	16	565.534497241273	
22220	4	9	346.733352517119	
14133	4	22	726.338997635217	
20083	10	42	1346.26078157977	
16242	6	21	694.090250159656	
26280	6	50	1570.38591707609	
26405	4	36	1168.05697588625	
26170	10	8	319.975946433831	
26705	9	20	668.187667442573	
13502	8	11	386.818058000327	
29999	10	25	829.591176262866	
13976	6	19	648.215800415825	
24887	2	42	1331.06107494378	
29964	2	32	1033.97623039502	
12244	5	16	554.368239526808	
26062	9	35	1133.01187143336	
21029	6	39	1247.09213758218	
19573	7	33	1062.48059374396	
22641	2	34	1100.95959014304	
25136	2	47	1488.78004385567	
21168	9	11	401.124762967753	
25508	8	49	1567.70021481798	
20197	1	22	733.601466423646	
14243	4	19	639.305874779497	
23937	2	1	88.1122900955902	
9621	9	25	810.565747362825	
25211	6	24	797.855622916415	
18475	8	25	812.22828612301	
14383	3	27	872.103925939698	
14175	3	44	1396.62943946041	
27168	6	14	497.244944654985	
28852	7	44	1416.37254173698	
15369	6	15	521.911119167652	
9582	1	19	634.117997770253	
13707	9	44	1412.63487963594	
11079	4	31	1019.11108839284	
21064	9	46	1467.1204062305	
14724	7	35	1117.89981372557	
11465	7	38	1228.12393897591	
14468	2	20	659.9394469056	
29577	3	28	910.657411045701	
25892	10	29	943.280547104441	
26045	8	39	1254.61601155559	
16298	9	24	805.341790693506	
29585	1	4	175.186552002647	
14634	3	42	1338.5933357005	
10146	3	22	735.249735831865	
20100	8	28	909.757386534362	
8584	4	33	1074.82667842639	
16804	2	41	1320.27221186099	
23189	5	40	1267.23446815612	
13754	1	36	1153.71394069573	
21986	4	21	713.06956201469	
12413	6	39	1252.51087444486	
13487	7	20	683.900118751405	
10984	7	18	597.834282423292	
24030	10	38	1213.13188609347	
21012	6	3	167.03312285572	
19542	9	42	1338.14849148418	
8758	4	47	1483.52450279683	
9444	1	26	852.530294159674	
17600	1	12	435.828689763243	
8134	4	32	1047.87202049413	
22061	4	27	871.558227982166	
15320	8	47	1489.57311334534	
12980	7	31	1013.21863452588	
15156	5	5	206.304681248173	
20040	8	23	776.943077173523	
19189	7	38	1221.34135075907	
16732	9	35	1135.25715113397	
28408	7	40	1265.89146520285	
9699	4	5	209.192323856611	
12913	5	45	1434.35665476804	
15475	9	15	521.02014323744	
23598	8	20	658.122632809972	
25765	8	33	1057.84421586331	
19945	2	11	393.084203262387	
18810	9	48	1528.25967573014	
21984	9	16	544.11932277685	
20309	7	9	349.518954395093	
17364	9	3	155.31601153096	
14109	8	47	1488.09823638205	
9482	4	42	1337.40160769662	
18339	7	36	1151.83171407871	
19580	2	5	209.394971304291	
15100	4	29	943.531003959259	
23377	5	24	783.302979722294	
17622	7	26	869.400244722795	
23914	3	49	1550.21787901885	
24860	1	27	894.80059721265	
11811	8	44	1405.97920229937	
9934	9	43	1380.08728337478	
14494	1	43	1379.75132224138	
20309	7	42	1344.59943617908	
26134	2	44	1407.40915274593	
10188	1	16	554.828721282458	
29187	1	47	1495.40852661031	
9535	9	13	463.057783573427	
15858	7	28	915.768677348163	
20413	1	23	761.967917476766	
28762	10	38	1212.28865445232	
16577	4	49	1558.30665865834	
23412	2	40	1288.41603577529	
28001	2	49	1539.56952729242	
24741	6	2	134.380746658137	
20523	1	35	1138.0421442995	
16461	5	41	1319.35728592768	
26236	7	7	272.04941877725	
13086	5	20	674.388241634885	
29502	6	38	1226.05590288809	
17574	8	7	284.750079160905	
26376	9	40	1284.87221036333	
23595	7	38	1222.91380007887	
28733	6	33	1068.62953708909	
8994	4	44	1408.20849126587	
24509	2	30	964.432057777621	
20338	5	21	698.427082066623	
24717	10	47	1496.04030641543	
12180	7	22	742.163256677875	
25730	2	18	626.042109386084	
28107	9	8	309.915654803587	
23969	5	29	936.904436525379	
15887	6	25	826.725198154675	
8327	4	11	406.540753546423	
17015	8	42	1329.2779488346	
21630	5	47	1485.80418182807	
17322	9	12	429.441001615227	
26111	4	3	169.757218588962	
14912	2	21	713.610990491515	
17691	3	4	183.293911527513	
9021	8	36	1162.435689253	
11846	7	48	1530.02641968896	
12124	6	21	692.490998381977	
14878	3	43	1382.15140530008	
20298	5	22	737.230299942768	
29073	6	4	197.009352872618	
27145	8	7	279.682200606764	
12895	3	44	1397.8320804042	
16165	3	34	1097.45096742057	
22090	3	20	671.352827004787	
26823	6	38	1224.17371803158	
12913	5	17	591.253560945044	
16976	4	7	275.01200308791	
16270	1	11	404.161976130755	
9950	1	21	690.050518051745	
23440	2	4	201.106991936037	
22010	8	6	237.173483295913	
25828	3	11	391.121785152295	
11701	2	48	1536.39094491321	
28522	3	15	522.977094968305	
18038	9	46	1456.40163921584	
24174	5	50	1599.36822019488	
11981	8	41	1320.89452689555	
16818	4	10	369.72656796208	
14146	8	15	532.052262673179	
9413	3	10	355.384217926946	
24619	9	25	811.581460503666	
22028	7	30	961.875282228866	
24765	6	7	290.291578457827	
12715	1	6	248.576564830065	
15008	6	24	788.601142684278	
18208	5	38	1229.60006733872	
8512	8	36	1158.43842828574	
9435	7	17	571.094330107371	
14776	10	3	143.620213635089	
24384	5	10	354.723659471946	
28145	9	20	672.381211981355	
15888	6	45	1440.76239477879	
28070	9	11	411.399237146321	
13159	1	40	1291.19913839325	
13518	2	23	764.749857170856	
25745	9	27	900.595001662427	
29686	5	14	478.589338994859	
11636	5	3	150.810429673088	
24732	1	31	1001.86839135451	
29019	7	41	1318.66209385854	
15980	8	22	741.892433437469	
26375	10	14	502.563222023921	
18233	9	41	1316.49023549468	
17807	3	38	1208.17095689856	
19998	3	42	1328.63069853216	
16517	6	2	118.319216462932	
17988	9	6	233.36627367575	
22751	7	7	270.63389552321	
29362	1	9	326.892272311678	
25620	2	36	1163.06746905812	
17571	3	7	289.131892793408	
15217	9	11	402.764430419898	
9171	8	28	930.099142626906	
13859	6	13	461.846082015823	
19011	9	30	985.427892368952	
21474	8	28	917.806918377898	
9204	8	37	1187.54050194637	
18287	2	28	928.874402590503	
8664	5	47	1482.75168432051	
16751	7	50	1594.57365069286	
22913	10	32	1032.81513265931	
13756	8	41	1303.91767298054	
22662	1	9	340.541762495666	
27898	8	12	415.326858579799	
24884	7	35	1128.72577995468	
11473	10	11	396.411088517127	
8141	5	50	1579.72254800597	
27531	3	9	325.191806519959	
17875	4	43	1358.22723779745	
19026	6	19	635.806637553408	
19419	9	37	1200.77888120002	
18919	3	39	1250.08409722246	
19174	10	30	967.858176607573	
8318	6	25	813.390168814636	
18066	10	38	1213.49178448948	
25656	7	11	389.018238479746	
27520	6	39	1245.38504673419	
13601	10	20	682.120621559266	
21787	9	15	519.945866297905	
23387	6	23	750.281926221346	
25443	1	33	1076.23379366297	
17079	7	30	967.804532762526	
13270	1	9	324.202057795693	
17447	2	17	580.552744576965	
15332	1	3	145.591766678538	
20078	10	9	349.616781561457	
15242	6	17	590.66325215188	
10814	9	49	1549.5531551305	
23595	7	11	385.771246024301	
25374	6	45	1446.94293879296	
8909	2	41	1313.05449971606	
9864	10	36	1149.71493640436	
10517	4	7	268.058745352579	
20417	6	31	1007.29474066165	
18283	2	10	365.846961199235	
22720	8	32	1037.97476045693	
8942	8	6	242.021459528255	
29616	4	30	981.163376914879	
22162	9	3	159.445176943878	
19935	2	31	1012.21961001503	
28762	10	2	138.596668456959	
10975	8	47	1508.17446715579	
26487	5	15	512.406657725762	
18043	3	40	1291.08563475827	
23611	1	49	1562.2885878581	
11126	4	19	639.047795570943	
26792	1	32	1034.90625381233	
13135	7	4	196.70897381227	
17672	7	26	848.354297526346	
17022	10	20	676.409653889206	
17907	4	40	1272.42187164371	
14965	6	17	585.419880387103	
27182	4	14	488.928536292598	
21730	4	25	812.469758099164	
11228	8	18	598.339857029887	
18190	8	3	145.010599896782	
14487	8	33	1059.71561518485	
11376	4	43	1359.9890179187	
8811	8	9	349.735091901261	
22980	1	26	859.108998393225	
13353	3	44	1405.74783636525	
25016	5	1	110.169392875475	
15888	6	49	1539.42056049566	
14815	6	48	1511.28429900449	
13928	5	28	922.75213783735	
24622	7	2	131.063944795664	
21576	8	33	1062.02535186989	
25019	3	49	1560.56343594592	
20987	10	15	527.543207615401	
28363	8	6	255.517024032547	
13102	4	5	226.996778951491	
9642	1	9	344.221669819309	
27094	6	18	602.675444615388	
13013	2	34	1107.72625628287	
28699	7	21	691.685257764387	
23906	9	36	1168.05932650718	
27138	10	15	535.397875036764	
19532	7	19	633.116423037423	
23347	2	18	618.264156718861	
25521	8	34	1106.54397110759	
26112	7	28	914.710527749132	
9052	1	13	473.954278339611	
17881	6	24	781.198857604153	
11505	6	41	1309.36159213509	
17564	2	6	254.521067149248	
24972	2	24	807.634619328955	
28303	6	22	740.786400111758	
22634	9	33	1055.58898725341	
16312	9	14	488.954883631763	
26209	5	8	300.836361302452	
20805	5	50	1578.25914527209	
19993	5	14	482.032441609554	
23199	5	21	711.428285013618	
24826	6	27	900.336178550653	
23702	8	38	1206.47177364979	
29520	6	1	108.427275581484	
10341	8	49	1568.75390666013	
16511	1	18	601.122358721272	
18036	7	13	448.33349692092	
26497	1	48	1511.22464306244	
14164	10	37	1177.02244370106	
11317	9	33	1074.3428178664	
26692	6	40	1269.16576619687	
28489	7	20	672.837273493799	
24528	7	15	529.412874937715	
26373	1	31	1008.2002018244	
26075	9	50	1582.74443577172	
16407	3	30	981.202280009725	
12387	1	4	200.784500334777	
11406	8	32	1030.28053052271	
22890	7	38	1209.61272486002	
12333	1	15	506.599192147422	
25368	7	25	821.724861199839	
16709	6	26	843.191120793666	
10322	7	49	1544.39847064409	
28769	1	31	1011.79355802564	
26770	4	28	928.970535271322	
15667	5	8	310.058968360563	
8581	5	42	1336.76323185524	
20363	2	4	195.117518508396	
16304	9	30	990.277544683906	
25963	4	1	86.4363646164706	
17656	8	36	1151.60855231416	
23341	6	8	306.706846312949	
13433	8	7	277.257878760462	
26267	7	42	1344.96433734194	
19269	6	38	1232.79338480569	
11778	6	41	1302.33926606473	
11451	9	47	1501.25448263309	
8976	9	20	663.257982182902	
27478	9	37	1199.30541984705	
25599	6	48	1534.27551631549	
23682	4	7	264.782926116503	
13851	8	21	707.039513656422	
21725	8	48	1529.52152740654	
26317	9	45	1440.36770988273	
23080	10	24	804.788512142742	
12580	10	4	188.361584110354	
19661	1	26	859.948717197379	
22218	5	26	846.320865324848	
24749	3	25	824.890183557239	
25443	1	43	1359.58412010203	
14503	9	29	934.804486918638	
17066	10	33	1058.67435310906	
26783	7	21	691.223636442434	
20349	10	36	1151.65995312466	
18480	9	39	1260.30758040971	
14436	2	46	1468.23716421995	
21859	5	29	955.93770790656	
17447	2	7	274.678215624149	
19318	7	24	779.456740310163	
9021	8	42	1338.69493829957	
26875	6	26	864.359126866031	
26756	10	9	333.215978412524	
26770	4	18	600.947098378533	
18067	8	36	1170.58607908459	
25183	5	48	1522.73426555224	
15819	3	32	1042.45891988392	
27111	6	14	475.579394733337	
20338	5	24	784.448537595779	
10398	1	43	1375.40681701871	
8868	5	10	360.40516970698	
10297	9	33	1079.94779737664	
15865	4	35	1137.52651815187	
11465	7	45	1430.97511067566	
17550	9	40	1275.33720854453	
24888	8	8	321.816266030919	
14487	8	4	194.685347543417	
26677	7	28	913.66959338713	
14947	3	4	184.030760761365	
26124	1	7	287.005045882894	
12623	4	25	820.608951160968	
27162	9	32	1050.11025116318	
27754	2	17	570.442366530393	
28991	6	30	970.227334951157	
8216	2	38	1230.69342458187	
27130	9	23	751.631877697833	
26218	8	4	172.934199205103	
17032	5	38	1215.48320987051	
21142	10	22	725.597925635799	
19735	9	3	164.656756932222	
12541	6	43	1364.55622058574	
12599	7	12	426.401558158175	
10226	9	41	1306.57626700894	
28318	6	47	1483.80124187274	
12178	9	46	1460.61048154748	
8468	4	23	749.916389449461	
22599	6	48	1531.56694770398	
12057	9	4	186.092415277889	
20233	3	12	438.935448321949	
16100	10	48	1517.63344433048	
14346	3	43	1362.32959225882	
26187	9	41	1312.78218937702	
18442	5	3	155.5001796016	
18463	2	33	1070.91404830614	
28363	8	16	544.485013850259	
22061	4	10	359.636322725395	
12045	10	44	1397.27796876676	
24283	3	38	1227.69924243339	
26416	10	31	1015.88642789791	
26806	8	28	909.843687093744	
24085	2	36	1145.6222328663	
20969	1	19	634.567570832822	
25326	7	26	851.906947145195	
23870	5	50	1587.67316974125	
14075	9	49	1558.84778914919	
25764	5	10	368.584687136386	
11636	5	10	373.916760335638	
13531	6	30	962.988643461367	
20802	3	30	970.25367379666	
19526	3	14	498.954201386754	
11110	10	45	1429.80006634714	
21063	10	45	1426.9757100134	
23667	10	42	1349.98146909754	
29436	7	21	699.791780663557	
8538	4	1	90.8505964329702	
22639	3	48	1534.00361154881	
28814	8	43	1373.3715303677	
20237	10	39	1253.72527627914	
10280	1	50	1570.36462912819	
24509	2	18	605.420819095066	
28322	2	11	390.249318326939	
11993	2	1	88.592932265528	
19832	5	16	554.73414506518	
28555	8	7	266.39731643088	
23607	3	15	524.675453624071	
18405	1	34	1107.82676178395	
27935	3	30	974.610071561583	
15821	5	34	1099.52831822426	
9340	2	15	505.742321100897	
16797	2	29	951.057101856478	
9878	8	29	954.35390893107	
24497	7	16	545.23495677171	
8628	9	7	279.596781972608	
9932	5	44	1415.75423854205	
25572	8	18	619.034524065924	
12136	2	25	809.988649752917	
9090	4	37	1174.49461101298	
20677	2	41	1318.90309726768	
11128	9	48	1524.95345272354	
28673	4	36	1172.02579441109	
23733	9	13	455.999629113823	
16072	1	19	648.578304242612	
10887	8	25	815.838741481229	
23677	7	49	1539.9812469352	
19274	1	3	167.833377983343	
26808	4	48	1535.35388224542	
18536	5	49	1562.80072027948	
10183	9	33	1055.70839893804	
24140	10	33	1060.06345187317	
15331	5	18	610.481402301454	
27162	9	17	586.264792357695	
29307	4	5	223.552692487628	
29225	6	39	1257.33461330521	
17263	10	14	490.465608802841	
14571	8	18	599.594368766804	
16435	2	35	1137.02930060077	
25822	6	3	159.833425767642	
13586	2	20	665.509630714315	
15595	7	35	1142.99771611718	
10561	10	15	531.021027365244	
23087	6	31	993.974615574803	
23947	5	27	874.388442111382	
16641	7	16	537.24632236047	
28400	4	1	99.196571940182	
12470	9	36	1144.60029245568	
15070	8	30	964.56510957543	
23855	8	38	1227.3789280408	
19498	2	48	1534.22723055548	
16281	6	3	160.757256597633	
20870	8	27	880.861946680053	
13433	8	12	439.509000535826	
25963	4	2	134.468433100017	
18518	3	42	1328.77182355559	
9145	6	14	478.338834717096	
21212	8	5	229.421189981243	
24829	2	42	1341.67101408433	
23689	5	27	872.754190784299	
22767	3	18	614.752898129985	
16749	6	4	178.563938447537	
10590	4	17	589.321571378653	
12857	9	36	1145.02604150447	
9534	5	48	1518.90167262354	
12335	9	2	119.464866351087	
19231	7	47	1495.26091879944	
14326	6	12	444.792309498783	
12721	2	25	810.801216443442	
25861	4	27	887.900343466504	
22897	4	44	1389.13117316977	
9129	2	27	896.159869775251	
15357	6	33	1082.00522346515	
20223	5	22	730.155223985275	
15714	7	17	588.984980298665	
22088	4	6	255.9053811505	
18423	6	33	1073.9324253583	
17264	2	6	258.051178836288	
23436	5	37	1181.61118700244	
13031	7	4	191.331981882142	
13212	9	24	796.642169541047	
11740	10	14	475.38095447951	
22051	7	24	803.268268407913	
17507	2	11	387.974954204622	
12045	10	1	108.573489723994	
13832	6	30	974.95114234041	
22906	7	6	259.201505193115	
23223	5	6	250.972401765628	
14170	9	15	531.796359257678	
23068	9	14	494.780868932037	
9984	8	26	858.99577858811	
12552	5	9	341.044418821598	
10914	7	26	857.923354682477	
29725	3	9	344.275109816471	
20584	5	36	1145.08052763766	
22081	10	17	566.945692266778	
29219	4	19	633.676144738531	
19340	2	30	985.99498586077	
21342	2	33	1075.07294295126	
19035	6	25	834.923575760295	
24829	2	19	641.985403561026	
15929	8	39	1254.4042624414	
8994	4	11	413.799076012242	
15613	1	3	156.664766108927	
15839	3	45	1438.24775487103	
12142	5	21	718.067360780233	
21464	4	20	678.752033132479	
21725	8	5	230.706722694778	
19286	4	46	1450.52402023716	
27825	7	47	1478.56305194952	
16727	7	9	334.839398197289	
19660	1	8	300.287655880809	
18819	5	19	647.810002978803	
10280	1	38	1230.33903220219	
18108	1	3	156.112021243252	
28199	8	5	219.371943650475	
13282	9	30	975.295670039624	
16616	2	7	281.346617174031	
9165	4	35	1116.45255178048	
12803	4	18	623.95053028313	
11158	4	46	1460.26336115797	
17847	3	41	1324.28851703382	
14442	9	48	1512.99595024111	
23432	8	11	396.020347511405	
25398	6	1	108.904564878393	
28880	5	35	1128.08675434817	
20498	1	2	118.236515092774	
29720	5	25	817.730113648684	
17141	2	37	1185.07469634762	
15624	6	1	102.039288031887	
14966	2	38	1222.22923641197	
14531	9	3	167.937439497531	
29480	1	24	782.978235885025	
9181	10	12	426.687611242145	
17152	5	36	1149.34657832112	
24467	2	35	1142.23790709965	
24283	3	3	141.581878467268	
19021	3	22	726.603502298986	
8013	1	16	549.727199333593	
29509	8	30	990.506128943761	
14621	3	10	376.199109207931	
12066	10	1	108.494782498337	
22771	9	11	400.448381528467	
29364	4	19	653.23330730816	
21178	6	6	239.941470734748	
23323	1	19	638.708122707302	
11264	8	40	1293.23441584279	
29833	4	38	1227.58432248029	
14671	4	7	268.163088573219	
20778	3	31	1005.70858398718	
10811	9	37	1191.65002222715	
18322	1	12	432.3295275645	
26209	5	46	1469.54243408029	
15994	4	15	531.122412668132	
26950	5	30	974.660214602323	
18727	3	28	917.696886527211	
12055	5	42	1341.40831220029	
22361	7	1	97.7787285008369	
23380	2	2	127.760201230534	
12149	4	11	390.16100052286	
8643	1	20	679.83084568746	
9172	6	46	1461.02191948379	
29650	2	19	645.63202634716	
21245	9	45	1428.48473220527	
26170	10	9	336.333815537549	
25575	10	6	246.901958699758	
8715	3	35	1117.30941999578	
11912	2	8	301.122391736658	
27588	4	3	160.99245388107	
17859	3	18	613.874114143604	
12520	8	3	157.790065183206	
11177	7	9	328.692167740638	
21970	10	42	1331.61941784044	
16403	5	5	205.946422836718	
9321	2	9	327.751421075199	
14494	1	45	1431.76857865964	
14544	3	31	1003.84013550535	
21250	8	29	939.762642932945	
18827	2	6	236.078876776657	
8098	1	33	1070.19644217109	
29027	3	45	1434.85233850537	
27298	5	14	490.652192612482	
26321	4	19	629.567025075465	
11111	6	6	259.366112360436	
27655	7	15	510.389265804733	
18375	4	26	869.899708847469	
20110	4	8	298.39500541724	
22904	7	9	331.855823216893	
25927	7	32	1052.02739663982	
25739	5	8	311.649691793904	
25660	4	44	1400.82959489936	
14827	10	2	123.803149966431	
26062	9	20	678.843301068453	
20874	3	6	239.566198810733	
27152	1	11	390.675283256301	
19347	1	15	515.177189724137	
15687	3	33	1062.86275615118	
10015	6	17	571.963649323193	
19056	10	11	396.899491770612	
11558	5	50	1593.03951203499	
10547	5	35	1121.39870271152	
25143	9	33	1072.11202410614	
19536	2	36	1146.59186859922	
26262	8	39	1254.28897442962	
22793	5	28	927.918518803976	
18208	5	29	942.957854486517	
20188	8	21	700.710109724063	
14810	6	42	1343.59601124357	
28693	1	7	283.370991592934	
25894	3	35	1142.89163594269	
24618	4	48	1513.85675102186	
26999	7	14	481.645669267348	
13642	9	46	1461.69985172418	
22936	10	19	657.563759059442	
29703	5	16	555.308662017485	
24871	9	7	269.178653074977	
17238	9	28	911.45489440833	
28029	5	13	466.265913986725	
10500	7	31	998.095466400541	
8019	6	33	1066.43410669008	
22705	7	49	1548.50695328252	
24433	5	26	865.453596778891	
14906	3	26	849.094995096836	
28126	8	46	1449.34276208717	
14180	9	25	813.044519244248	
13940	10	2	113.986915216775	
9515	1	39	1249.84886667218	
22839	3	36	1172.0532190297	
25044	5	44	1415.27113958042	
15788	1	44	1412.57423135106	
25826	7	13	448.905822508459	
24962	1	15	511.876486182155	
17897	7	18	622.863151162333	
29820	8	6	243.039364741668	
18835	8	49	1548.79773945957	
16984	9	12	442.740314399237	
15320	8	29	944.060324013261	
25017	1	30	975.27805064585	
21424	4	29	931.44759355646	
16053	4	36	1167.43141131822	
29942	9	6	249.189599123406	
16927	4	16	554.798994173668	
13749	7	2	128.484831623959	
27705	1	48	1509.13576069713	
21016	8	11	397.792940772042	
12047	3	31	999.183925632007	
13025	6	6	262.103298242252	
18304	3	1	101.279542009011	
23134	4	40	1284.25753679325	
20526	4	4	201.496630181324	
16063	10	37	1203.72229531581	
11009	4	20	676.596842164452	
17574	8	36	1173.86818292265	
9948	5	28	930.465385080532	
15378	2	2	124.532558752472	
27005	2	9	335.945105932627	
13574	10	8	303.017029009302	
18506	3	41	1297.24910651206	
15334	7	15	521.244455185367	
9139	8	27	893.931603587201	
9363	6	40	1293.10898781433	
14187	8	35	1128.65689069436	
8377	9	48	1528.32487166316	
24321	7	13	470.796760241872	
25936	8	23	773.985813434229	
9725	5	33	1081.98026483971	
27265	7	46	1458.78251810501	
15746	4	41	1298.66048698251	
17057	10	21	708.766019599869	
27056	6	4	192.568347618248	
11103	7	28	925.118329061716	
15688	6	48	1536.17684376248	
9866	8	35	1134.81832043026	
29291	2	45	1430.66405508232	
17568	2	27	897.244507566674	
27375	9	33	1073.70795910885	
16053	4	25	816.968765154932	
24555	6	29	939.959234399702	
12067	1	35	1131.54982131512	
26842	1	44	1413.86059361224	
21576	8	46	1451.88361697452	
24216	2	38	1228.56932466317	
23422	6	47	1487.79568223646	
29409	9	40	1293.77450939909	
19154	6	7	288.851936035255	
23397	2	43	1372.30898034401	
13862	3	29	938.008303259503	
14081	6	40	1292.3977660818	
10569	10	4	198.506805989196	
15209	7	40	1292.85263352695	
15325	9	5	219.723285389935	
28010	10	39	1246.81121750121	
18021	6	15	534.033595460483	
9991	5	2	117.515989969259	
14634	3	46	1474.32242350388	
15118	9	22	720.532708429048	
18845	4	18	626.474122510512	
26045	8	39	1257.68807138209	
10367	10	25	815.149947262905	
17054	3	28	915.812675932335	
8136	4	35	1140.40140752699	
27318	3	16	563.44281125974	
24649	4	31	992.513522409142	
13288	5	36	1171.689189175	
29754	10	27	876.378301119608	
15646	3	40	1267.54545155333	
11238	2	35	1141.77852173419	
28190	6	42	1343.20412784033	
14416	4	2	113.220877513858	
14399	5	19	650.824599643622	
12508	4	35	1118.9763407777	
20350	1	30	963.0577946096	
9868	9	6	245.699285196932	
10047	2	21	707.383861573126	
13555	6	32	1042.04798661268	
16968	1	3	144.539663151158	
18104	3	39	1240.8612084579	
24897	4	8	314.550362264062	
10454	10	6	261.944824206617	
14537	6	31	1001.67683309022	
20215	4	5	223.971961580204	
8098	1	6	246.384752023213	
8986	9	37	1180.15368099332	
9931	9	31	1015.91338607292	
8641	3	50	1572.84506222831	
9132	1	40	1278.30711156051	
18676	3	33	1082.143248302	
16202	8	34	1097.30233046101	
9501	10	49	1556.34163157844	
17641	9	6	256.711799137626	
24819	5	15	527.233836598338	
13117	8	36	1159.28069377285	
9549	7	5	204.809287136797	
16910	6	8	295.737145382789	
18375	4	9	353.459186085248	
11918	9	30	968.440805714783	
20257	7	8	316.055802254032	
14468	2	11	396.106493061458	
9722	5	14	497.396208279485	
16211	8	18	621.306484481928	
26953	1	8	310.530458609821	
10371	7	37	1194.80417541918	
26592	6	39	1259.17688856794	
8490	10	36	1147.68220634557	
27584	2	6	253.87629274925	
12540	3	26	856.665490780336	
13968	2	33	1081.11193230427	
18740	6	45	1426.64973388736	
26076	8	20	675.468003356582	
18021	6	44	1409.78276035273	
19064	5	33	1079.67149997115	
9171	8	11	391.92376024645	
9113	3	33	1075.74324717547	
26045	8	44	1413.47311417268	
11893	3	23	771.840714352131	
13851	8	30	974.01665550378	
10454	10	30	983.289130266425	
18748	6	50	1576.60013633622	
8661	5	37	1198.84412694669	
22336	3	37	1198.0711895591	
13081	9	7	265.402203251329	
20804	9	2	124.476191273181	
25291	10	43	1386.86249626189	
11373	4	46	1456.50907837623	
17544	1	5	203.590763045284	
29319	10	49	1559.69564700485	
18507	6	25	838.248507472802	
17278	6	49	1549.96213981414	
13864	2	12	433.924675487878	
9363	6	3	153.607180897895	
10285	2	45	1428.48386089713	
21579	3	28	924.754715396443	
25290	2	44	1417.15415398458	
10262	3	39	1240.63833972469	
24325	4	23	771.146374480401	
22882	4	19	629.167786161028	
20377	2	17	587.207863455269	
12130	9	2	112.471474647742	
29762	1	26	842.037093323673	
8680	3	24	796.179571447978	
8089	6	7	277.195179256236	
14724	7	39	1255.49351441464	
12177	8	14	501.834327104424	
21538	1	5	226.558871225714	
20450	7	23	777.040299166478	
16709	6	5	215.310076351888	
12515	5	3	163.537446597376	
11079	4	11	391.336172964115	
21399	9	35	1123.89643103066	
15077	8	30	979.442530581468	
29092	8	50	1585.15167544836	
15393	5	9	339.455665917814	
8701	1	24	797.262366114772	
15459	2	27	899.325018720387	
17651	10	12	435.904281230599	
23742	10	7	266.05426733664	
15110	8	44	1407.94167915729	
25683	9	44	1402.66781019171	
11067	6	32	1024.09144330029	
8377	9	8	294.1806457444	
14964	3	1	98.4169833075334	
22220	4	35	1131.14979249013	
8506	5	33	1072.72505839948	
12754	5	18	601.860822458687	
22008	7	50	1581.2988994556	
8871	4	6	234.916784574705	
11864	9	17	574.769606261872	
15669	1	45	1435.10490745078	
14458	2	22	722.326739692281	
8715	3	5	222.672928191103	
17125	10	13	466.808792048511	
10908	3	29	950.817655618683	
29807	1	25	814.563043012546	
15801	6	14	482.664555498708	
21684	7	31	1000.87601030286	
18540	10	18	609.908688836689	
29650	2	38	1222.64186416876	
14544	3	39	1240.30362503617	
9813	1	23	759.468779209754	
13784	3	50	1588.2806866934	
20941	4	46	1476.15820040747	
8286	6	15	526.912334508687	
10123	1	15	506.065708783486	
21880	4	33	1054.48214490641	
24929	10	3	168.455505449537	
26145	9	36	1169.02819497931	
14218	10	5	207.492349281671	
24371	3	18	597.82913526419	
14023	10	27	884.73405849409	
24811	9	17	585.092107143762	
13060	4	25	821.226107003738	
17617	3	24	784.540053263558	
27611	9	21	688.380031347452	
27672	7	19	627.856447579272	
14769	4	23	777.762588140444	
19573	7	22	746.045386766105	
15922	7	7	262.768456015162	
16493	4	47	1499.97350464574	
24888	8	6	245.259971770113	
13872	7	18	622.123514591774	
24106	8	39	1240.54047009002	
18966	1	9	328.432539146595	
16261	9	40	1269.00943327183	
12312	5	30	981.223502839554	
17839	9	17	592.633738532958	
17447	2	21	714.334019829675	
19089	5	35	1124.89262290527	
24259	7	11	394.597810616064	
17432	8	47	1498.44900841752	
13934	2	45	1425.99559239391	
29607	9	19	643.412403167883	
22167	4	6	247.638054121117	
19085	8	22	723.199030981957	
10569	10	32	1035.81075660689	
14776	10	12	418.022445336926	
20126	10	36	1171.50464879885	
15630	10	21	705.084083706645	
12802	6	1	98.2429134930684	
12627	1	15	513.40531700915	
20011	9	14	492.270704476289	
18128	8	1	107.424435293034	
21574	4	50	1576.94047099768	
25227	7	19	630.370848956691	
8093	5	5	217.23463254852	
16092	6	31	1001.44682118737	
23712	7	40	1282.26873878495	
14947	3	9	342.437624271232	
15520	6	7	266.706595433274	
15598	5	41	1304.90196735826	
23777	2	9	334.830623536757	
14202	6	12	427.140232821526	
8280	8	41	1322.66835952302	
9219	5	33	1075.04365326606	
23921	3	5	217.34526461798	
15262	10	12	427.740216603382	
19336	4	38	1227.72566126088	
21013	6	26	857.902901236854	
19487	6	35	1124.84220594393	
16067	5	16	541.848406373453	
14597	3	33	1054.12148561986	
28110	6	2	124.135572074044	
25769	7	44	1412.89453866561	
13799	2	21	699.380126846666	
12431	8	33	1058.73846610018	
12296	5	49	1541.67970397588	
17701	5	19	653.588052882621	
9312	1	3	141.341022281601	
23706	9	39	1252.56927474056	
15065	3	7	289.834002242346	
8019	6	38	1206.2579393416	
9249	1	2	120.961303059459	
27152	1	6	244.525542522094	
27110	6	33	1066.56818763659	
27845	8	42	1352.98926729382	
20314	6	17	594.69907929874	
20387	10	39	1263.59999909233	
12407	5	41	1298.0616901899	
23387	6	35	1131.77480072331	
9609	8	50	1579.77668165219	
20376	7	28	910.364999748005	
17503	10	13	451.896395558443	
11111	6	29	938.186027471994	
28998	10	21	689.6958432578	
19721	3	39	1243.61838488077	
28110	6	33	1078.85535957238	
9279	3	28	920.744043644864	
19021	3	23	772.594400855058	
27495	5	17	585.853766363977	
8643	1	21	688.070540003511	
19889	2	24	790.296784076047	
21046	2	11	393.601747561992	
16431	4	37	1180.24187776271	
15420	2	36	1156.39450711962	
19055	4	33	1059.28383138929	
9335	5	13	448.135132402245	
24326	4	8	294.529896627427	
15170	10	29	957.560344151016	
12264	7	36	1171.63238285651	
12541	6	7	275.554928572641	
9052	1	12	427.858768304744	
15934	7	38	1220.92771650335	
23223	5	21	689.868349530673	
19344	5	50	1576.87259319093	
24620	3	4	178.644028016666	
17637	3	8	293.869320477298	
26957	7	7	262.614690299432	
21703	3	9	336.100171886431	
22839	3	41	1322.05438597223	
8650	7	38	1222.64618531924	
28181	9	23	764.140217511049	
11581	3	48	1529.66397107098	
10350	1	41	1326.12810051354	
16711	8	36	1145.06552429174	
25107	4	38	1231.48340662545	
12544	9	20	682.225090061419	
10166	8	24	785.94954460205	
18122	4	24	803.198695407807	
12648	7	33	1055.7617419659	
20123	8	50	1579.8831065278	
14591	3	21	700.935660331014	
14489	3	47	1480.99365202756	
18028	2	36	1155.48725591762	
14687	10	19	644.498734737047	
10885	6	34	1099.5372181663	
29095	3	27	892.656191779606	
9796	6	16	540.719425296746	
25703	2	21	688.131035402478	
25479	1	1	87.2843562473005	
11291	6	30	984.85413489158	
21746	6	10	380.169182671313	
28444	3	11	386.039654941317	
8473	7	5	206.429307333394	
18313	6	29	936.219872150672	
14349	5	38	1231.91791334744	
14508	2	40	1289.43728324465	
15110	8	43	1362.02804602777	
19491	8	29	961.313434281067	
12180	7	17	591.051815241134	
17247	5	32	1029.74906440347	
15517	1	27	896.240669272952	
25048	5	20	664.643871758433	
29691	8	32	1050.54001488282	
26187	9	30	963.207581044737	
29421	1	48	1523.93032249246	
15293	6	26	860.632813005071	
24022	9	20	667.473647048452	
22891	3	2	115.17635347097	
24889	1	48	1524.91110049417	
12412	9	13	457.058741327868	
20820	4	39	1262.18558780019	
14828	2	34	1091.33120121962	
21001	2	47	1501.79860218512	
15497	7	37	1191.74927632872	
20464	8	37	1174.61926824163	
25026	10	16	546.865116277181	
10646	10	3	145.440460585728	
28991	6	2	125.369614793625	
22005	10	16	557.335375024628	
24213	9	27	885.98783623706	
16206	10	42	1353.14989518055	
21609	6	37	1174.48365489695	
26357	1	9	328.815815639131	
20382	3	12	417.200251080655	
18835	8	28	922.477002647928	
24107	2	13	458.100562569732	
18332	5	44	1403.23466373758	
18793	3	13	469.908228362868	
21388	5	48	1513.1476109443	
14056	9	49	1542.04612338079	
9889	6	28	920.197044033649	
14170	9	45	1424.63611032098	
9836	9	7	292.146880166674	
18371	2	1	106.012677562429	
28837	7	23	763.642437254843	
28501	1	2	116.291788572581	
13906	5	15	510.45363714474	
13859	6	7	272.279674872886	
19746	2	22	720.568412244585	
17038	10	8	318.904405161228	
15600	2	8	305.182544731154	
12945	9	14	505.543071825776	
23826	6	23	763.21993490831	
10189	3	38	1230.22561491943	
25136	2	41	1322.66854709139	
23318	3	27	888.837981451693	
17561	4	14	484.241052756198	
24885	6	18	614.680031004678	
24930	6	43	1361.60060390905	
18537	7	23	765.052797070263	
16822	10	38	1223.99682265892	
11963	10	41	1316.65843123414	
18269	9	14	483.978059256439	
29130	3	41	1305.06397900407	
8706	1	40	1276.59916922292	
11091	3	41	1321.757014376	
23477	6	12	415.828056119302	
26953	1	21	713.339763802169	
18562	3	2	120.73057839681	
28109	4	36	1145.82975992273	
20627	8	33	1057.39814926749	
28385	5	7	277.565418685584	
17545	5	5	202.028742526671	
28456	6	50	1582.86497711337	
18604	10	35	1136.86169729422	
10141	10	45	1437.54947747921	
21837	7	27	879.184321052946	
18831	4	46	1475.78592462269	
8082	8	15	508.106839073872	
17254	10	35	1138.32747966905	
18314	4	2	116.411479132442	
9553	10	46	1473.16078571284	
28293	6	31	1004.80120254904	
8072	9	8	318.430969863399	
16754	8	20	660.805291505905	
16049	3	28	927.606823354776	
19487	6	14	491.263719988644	
11317	9	21	698.590200719698	
28728	1	21	694.531703989269	
21312	9	2	113.639021196235	
9786	1	50	1573.85950981353	
