idEmpleado	idDepartamento	ventas	importe	
19714	1	18	619.231174280509	
23697	5	29	938.660857853787	
9560	9	23	759.145907517125	
13081	9	22	744.963933390083	
19012	3	2	118.681876006854	
25758	9	1	91.913804007654	
12979	6	44	1416.95743157387	
13350	10	18	625.398492955323	
11405	1	24	781.583945370086	
17100	9	26	853.815361845221	
28456	6	9	341.302967304971	
14541	4	28	909.50096288207	
10938	9	25	829.355089976152	
28425	6	46	1458.29775438565	
19862	2	29	950.376409175981	
26646	3	47	1488.82183408775	
26118	6	21	707.113855847676	
9430	6	18	602.984172945369	
16577	4	15	533.032501327355	
28189	5	30	987.61907735263	
11451	9	16	563.909044640096	
13964	9	11	411.717106779906	
13702	7	32	1039.56931807081	
15244	4	5	231.978518325825	
23720	5	4	176.69394553485	
13507	3	9	336.78332702107	
14853	5	50	1573.39677652968	
16654	10	1	108.267434066286	
18529	2	23	766.296564324897	
13863	1	15	529.582419046006	
26919	7	31	999.002377856058	
24432	1	7	287.307227722978	
25600	5	29	933.910136173437	
11846	7	26	845.825049935759	
10908	3	4	196.26460524102	
18223	4	12	424.652214173531	
14871	6	36	1158.47536863688	
9157	6	48	1531.11436009925	
26771	2	30	980.700381743117	
29613	9	4	196.409181522396	
12952	6	21	699.873180380032	
22230	6	4	177.063559972245	
20590	7	41	1322.36086985206	
16807	10	27	877.123468479665	
20891	5	30	971.414325615118	
12945	9	27	897.122156367228	
14219	5	31	995.348324531386	
18131	5	9	325.771672355836	
27588	4	50	1591.98428708687	
22700	1	47	1492.90812703451	
28334	5	6	257.573528558749	
18256	1	50	1571.5160922201	
8561	8	1	91.0359628177415	
17921	1	39	1250.7145753739	
23047	3	43	1375.98054618388	
29771	8	7	287.514067500603	
26266	6	47	1499.09153978298	
14313	2	18	607.167389191299	
15736	7	19	648.269987855232	
21678	7	43	1381.89854898578	
20486	8	2	118.517027477975	
20727	8	44	1388.68999750758	
13328	2	46	1459.10192863043	
13585	6	9	332.001526324079	
27997	7	46	1454.81298398916	
18819	5	2	133.995739581993	
19580	2	50	1575.59082670863	
15854	9	50	1583.53004004039	
27091	7	42	1342.03314914463	
19403	1	18	605.72419500245	
25325	4	11	410.346465450873	
23896	2	23	775.99949574843	
15496	9	38	1222.28379120225	
10416	5	12	416.623319804959	
13040	2	10	367.745896972598	
22048	3	13	466.845484667851	
16557	9	21	689.356236927843	
25448	7	6	242.445849591142	
25256	7	26	860.564192710707	
12578	10	27	879.571789167622	
22707	4	29	941.435002489684	
9578	1	42	1327.62510417384	
20093	7	2	116.283146979419	
13246	10	27	873.388437290391	
29908	2	9	352.008890487258	
15517	1	32	1027.48628563596	
17268	10	7	276.271264905236	
20950	8	40	1283.19556079954	
25975	8	33	1069.84450375188	
9871	8	47	1508.75053774042	
21150	1	15	525.560674390551	
25905	10	19	631.307979445582	
9916	4	30	962.844372244014	
9319	4	37	1198.80183275733	
8093	5	3	157.892154044421	
16931	7	28	911.183182872452	
20842	1	8	317.96163134182	
27909	2	33	1070.35934352798	
22138	5	31	1022.3104844905	
18517	5	28	917.418586033126	
10669	10	28	921.531329658596	
14842	6	31	1011.81828449099	
18546	1	17	583.738523211208	
13113	5	33	1066.26009208442	
16904	6	36	1162.56166158363	
15846	4	33	1081.57403281032	
24617	7	12	429.232301017843	
9842	5	40	1274.41264301278	
29612	10	30	962.968678401303	
12540	3	30	989.135061516024	
19957	2	37	1198.15783057276	
28611	2	42	1336.64569019184	
8146	4	42	1346.60319648059	
23666	3	43	1368.69819868761	
8630	8	15	520.4635464961	
27381	2	11	390.891923304131	
27648	7	42	1352.40685052816	
21178	6	20	665.713491340034	
29952	1	50	1579.99263583682	
19906	8	15	507.326698353201	
26400	1	46	1457.72447467676	
14665	9	10	372.395265909096	
28760	7	17	593.68553628851	
28897	8	45	1433.28261140421	
25296	10	3	160.163520611899	
24186	9	43	1379.03848600529	
9133	4	44	1413.15512350442	
25769	7	1	103.48195844492	
17584	4	9	338.731165760537	
25384	8	33	1056.56271410015	
18070	10	5	228.883853326032	
14529	5	38	1218.99689339986	
21240	10	25	820.135365100641	
26406	7	49	1543.14560667758	
14372	2	49	1558.04045950903	
27475	2	48	1529.61671799869	
22774	9	25	823.886580962635	
22396	4	19	650.023054895002	
26158	3	41	1310.82677570676	
22440	10	27	870.434857676939	
26840	4	20	678.253984618119	
19858	2	18	601.858621892453	
21609	6	11	400.226882398234	
17411	2	3	160.70944223586	
28070	9	11	390.592707167656	
12687	1	24	788.914984198713	
8468	4	27	884.70478296499	
25748	7	37	1194.1461735564	
19182	6	23	758.338286261232	
22583	2	43	1367.00023074029	
11664	6	36	1158.77633234429	
27026	10	39	1252.24814000179	
25200	2	34	1090.36670769116	
24562	1	17	594.983786137301	
28673	4	33	1059.69411135637	
12329	6	19	629.1360637495	
19197	8	14	498.132748202483	
10539	1	23	750.455911806997	
29318	10	30	986.096571472518	
10161	7	43	1383.52317557834	
21771	8	40	1268.4189093059	
13025	6	11	405.750342572923	
8516	5	31	1015.68147725225	
29367	10	47	1506.40596430116	
23303	2	26	840.251208189992	
21013	6	50	1579.1609371729	
21657	6	17	596.510325091197	
23645	8	44	1403.45758980301	
13266	6	44	1410.65773917858	
24891	7	17	590.846828497409	
26999	7	36	1167.0053423415	
18272	10	24	782.383795633159	
11068	10	29	954.886715633276	
27643	1	24	789.557778159882	
17080	6	45	1429.07271373508	
9563	4	29	935.865852784303	
12527	10	50	1572.16838351086	
14484	7	15	512.97609405265	
9319	4	35	1122.68990423656	
24023	4	30	971.248536413186	
14622	8	17	574.333703040301	
10789	9	8	299.008949948013	
25641	2	29	945.143672183689	
16224	4	17	571.730935020247	
29332	7	47	1497.78638175586	
15334	7	17	576.635713324247	
28878	7	5	208.630185708697	
26154	10	8	305.151578963339	
16904	6	16	563.451495321212	
29124	2	31	1008.90439575953	
9472	4	34	1111.48396979621	
21684	7	3	153.430669155638	
20046	5	39	1263.92648342248	
18066	10	48	1527.30360012842	
24930	6	37	1202.01594837104	
10002	4	9	352.503642045196	
20757	5	37	1186.17714464021	
14246	1	14	493.820918097077	
8427	9	28	920.458234045868	
8362	8	11	411.431769994754	
13937	10	7	272.404659107516	
10017	5	33	1081.24719316198	
15276	8	43	1383.48843437782	
18911	2	6	247.491457763822	
10947	8	7	279.994888398794	
27448	3	13	456.392536711131	
26507	8	10	377.361424368509	
27374	3	10	380.80892953128	
15320	8	23	765.91107240222	
23742	10	5	203.828258572066	
12067	1	19	656.967680238638	
24023	4	50	1585.15665414983	
25322	3	38	1227.76600757044	
24116	9	1	94.8480350593329	
26262	8	27	889.189472538042	
15380	9	32	1049.40995935789	
21477	6	33	1060.60667038923	
21470	6	15	523.950542231999	
18331	8	1	88.6195825453007	
25565	4	9	343.615494865745	
18062	7	46	1450.5307514642	
15687	3	10	371.358746127858	
18041	3	28	920.006094481799	
25327	5	14	481.753343419057	
22413	10	33	1079.3628587012	
14482	3	34	1093.57467318586	
10238	2	35	1118.45731221068	
19754	5	32	1027.58311550486	
19142	5	37	1187.54182978884	
20590	7	36	1156.56907168989	
26792	1	42	1349.6887081441	
20246	4	36	1158.34746541378	
14167	7	37	1192.51786000678	
19635	5	24	791.258134241802	
27920	1	23	778.84387730567	
27880	6	34	1093.08650987832	
21907	9	15	515.520515570194	
27828	7	23	777.652214419866	
17332	3	10	371.736046621453	
29257	5	35	1121.39384504473	
18890	4	7	279.274288955738	
23041	4	45	1427.82125617742	
9165	4	35	1139.24050656112	
15167	3	12	439.623236749146	
14081	6	12	431.936715520889	
22026	7	35	1126.32731564638	
27448	3	15	525.664661585197	
24279	5	39	1249.07844836315	
13382	3	21	718.114127590374	
19286	4	6	232.605989013149	
29794	4	27	891.896971655962	
11983	4	22	742.226602408209	
18304	3	14	485.201335551777	
21696	1	19	656.842739180123	
14195	9	16	560.90101853055	
19064	5	47	1501.04591297966	
15031	2	6	241.24109868018	
27652	3	30	981.735090958762	
12284	9	23	768.128599062622	
8480	3	24	786.420215212936	
11654	7	29	937.935224500455	
19608	10	29	949.778308863648	
19293	9	24	793.267099742436	
13779	9	38	1209.34200071233	
18402	10	13	454.139550427971	
25603	7	34	1098.62021482485	
8346	4	13	472.63879414305	
23558	5	15	516.507873328639	
14288	9	28	916.004157753663	
17017	10	44	1396.10296265972	
11328	8	18	613.889443787695	
19318	7	10	362.954455969368	
10631	5	6	232.214495610546	
27686	7	17	567.225737500575	
23910	6	3	144.341205910007	
12837	8	1	102.709495286788	
25476	3	25	832.118239566739	
27627	1	16	560.382857732653	
9060	4	2	129.816627898168	
12527	10	49	1553.03554305482	
23123	8	19	647.910011600661	
27863	6	46	1469.37886384753	
22074	9	11	389.468987914486	
28809	1	32	1034.93584077569	
14878	3	9	344.672100033924	
18643	4	20	687.462105735886	
19720	5	23	753.146129862008	
11185	7	18	615.675120826659	
19734	9	8	310.357115711252	
12201	4	27	877.797964326012	
10047	2	29	931.845411198142	
17139	6	35	1133.78542461143	
11746	2	1	89.5236153572442	
28079	5	37	1185.31583140852	
24193	4	7	263.458620544271	
24542	1	28	929.49598009209	
9882	2	21	714.55415643498	
24578	5	48	1529.89850584879	
18365	7	50	1585.48368632117	
16094	7	29	933.316500696035	
27440	9	22	733.688521503326	
12771	7	1	89.156788256558	
26427	1	11	413.074290609487	
15189	3	28	922.011164930654	
18128	8	38	1218.71654522545	
27208	4	18	608.942515686593	
13025	6	17	590.012106797664	
10896	7	48	1517.9755980512	
22599	6	17	592.501533270116	
23937	2	16	538.191523243762	
15651	4	23	748.927673412919	
16018	7	40	1280.85824094753	
23465	8	29	931.918463060594	
22644	1	25	815.093056007797	
10553	5	5	218.510203612275	
16620	5	33	1068.55636065293	
15179	7	19	640.309320949162	
11904	2	43	1358.33125896674	
20453	7	29	944.66990067841	
27872	4	43	1366.67744469209	
13095	7	12	425.474084962846	
13335	7	46	1456.96367331639	
14391	2	7	286.150757617387	
24154	5	2	118.206193427651	
26534	3	16	544.257551461578	
22010	8	33	1080.10401917626	
8102	2	9	353.430840612124	
17632	10	19	646.898664202028	
9635	5	10	383.767116956304	
12734	3	25	814.845225817917	
24433	5	30	988.155338851807	
29539	6	28	902.219733717954	
17112	10	17	574.899171411479	
9249	1	24	796.500127202133	
14355	8	27	899.347021551499	
19323	5	19	638.753223344103	
14120	10	35	1136.30457323804	
23102	1	33	1067.45782298383	
21168	9	44	1416.21929555024	
16458	5	42	1335.72958434733	
15133	4	4	177.449998938222	
12410	9	25	835.170531810806	
20744	6	1	103.173587556544	
9959	8	43	1372.16559246749	
27990	8	5	208.870290913093	
23201	2	39	1250.98717025061	
16511	1	7	281.866961550837	
15450	10	27	874.430559349447	
12597	8	32	1046.80562779624	
12719	7	24	794.902259891342	
16638	10	10	369.186659142928	
25847	6	29	956.222897468239	
8111	9	20	665.228605170375	
13040	2	8	298.806241629089	
12501	4	17	587.842415733189	
23733	9	27	876.724848186935	
14282	10	44	1403.00603063917	
20400	1	10	374.868097181836	
27772	5	13	457.753613469076	
14776	10	5	218.612526049191	
11397	7	9	335.511675074469	
19980	5	49	1543.11344259564	
23144	7	38	1214.2084810949	
14474	10	43	1377.6563074522	
8035	5	36	1150.03618439195	
28725	8	45	1446.70793969497	
28210	4	24	785.959069536049	
28241	6	5	215.418335858462	
23312	9	48	1515.7460344563	
20214	7	37	1179.75698026817	
12272	6	48	1532.25178741489	
26969	2	36	1172.85149796533	
23668	2	49	1542.1119634165	
11303	1	38	1208.94031633108	
15255	10	40	1269.22744575386	
17545	5	37	1190.30355315204	
18051	10	45	1433.79008575985	
12981	4	15	513.985165149898	
24131	10	48	1509.33590251456	
9409	7	27	893.270381210963	
25169	1	27	878.237057625426	
19854	1	33	1079.00028126268	
9374	3	37	1200.09303640579	
13535	8	37	1188.86485706496	
18382	7	15	525.65856667499	
8661	5	2	111.932441383569	
16813	2	8	316.991128547579	
23789	5	10	356.092929782389	
9725	5	7	288.657711468943	
16811	5	1	102.622173364564	
17717	8	25	835.747192704932	
12610	2	26	841.436476056202	
22220	4	21	689.704209514756	
19729	10	40	1277.60676950105	
10367	10	33	1080.21790927286	
24936	4	6	234.336556342587	
28802	5	38	1220.96205071591	
14075	9	9	325.517280104345	
28643	9	8	302.129408075534	
25559	1	10	362.162351218128	
21601	9	16	545.028100714566	
8095	8	3	146.448625692375	
21033	2	29	958.684524893148	
20108	1	46	1467.04864752807	
26587	8	26	862.65047247645	
15743	9	24	796.335161177598	
24208	5	31	1014.11093405174	
19605	10	33	1056.2882888393	
21592	2	19	629.578795875227	
9771	8	31	997.53886258115	
24929	10	32	1042.93476242709	
18562	3	30	969.020865489273	
20039	7	13	465.532194667278	
9719	10	36	1164.48323225811	
17172	7	29	940.375468423765	
17066	10	26	856.511393811792	
25638	6	12	423.02040618985	
12526	3	1	105.343624029934	
9979	7	29	931.997740777208	
14368	5	35	1118.10374300839	
29468	3	38	1209.71681114739	
26163	7	15	509.866139753659	
15670	1	48	1526.76062438952	
23201	2	47	1493.12386109173	
19295	4	12	424.009787563239	
17434	6	23	770.81531135869	
11303	1	16	563.147288450574	
20722	9	9	344.505193915453	
16037	6	5	208.722407058218	
9060	4	35	1114.89088941128	
15116	3	49	1569.34150243613	
18202	1	37	1188.2728056555	
19199	10	7	291.855757074363	
18933	7	38	1227.17355129643	
18853	9	12	428.242280496397	
9301	5	25	811.788431933051	
17539	7	4	200.315756369529	
25290	2	42	1333.04438887771	
21885	7	11	406.214384588513	
18134	10	42	1329.32340549739	
13621	9	21	697.821507331832	
27968	5	26	860.702839708283	
15255	10	42	1326.51413390716	
18707	8	27	891.118848887793	
11265	8	20	659.687410937477	
13148	8	46	1466.72632721566	
18259	2	13	455.904281388924	
9319	4	35	1125.22097725664	
29932	10	12	417.231301077284	
10226	9	8	303.70651546107	
15694	10	44	1411.31615015274	
20517	1	37	1195.61842668598	
24084	4	31	993.519539327137	
15635	3	24	784.025665067148	
18704	10	23	752.445540070741	
28576	2	2	115.161960960907	
25113	9	5	219.688001302857	
13534	9	33	1065.56066380141	
14846	3	35	1123.03885996483	
19816	6	4	171.83516111776	
9911	10	8	313.187872727023	
28766	9	23	749.605740136283	
23600	3	28	927.565881781078	
13749	7	35	1114.68790646395	
29542	8	32	1028.19736014502	
13301	8	46	1454.66195677159	
17932	5	23	757.165108414909	
11283	7	25	838.358643370848	
16384	8	25	816.240951761716	
27132	4	5	208.587036490714	
19471	4	22	736.195637442263	
25049	10	21	689.976017312135	
14966	2	41	1299.12923944142	
29288	8	37	1202.67433527982	
20622	1	14	500.282235676554	
28642	8	12	429.013971439104	
23067	5	24	783.352005846497	
26838	5	21	715.641775501725	
17287	3	28	913.436450154258	
24154	5	16	557.28346034758	
26005	7	11	394.911029969766	
15819	3	32	1037.92631119393	
26756	10	48	1527.27389283817	
20475	5	47	1505.01589159715	
8516	5	41	1303.57473925854	
23592	7	13	453.723075750155	
22531	10	7	274.753266328365	
15980	8	34	1107.83009200722	
13739	9	16	554.728011225689	
18306	9	11	393.08031953549	
11227	3	20	672.100430630194	
8723	4	22	734.755092568116	
16811	5	7	290.005528912882	
12601	7	8	314.379223470753	
9462	5	34	1096.13553277037	
26530	5	49	1548.21576719555	
17653	6	48	1533.13695792721	
27880	6	7	291.826227443212	
28631	2	46	1462.92148874277	
12950	6	24	805.025454165891	
23381	1	24	789.56121880075	
12759	8	38	1217.54563801808	
28059	7	11	388.980025494928	
25628	7	7	288.64426458657	
22424	10	36	1167.51087801881	
9360	7	24	801.340132840602	
21907	9	47	1496.48918724455	
10679	10	44	1390.84520404732	
18917	4	10	363.743429390594	
23228	2	11	403.431568631638	
15146	1	29	931.80995511441	
11552	6	34	1104.04622580113	
9681	6	6	232.124213647155	
15595	7	19	645.755399617253	
25835	3	43	1376.92413114799	
26069	10	27	875.261561533092	
22475	6	25	822.331847298114	
23269	8	32	1022.54999018393	
10914	7	44	1411.11316720541	
27214	3	19	654.474284394865	
15285	6	39	1259.90869044322	
26107	4	39	1249.33501640769	
29138	2	10	363.630632145158	
21245	9	14	503.160632226225	
21690	1	35	1136.48660586052	
22511	6	1	81.4405448741468	
29334	7	14	479.970488399254	
21595	6	33	1064.75001597067	
14337	8	4	186.538802509447	
18726	10	16	552.066468481005	
21662	9	14	495.877013511899	
16642	5	17	571.525778403285	
28230	1	26	852.720286758952	
12876	7	4	188.410995988367	
19438	10	43	1367.72224154683	
22186	3	23	777.36539195169	
13405	1	22	728.946285699004	
19491	8	41	1318.6296282516	
12792	10	12	417.505013578341	
16404	4	17	582.234606417937	
28707	10	16	557.233888505601	
28600	7	14	483.908062281044	
17537	3	25	824.086662616621	
29813	7	5	231.296442594052	
26565	4	33	1061.27036442108	
11291	6	36	1168.05420482906	
16641	7	17	582.630878920961	
25969	10	39	1244.25012929563	
12441	9	16	537.455092322759	
22396	4	8	300.873971237277	
11717	1	24	805.883919897435	
15325	9	17	590.586967743275	
17458	3	14	480.713060237799	
28011	6	27	888.447204347908	
17411	2	36	1145.11676372267	
13754	1	35	1140.22620239306	
27791	2	29	933.915005872918	
23543	10	47	1485.8193932687	
22013	6	23	752.15765872605	
13013	2	36	1166.07033314466	
8016	3	11	401.369644441348	
13992	6	15	511.739171273885	
12713	9	40	1284.30640153787	
20175	2	44	1411.67696090959	
22085	8	47	1507.55455511974	
18327	10	12	440.284176711125	
25073	5	9	331.32593904218	
16619	7	2	123.713217658789	
16413	4	27	878.033158070423	
28053	6	20	679.558739196304	
22326	2	5	226.315275834089	
22635	6	34	1103.70221904651	
19954	7	20	685.044976605589	
26892	8	28	908.878560787476	
29730	8	4	177.240395889264	
19952	2	26	856.000628162176	
10594	7	14	505.248353791073	
8602	6	5	212.334189551107	
25184	2	32	1041.89026780515	
14603	3	49	1568.43240103146	
14631	7	34	1098.80966595319	
24578	5	25	835.720359103624	
12743	6	18	607.29492364791	
13337	1	47	1485.66483127217	
25440	5	42	1346.18254858357	
19415	5	47	1505.29004576862	
8449	8	3	170.812718165486	
26196	4	49	1564.27308241104	
22687	3	19	643.294232265695	
10909	8	8	307.496039153773	
26176	7	45	1443.45038607877	
17495	8	26	843.126892430301	
27731	10	19	646.47196952555	
20622	1	26	851.434680433681	
27535	3	6	260.864961976588	
28984	7	2	125.494717231716	
17286	7	24	799.60166074317	
17537	3	31	1012.40970170703	
14012	7	9	323.741887474312	
17016	9	21	700.986187709955	
9654	6	28	916.728265786883	
18349	8	16	538.917661262172	
25539	10	13	446.216971225206	
14638	7	46	1457.89635312646	
15167	3	3	154.558695403188	
15190	4	41	1302.18170085092	
26427	1	47	1505.54199113769	
13570	6	36	1171.83449945032	
8701	1	24	791.206808458644	
18476	6	10	369.116135560496	
11602	10	21	714.977848601983	
14960	2	24	801.580816321811	
29322	1	15	523.929125463557	
20622	1	24	783.725257694593	
13869	7	3	147.260667191474	
17264	2	36	1165.64928533772	
28755	1	47	1504.44424762597	
13038	1	44	1398.6415702657	
26999	7	3	145.494412326019	
23107	9	1	82.2645093511159	
29334	7	9	349.47145854564	
17493	4	10	367.052856631136	
14344	9	33	1080.41898539309	
15116	3	19	650.53711891665	
20035	2	25	836.108353117531	
8534	7	30	983.188383403788	
13229	4	16	537.230249520964	
10241	8	45	1433.61029617191	
14571	8	22	728.013598810888	
13822	5	2	131.745678657547	
19870	4	2	136.398967419005	
20660	7	34	1092.83865208404	
15186	2	47	1488.59230207679	
10079	9	12	420.904080095191	
9498	3	22	731.704135244574	
22533	9	19	639.892004691014	
11578	5	13	469.503387878418	
10262	3	23	749.398570521455	
23832	7	44	1411.10613586898	
9552	3	2	124.000847732649	
26435	8	50	1599.74805463094	
19492	9	18	598.978218715162	
21954	10	26	853.066273952399	
12526	3	10	354.178096705199	
25296	10	37	1192.51819055179	
26097	4	22	721.869569756961	
25876	10	11	399.197766966744	
22548	10	46	1462.74671183096	
20384	6	24	784.174013242206	
12938	6	21	695.215676638864	
25559	1	5	221.050469605741	
15320	8	31	1000.96009047747	
26480	4	29	946.915289381014	
16469	5	8	321.477378123197	
26534	3	12	431.514729164315	
18423	6	19	629.675409155747	
19300	8	33	1058.49867586908	
20745	6	44	1395.67985230856	
28180	5	21	701.788000008924	
16301	6	23	771.3703119994	
23558	5	26	844.951451329957	
11273	1	3	151.931694965778	
23574	4	15	523.820900639436	
23701	5	22	739.461129801097	
26558	6	8	312.71716814149	
17875	4	38	1222.13919651794	
26416	10	28	912.988514245017	
22529	4	4	183.025045368366	
12177	8	2	132.021122450019	
13531	6	34	1107.36866250046	
12970	10	23	776.145897459307	
26824	8	25	835.04567710452	
11422	7	50	1587.53543439672	
8538	4	1	101.49356459337	
29144	1	1	82.5164547201788	
22019	5	42	1350.49323983048	
14891	7	35	1113.98658267874	
19734	9	24	806.240888687894	
27062	3	33	1058.01892836486	
21854	6	4	194.23878336057	
22583	2	20	663.990616437043	
27846	4	20	674.483537690008	
19562	5	22	729.436282929702	
21122	4	2	112.797922172024	
16800	8	48	1510.69520905181	
28881	8	22	735.438876941539	
9177	9	5	225.923362703027	
17988	9	39	1247.1149239536	
12718	6	50	1589.38935093088	
24620	3	4	182.028726088828	
28280	7	37	1181.39332882194	
29416	5	20	673.823535569861	
29323	2	2	127.610570512531	
26373	1	22	719.735823869582	
29517	10	27	879.049396402691	
14556	2	48	1527.81635966516	
20740	3	3	155.157318075726	
20740	3	4	193.605144151303	
29691	8	2	121.460928563709	
11943	4	50	1570.37899403385	
21964	10	44	1408.88105551194	
27843	5	8	296.172721598378	
29064	8	44	1410.72558938094	
9105	10	40	1276.80535074175	
9081	4	48	1519.06977917956	
13106	4	30	986.004792501221	
29481	5	31	1013.42465608075	
13173	4	28	925.421724787644	
28165	2	8	318.960923403018	
24141	3	20	681.021489333837	
17289	6	35	1115.68882647701	
14281	5	9	332.257787181185	
20179	1	12	417.660923943697	
21637	1	17	587.549216648354	
18208	5	4	187.379695562357	
18256	1	6	250.46791363995	
18700	1	32	1022.49541203608	
11422	7	14	491.022978467412	
28306	10	25	828.765920749291	
11052	10	37	1177.27829119995	
27876	4	33	1076.21583381492	
16400	1	40	1265.87359029142	
23377	5	4	193.635694437491	
23396	8	49	1549.99239636119	
23538	2	48	1525.97533367852	
15033	8	4	182.322361889445	
21888	1	24	787.43510659199	
16887	5	29	947.799610527139	
12413	6	25	822.444168190679	
20106	2	3	154.70009505502	
27113	9	40	1275.33592175475	
20789	2	31	1000.38143852743	
27595	7	23	764.779960124185	
23827	8	34	1087.63993433101	
21328	4	11	385.357727848626	
19028	9	13	447.817894838666	
20669	4	26	863.75794830907	
26102	2	32	1052.63093218796	
14470	8	4	193.728142992467	
24092	7	18	604.690416550585	
23264	9	41	1322.01422086079	
8986	9	27	900.501637915383	
15546	10	31	1008.15400055058	
22287	5	30	988.367861597039	
17127	8	20	666.339899611818	
13104	3	28	929.135541640751	
10475	5	9	336.162611626164	
25602	9	35	1140.06135386418	
28040	5	18	612.356128307225	
24989	7	21	708.581482762742	
18064	1	17	585.320947629083	
10385	9	39	1264.13433960831	
25577	2	30	964.839223402012	
17393	5	16	544.182637363757	
16398	10	17	574.163160218933	
25172	8	5	223.007465220526	
8908	10	4	182.537027160887	
26287	1	46	1460.73319301975	
17660	1	42	1350.83001706322	
16692	1	44	1416.74741729011	
23984	5	7	278.569685909231	
20144	3	3	145.625045553606	
27652	3	4	182.977556596965	
17609	7	6	244.260828347998	
28334	5	31	1005.68556757909	
24242	2	4	195.307387949576	
21729	1	36	1167.477827057	
29364	4	28	930.020989612686	
22427	4	7	282.191488799728	
15369	6	42	1339.56180072369	
14639	9	30	986.709965330879	
15877	9	50	1569.86447984812	
27007	6	10	377.294835474945	
27805	10	8	304.075504198706	
18491	9	46	1455.26407033916	
15646	3	6	255.714195899532	
12955	1	9	337.719589740839	
13490	5	24	805.267832840452	
25705	10	30	963.652496749373	
17054	3	20	676.839792037774	
25564	3	45	1446.15975026328	
13922	1	39	1247.37375272781	
10722	7	12	415.443482219914	
21141	6	4	193.862685427937	
9842	5	36	1169.37914742594	
16976	4	1	91.2015821464367	
13920	5	2	115.542215125422	
26549	8	8	300.597322760428	
8074	7	17	593.476774112078	
8154	2	6	242.3502626281	
20303	3	9	345.280867677778	
24929	10	31	1003.02475528932	
16203	3	41	1301.80091512473	
8838	3	10	376.980725702355	
29388	3	11	406.120730641354	
17680	2	39	1256.38917530719	
10061	3	24	797.524081318418	
15217	9	26	843.893172202582	
21499	2	50	1582.68229401795	
20539	2	16	551.032511662241	
23616	5	43	1361.65771458375	
20034	8	31	1006.14162201348	
11298	2	29	937.869865064449	
12981	4	27	872.794327583534	
14860	2	41	1321.87151743186	
24137	9	18	615.456467780963	
16187	10	30	966.839504133369	
8674	6	22	740.763719203306	
13139	6	21	688.918567024599	
24398	8	11	398.448964319401	
16783	7	47	1485.28787547969	
9915	2	30	977.269194320435	
11401	10	17	577.080696270373	
20500	4	23	753.990225025448	
24350	5	50	1570.58766702683	
24882	4	19	631.195933181418	
25290	2	42	1330.18156333369	
16345	5	50	1589.11487116903	
18365	7	20	674.881680922062	
13266	6	31	994.483985432649	
12667	2	3	159.765172824154	
9908	8	29	946.880504296571	
29678	3	12	416.544215500608	
16744	4	2	119.841226171628	
24136	4	33	1074.28093304591	
23252	2	50	1583.68521004156	
23825	7	9	348.063564723387	
29932	10	1	80.31410977259	
18800	9	47	1497.95477355735	
28575	9	7	278.874895031971	
13620	2	33	1058.19011458111	
28289	8	34	1093.82641753826	
27594	9	25	822.585538822499	
16568	9	14	492.619985087132	
9430	6	28	915.182077454022	
25969	10	15	520.018128249803	
21499	2	11	389.503887663364	
17595	3	35	1142.64915463638	
22374	5	13	471.991167996075	
28744	5	19	633.922679644973	
9637	4	22	724.362078013067	
25128	9	30	974.778495922116	
27092	8	38	1211.67875573583	
19120	7	7	275.027809792677	
24023	4	10	357.062387148413	
10416	5	30	968.011673357343	
15708	9	15	505.944059018951	
25289	10	19	627.810690099285	
24741	6	11	406.393058675524	
17387	8	43	1374.92479745994	
11217	5	48	1526.20761197349	
18890	4	24	808.409210149389	
8760	2	6	249.01149128052	
23494	1	20	668.198308585304	
9898	5	13	471.267338838087	
24944	10	14	494.77721028718	
9778	2	20	669.59740651287	
8959	7	27	898.02863889282	
29243	6	44	1398.51339453762	
22714	1	42	1338.18630739031	
18970	4	9	347.392903057576	
8145	7	30	966.52539436078	
8504	2	26	842.808945645955	
13859	6	14	490.043671992628	
14184	2	29	940.258849738286	
8485	3	13	471.46145794143	
24261	1	6	234.683655497936	
15874	8	3	164.460711183241	
27560	1	45	1438.80814757143	
15546	10	35	1130.56953877703	
25955	5	8	321.692045518054	
18482	2	7	267.532408697313	
11277	7	37	1197.12370317295	
20326	6	2	120.959001277089	
21648	8	9	350.121907419582	
12772	10	24	784.986676902038	
26176	7	42	1335.20174856074	
15858	7	5	221.516405707931	
9052	1	43	1362.77883902322	
28863	9	4	186.26925968857	
25788	10	36	1157.7411510226	
22883	5	41	1320.2528746241	
14212	3	40	1273.92105109707	
25846	5	5	203.029976097415	
18273	3	9	352.667283058477	
21198	4	9	329.780904431725	
23491	10	28	924.814926257736	
13019	6	6	234.387230237195	
16242	6	1	101.352646249045	
10594	7	14	500.404867166842	
19720	5	46	1450.42072173693	
17239	5	34	1091.47524877054	
8278	5	42	1344.13576009876	
14109	8	22	733.804860605767	
11094	10	10	366.529776587398	
10778	1	43	1357.83668365229	
27164	6	5	211.969550276161	
21311	5	24	801.635083743201	
24921	1	29	934.768960054391	
29410	6	47	1485.60092920698	
24481	3	25	813.328017859407	
27764	10	12	421.48334783571	
29893	7	24	789.002542527859	
26549	8	27	875.823519898496	
27242	8	35	1133.23275194188	
20745	6	42	1338.67520327618	
24566	7	38	1211.28550697644	
25529	6	5	208.052490003431	
26706	3	11	398.076401165722	
14969	9	40	1286.28066193605	
29361	4	23	759.575461726438	
9195	8	15	528.081000804939	
10987	10	35	1135.24979986961	
29431	10	40	1292.24413484905	
21317	1	6	260.445156367703	
20524	8	18	627.140028433474	
15494	4	40	1292.60434326371	
15942	4	22	719.77896954854	
13650	9	5	217.376388934151	
19363	2	21	690.477945306561	
21212	8	36	1146.64653168369	
9691	2	1	80.2964252607415	
16959	3	3	143.108064934196	
29092	8	31	1018.40328040458	
18239	1	40	1280.1488170401	
12055	5	25	830.21679674751	
17398	9	15	523.396648598554	
13558	6	16	543.318842567186	
24547	10	42	1354.42922468969	
10108	9	17	592.285223767294	
29832	8	19	653.017126625877	
15179	7	18	613.566664817541	
16407	3	27	886.747445653541	
23228	2	46	1477.17790981623	
14203	2	30	972.941241829163	
19070	8	25	816.257803186894	
18596	9	18	611.250332096243	
26112	7	14	478.097531198569	
16012	10	20	669.797224155533	
24321	7	18	613.992079782296	
13288	5	22	718.49539745529	
28120	1	24	796.762436254305	
19635	5	45	1436.31082907147	
28100	8	12	415.071984312996	
27523	4	42	1340.8294054404	
10629	8	31	1002.33972093199	
10079	9	49	1556.22544890094	
19816	6	2	131.891625249708	
23540	1	16	553.359704238065	
14972	6	42	1339.38974815392	
13229	4	3	145.232340388574	
24994	8	34	1092.19058072762	
26538	5	20	664.258694809051	
25703	2	9	324.29101474783	
19832	5	12	418.954397523289	
13329	7	25	813.031592598665	
14454	8	10	358.375282901514	
19996	9	43	1370.59926212328	
27657	7	37	1195.6747028584	
21216	4	10	383.015955194373	
19784	4	27	895.278554677627	
20950	8	22	747.966664409249	
13764	10	13	453.62326531374	
15688	6	44	1405.79117739843	
18497	3	21	713.263535310171	
24945	6	5	226.008796908897	
28627	2	39	1241.3335551514	
12312	5	39	1258.07189005337	
8385	6	11	399.302893019888	
20516	10	32	1044.18735318081	
23574	4	1	95.8896963372313	
22831	2	27	894.506812065144	
25853	7	2	129.981745393007	
22907	2	37	1203.38430915185	
26286	6	50	1571.98254785127	
26750	7	12	429.884095429389	
18840	7	6	243.985596189269	
14056	9	42	1328.0360806212	
8132	4	40	1277.57387496418	
18537	7	10	357.809096108102	
11070	7	27	873.991347846571	
12864	8	13	471.505023348846	
8096	3	50	1589.95913832912	
24985	9	1	95.0394765357671	
21507	7	15	527.05288337872	
20506	6	36	1160.82654589826	
9876	1	49	1549.30797000849	
11189	7	19	642.456430905711	
13138	10	35	1138.22351229294	
28334	5	6	239.909649230498	
12343	1	16	537.88252028538	
11563	5	26	840.651069972967	
26658	8	27	882.422828340169	
8443	7	10	366.78126896116	
27247	7	41	1318.71352510467	
29140	2	50	1570.52873304604	
23901	9	12	423.139170940565	
28033	4	2	110.519651673045	
27899	6	41	1301.80844900283	
15070	8	37	1194.82060853151	
11727	5	43	1361.0061657806	
24490	2	10	378.153558847566	
29320	10	42	1332.58873222982	
28023	1	34	1109.17235105726	
8532	4	41	1323.50005181669	
12754	5	26	850.725528323429	
23901	9	32	1042.20883533461	
11659	1	33	1060.8743856572	
16874	1	9	352.308466896558	
27997	7	50	1589.0703020939	
14064	4	19	649.045996409397	
12380	6	19	630.339202280314	
25165	1	4	173.025387159095	
29392	7	28	917.865606750299	
17572	6	34	1109.0246073478	
26226	7	14	503.773531328781	
9822	5	23	758.007526080128	
29081	8	12	438.583788777973	
19910	1	29	958.738294019708	
16895	8	36	1152.43698941192	
20952	10	7	276.700826900406	
28924	8	20	678.877124245687	
25217	8	4	199.848377760429	
20309	7	6	239.39324378939	
24840	6	17	586.304832895428	
13260	2	26	855.238626364264	
11933	9	1	92.083983724976	
16455	2	43	1363.20047643185	
10065	5	47	1484.67078404719	
12718	6	1	81.453814805231	
19887	5	1	86.7449244888243	
16038	2	5	213.465944516224	
22861	2	1	106.227631618375	
26429	8	3	162.753266432673	
13480	9	18	596.802930327506	
21533	4	17	575.837788999005	
18859	6	22	738.916291119026	
12626	9	16	560.786787271866	
11563	5	10	371.539424719074	
9204	8	40	1276.32735505529	
24707	7	4	198.617710563642	
29361	4	17	568.433584351294	
20723	4	10	370.147964009153	
12515	5	36	1149.15321019904	
24090	3	37	1190.8636528211	
11745	5	47	1507.54331800507	
25326	7	22	747.625682813872	
20820	4	49	1564.55722158987	
11247	9	26	857.756661613358	
20982	7	27	894.939993775887	
21186	10	27	892.521206965913	
23720	5	50	1584.55538216259	
20506	6	23	751.781357653337	
22421	5	5	229.37145959091	
27587	4	31	998.119781631101	
19893	9	23	762.129041534909	
19147	5	6	258.305181087137	
17344	1	36	1173.19548844043	
14890	3	18	602.867518161827	
9822	5	16	548.261425452429	
14660	9	25	838.641544598453	
20214	7	40	1279.00835890277	
13072	5	37	1176.20360161001	
8390	3	9	350.854652091327	
16304	9	50	1582.32537760508	
14195	9	15	515.580051893173	
9768	8	18	604.111570661939	
26374	1	1	90.2721207264215	
22407	9	11	401.062676422793	
28396	7	18	613.186818348796	
14392	2	43	1364.85724020976	
26857	8	7	277.220738808262	
16367	8	3	147.044364058899	
17079	7	40	1282.41093896442	
27168	6	32	1033.81927884827	
23378	4	41	1308.26724254911	
9145	6	11	388.729160236534	
25969	10	19	650.695167561385	
15604	5	19	648.529590968289	
20705	9	20	678.761514890362	
23361	8	4	187.612943550392	
20935	6	2	127.526762135107	
17127	8	17	585.443814818488	
25384	8	20	669.730790271298	
16829	5	24	788.932607839318	
27449	8	1	102.189542326233	
20899	2	33	1061.68458686289	
25387	7	46	1476.85617202747	
20249	9	23	764.633484801573	
24940	4	45	1434.6738887926	
12713	9	11	397.532607911868	
16642	5	36	1165.7208026786	
11451	9	49	1557.91926911004	
21924	5	45	1423.27799926665	
15683	2	15	517.685810456838	
23204	4	15	519.609351660874	
10805	10	31	992.229982741284	
27371	3	1	99.2933119178253	
28984	7	36	1166.82783259397	
19283	7	23	755.283600927928	
24022	9	30	983.431747343127	
20629	3	22	737.353562087451	
9911	10	39	1243.49454516708	
17657	5	9	324.569843264562	
24090	3	35	1130.08275356613	
19165	4	21	695.300468157651	
15107	5	48	1517.51101810369	
15994	4	33	1069.37041868892	
11371	1	24	795.552180742636	
22552	10	40	1289.85253908199	
21720	1	13	453.399881298374	
26740	10	38	1207.61001352575	
12929	1	18	604.66589747214	
14300	4	48	1524.10600327147	
21509	2	12	440.648481902037	
19995	1	24	791.114782463347	
26984	9	23	773.564544084279	
18180	10	17	586.472811338712	
18748	6	36	1161.92204425201	
21603	6	49	1560.13583527884	
27742	2	33	1053.89546503029	
26926	6	22	727.255398634474	
19447	5	28	925.638635924849	
20765	3	16	566.388787630195	
25113	9	8	295.654210436928	
19864	8	7	279.136437531159	
26573	5	8	319.301469698223	
18331	8	9	323.766364792253	
28460	1	26	844.725128507579	
27713	2	17	594.209927187399	
9279	3	11	396.037259807828	
19415	5	10	369.435848318709	
26672	10	34	1083.86733496742	
21865	9	47	1493.24599004036	
20762	6	40	1295.32976754724	
19996	9	32	1050.25938146294	
8584	4	14	484.03221696803	
10892	4	9	340.873971553926	
12648	7	35	1139.64803670517	
16092	6	4	173.632139681667	
14542	4	4	184.678524222541	
9634	2	50	1592.31416817397	
18223	4	23	761.303991284829	
10540	3	33	1074.78094571958	
29465	2	33	1061.27400749422	
22150	1	24	789.922594386117	
13365	2	19	641.054905206456	
19569	8	2	113.813265838573	
23391	7	33	1062.62951736461	
21688	9	42	1326.57102799349	
14047	2	42	1346.0448075766	
22202	10	14	485.757171402572	
18484	6	16	537.371267665816	
16493	4	38	1206.69199731513	
29034	7	41	1301.38813589764	
20262	7	9	336.176348708652	
24619	9	44	1411.7149261626	
9544	3	23	757.105757536882	
9413	3	1	108.915632827634	
23040	8	28	930.946316034974	
28300	3	13	455.998998459428	
28924	8	40	1273.74465331144	
10100	5	8	304.645290181341	
19491	8	7	281.342253555237	
12330	2	30	973.815279274162	
22421	5	3	163.964032979665	
13022	4	5	203.742678558334	
22371	3	21	711.419907431779	
29844	3	8	308.776235724229	
14452	3	30	990.389100439096	
15311	8	11	387.082565495317	
15739	7	15	512.690572530353	
29720	5	32	1046.82477463355	
12713	9	33	1068.28990457034	
8664	5	46	1455.4573110563	
27650	9	33	1061.58129685632	
14402	8	49	1565.95140734965	
28191	5	46	1450.85769020527	
10191	3	34	1105.11478013597	
8209	7	34	1105.73161605081	
15775	9	39	1238.0815323247	
16869	3	7	285.48820385965	
26788	4	26	861.136847427644	
28243	2	35	1118.15410051409	
18727	3	26	848.165119610804	
15658	1	48	1510.28008840526	
13835	9	45	1432.06458065289	
26782	5	46	1477.17533765229	
13308	9	7	271.857854142719	
28509	6	32	1039.15341883858	
19110	6	39	1238.54445530034	
20893	1	42	1326.92645943115	
19729	10	8	311.958338726292	
25821	6	7	288.701720670192	
26538	5	41	1317.63314122224	
28020	4	15	510.933870911102	
10862	9	43	1367.66887799262	
10351	8	16	559.961737729591	
23192	2	4	180.965666445422	
18331	8	30	977.309974514558	
9249	1	20	666.179915827783	
13774	4	48	1529.63499777468	
25693	6	44	1405.03703011434	
23714	6	3	152.240416925512	
16876	10	31	1019.48846249817	
28029	5	28	913.354235046242	
23910	6	32	1038.93239676903	
25016	5	33	1069.08136309547	
16127	7	42	1351.23468625882	
18153	2	8	319.806839041322	
22823	5	10	370.224941359006	
18250	8	49	1560.85723595734	
9754	8	39	1251.99097740091	
19480	3	18	603.184016776823	
25506	5	40	1292.86478371027	
9552	3	6	250.510794599778	
16989	10	14	492.607805883795	
27428	4	24	786.491189667252	
18104	3	32	1033.17713394443	
10716	3	33	1063.53519086891	
19828	3	9	331.899452326772	
21820	9	9	326.567340906042	
23264	9	15	519.56205328906	
8760	2	26	869.622816885646	
23405	8	42	1351.84464513876	
24207	9	20	660.156106064169	
8439	6	7	280.73223380406	
24363	6	25	838.123053963353	
21456	5	42	1350.6567633481	
17017	10	32	1024.5234401452	
15118	9	40	1293.9124188637	
19630	1	34	1085.98966962005	
17729	9	42	1349.89202375984	
21121	10	5	207.804805621414	
9269	10	15	519.551700223029	
12069	6	41	1308.44653455003	
22748	8	14	480.451173745306	
16275	5	24	788.896430502132	
20625	7	4	178.665638015915	
19089	5	48	1534.81088456456	
17988	9	16	551.347691636229	
12628	1	12	442.983217557419	
14205	4	5	205.940651393468	
16777	8	49	1552.0510151014	
23142	9	23	748.928477479577	
11094	10	40	1277.687219343	
12595	7	3	154.935482030239	
17137	9	41	1308.77432194947	
12025	8	17	595.836936959921	
8403	6	36	1147.12234662246	
26126	10	1	98.3260650273068	
19526	3	20	661.177688325372	
26860	3	35	1126.78460378516	
28113	1	21	717.430475576516	
18307	3	22	725.410522187785	
15242	6	12	419.61257492174	
10081	10	34	1090.07294448562	
27298	5	18	615.414213228698	
19507	7	11	400.395771786755	
19601	9	12	439.332356434005	
23288	6	21	712.622001242182	
25828	3	7	280.809342805673	
8926	4	41	1318.42459974737	
15293	6	11	406.711246113624	
22432	5	18	625.894420177627	
25367	4	27	884.235271738952	
11517	1	7	290.965212197493	
24649	4	35	1124.1861717795	
28794	5	3	163.632316553794	
20654	3	50	1584.41824916025	
14281	5	43	1370.05962085447	
21120	9	41	1303.71137538166	
24744	10	20	687.825551651337	
27288	5	34	1098.36624937987	
14786	4	17	592.187499232678	
9003	7	47	1488.91623476935	
20789	2	4	200.626689512574	
24461	7	17	567.511038187664	
16786	1	4	200.694339406069	
11785	7	3	154.157425795755	
26906	4	17	585.22062403393	
21574	4	17	571.95791185459	
25940	4	8	322.286117003433	
16777	8	7	283.534416725642	
23750	7	31	1006.19737511789	
28045	6	21	712.734730538323	
19641	9	49	1559.2050658349	
26124	1	21	712.461548183328	
25367	4	33	1082.39428343363	
14321	6	4	179.939125301288	
21167	6	8	298.373590064409	
9390	4	46	1465.03696051661	
23323	1	13	468.500658715377	
23428	10	42	1339.33328158191	
23434	5	28	902.188883322379	
19569	8	9	350.538348830556	
9172	6	22	724.558617810048	
8994	4	44	1399.22940527984	
14393	2	31	1006.15659492377	
17104	7	46	1464.69320574063	
23870	5	33	1066.72200714551	
13013	2	19	630.749310250743	
21195	3	38	1225.14200539568	
28848	1	18	611.418687799675	
27666	8	43	1377.06272576799	
24883	3	11	394.614689645644	
29077	4	50	1573.35213667404	
26068	2	1	108.418354405285	
18092	6	5	205.242976343838	
27754	2	25	836.494287418432	
11859	2	8	298.985885409166	
9530	1	18	602.561906297953	
16895	8	14	494.719873822629	
20800	6	9	326.238345991	
9564	6	46	1454.11173240007	
20201	6	5	220.664089387592	
14030	5	49	1558.52322580224	
23411	4	35	1114.89018302173	
13203	9	31	1000.51387099573	
20123	8	48	1513.1596896393	
21077	8	28	925.030205904054	
10722	7	37	1178.50366401416	
18861	4	2	121.791888345867	
9964	3	50	1583.69319125251	
22015	10	43	1366.04465909584	
26313	1	47	1505.02266033786	
24393	9	28	915.210716666286	
19996	9	29	948.492270069426	
11106	10	7	276.177366057493	
16283	10	8	321.649150402122	
28215	7	26	844.357616959306	
16398	10	11	401.397284232731	
23555	3	36	1161.35444326389	
19844	7	9	336.001133665443	
27746	3	20	687.435418650245	
21026	7	49	1554.47131378319	
12076	8	29	946.815906458914	
14717	2	41	1310.86742920376	
28963	9	15	506.471690957654	
13919	4	21	691.582685472249	
27705	1	22	739.382593864288	
12980	7	48	1530.78671142961	
29932	10	17	587.21857183949	
27123	3	9	325.899996015197	
25461	3	47	1480.95323989212	
29607	9	40	1295.81168376646	
24497	7	32	1050.31708669398	
28631	2	5	222.262312724377	
29169	1	47	1485.22154918184	
13808	7	23	761.524793934787	
11235	3	11	392.015123028315	
10166	8	38	1209.66843478832	
18712	6	14	478.715534284113	
18310	8	34	1092.99690528447	
19751	4	18	619.662999836571	
20470	2	47	1488.21834313135	
23138	6	17	588.957421904876	
23706	9	39	1241.44881414317	
29288	8	26	845.374028703838	
28994	3	46	1472.04006543012	
9988	7	33	1079.40397297936	
26453	6	21	704.859866604609	
29466	6	45	1432.24098834779	
22313	9	47	1483.59382594172	
14072	6	50	1592.13667045913	
17847	3	47	1497.58860117644	
23922	2	32	1041.20746303406	
8539	9	6	238.718740157186	
15707	9	39	1238.80292734075	
24271	4	47	1499.64041861689	
29884	4	27	873.848182928678	
12561	3	9	327.655796598483	
26729	1	21	688.418492064075	
23863	7	11	388.931185523482	
13259	8	26	853.777095775016	
18444	6	31	994.243494474442	
25199	9	20	671.285092174674	
28059	7	44	1395.89189233067	
11519	3	4	182.739951360384	
24174	5	3	150.232975329381	
28103	5	15	534.705573643886	
17464	5	23	772.948403941909	
16461	5	33	1063.27072088759	
21149	2	35	1114.65257212271	
10638	9	48	1529.63402737381	
15276	8	38	1234.68918217099	
22325	2	48	1522.68174994862	
28640	8	3	148.357537979427	
27828	7	41	1316.33813382887	
10170	10	24	799.217075518899	
9991	5	32	1045.51389187831	
11978	6	41	1305.36709231574	
23381	1	16	545.49340049992	
27041	9	19	634.431625527531	
9843	9	38	1212.17871249289	
14040	7	2	114.522727259678	
27481	5	4	178.545723081821	
15819	3	21	703.624745897774	
22599	6	9	333.763325556071	
27293	10	50	1583.36463871569	
14512	7	9	334.604220732397	
27791	2	27	891.598346536792	
29191	7	17	583.459385383622	
17555	8	50	1585.58113056495	
21158	10	47	1487.67661100611	
14081	6	3	144.359326429832	
16813	2	18	601.249942724244	
8709	2	3	169.784348760631	
17995	6	8	319.219809509451	
23592	7	38	1225.41950536213	
28922	3	27	896.933250956672	
22646	2	24	793.065529574205	
15635	3	35	1138.70886278279	
13433	8	23	775.141053374457	
14826	6	31	1017.33449178624	
16552	9	11	386.455569037448	
28770	1	39	1241.58914571702	
15839	3	11	397.588416225085	
21418	3	49	1553.95979856791	
16634	6	12	437.447488288138	
21029	6	50	1574.90685122782	
25398	6	30	972.849925054633	
27303	10	15	522.380606328314	
25169	1	15	519.585851821856	
22709	4	15	534.126526738576	
12037	10	36	1168.48109061293	
8979	1	43	1382.16239609856	
10201	1	2	133.986866536544	
22302	4	23	776.75247303059	
22273	5	25	819.254368515338	
20750	9	27	895.697771392622	
11127	9	49	1567.6603462769	
10212	6	35	1142.1285667746	
22302	4	4	199.375312644697	
21854	6	44	1415.62875459698	
19571	3	39	1243.10722710709	
17859	3	7	269.489018558287	
22202	10	33	1077.68959032264	
27206	5	38	1226.9759611166	
27704	10	46	1465.27470094397	
18046	6	21	713.439239446744	
26116	9	45	1432.89740118799	
13376	10	45	1429.13772846998	
29060	5	3	170.918628466743	
14138	6	47	1502.28382456223	
27195	6	9	332.448362304107	
10002	4	6	246.658229532958	
22026	7	43	1370.35234712546	
29559	5	38	1217.09713374129	
29624	3	28	905.723143455444	
13706	1	13	472.933581542658	
16619	7	43	1380.95730685674	
15254	4	23	749.664947329864	
27594	9	47	1496.31583726793	
27028	8	1	88.4577874878691	
15467	4	30	961.754295677763	
10897	7	13	449.217740208478	
13970	5	3	143.873533561767	
13718	6	35	1131.45460382637	
21328	4	11	399.195520393176	
21620	2	10	362.19693033127	
23070	8	16	547.2630761877	
19165	4	31	993.031875730041	
23616	5	34	1099.96544099411	
26204	1	11	409.721733969507	
8236	6	28	929.272904679772	
15402	4	39	1250.93696279961	
21569	3	31	1019.33355013809	
8319	4	29	959.512298777472	
18931	2	43	1374.22726467914	
19009	7	4	196.966550479162	
21820	9	6	243.899555394379	
28930	3	23	770.612455108488	
23668	2	3	168.685097623935	
21520	2	41	1324.00824884139	
26731	9	5	222.009450039831	
24805	3	35	1143.71219658466	
27092	8	12	431.461977861571	
25206	7	18	617.302027259628	
28352	2	7	281.678164434469	
25374	6	31	1001.82286107998	
25274	2	1	91.8100489730994	
20034	8	15	516.88973279525	
26864	3	46	1471.02932957515	
8539	9	12	426.32078697268	
29288	8	35	1114.74046453589	
18933	7	27	897.995398947036	
15334	7	39	1245.81272950667	
13272	5	4	190.917525156828	
18855	8	15	533.874458919221	
13302	4	27	873.889486898617	
14965	6	5	205.61548499652	
25765	8	49	1546.23498649627	
12335	9	28	907.780440723421	
16913	1	37	1183.0777706127	
14384	1	6	246.176163259044	
23923	3	15	519.865525457945	
21771	8	11	409.172287475864	
14916	2	43	1361.19689449724	
15073	9	19	653.010919882455	
18909	9	20	681.511399504501	
23238	9	25	827.324679394869	
14023	10	14	490.840048347991	
25414	3	45	1442.86986906215	
8999	7	24	788.756592976282	
22774	9	8	309.034026148279	
12792	10	21	690.344851748247	
20751	7	20	660.979849705929	
9847	2	6	252.307588426539	
24049	8	46	1466.44833744804	
14760	8	45	1418.04209909311	
19772	10	1	97.7557623469065	
14219	5	35	1126.57150630214	
27056	6	28	929.776439391904	
17839	9	31	997.3726593132	
25462	1	9	350.38688135817	
8278	5	1	110.373343392449	
17268	10	35	1122.0025461549	
14262	6	23	753.644654021433	
16698	8	27	894.98126943362	
9252	3	2	111.277505732736	
27876	4	1	85.1242332929393	
24326	4	28	908.41602498126	
18308	9	15	505.637839858252	
13786	2	17	580.337777780526	
16937	10	50	1591.35106548264	
17096	2	8	297.664568898112	
16291	7	46	1462.83201438507	
15734	7	17	585.607327011231	
23010	5	36	1157.83208558235	
24553	8	41	1302.14392458189	
26685	1	25	814.539909108793	
13898	6	20	670.265083364334	
27240	9	49	1564.29110737717	
23779	10	37	1200.16676492997	
27274	1	6	254.498181685106	
21173	8	37	1200.97000062511	
23161	9	20	674.0198637331	
26749	4	23	762.272736598865	
24301	3	4	197.2867608244	
22064	9	14	504.395612787639	
17814	5	8	317.015549241107	
16822	10	33	1073.50514108013	
19615	8	9	324.46918770879	
29183	9	21	715.832359826114	
12753	4	26	856.13372455171	
23237	2	20	679.043978694381	
21569	3	21	696.458547104364	
13544	4	48	1510.40778141022	
13808	7	28	912.690889254534	
11173	10	5	215.802819866595	
12272	6	31	997.86297930305	
10569	10	39	1255.52763345443	
27734	9	16	546.215625063617	
24992	6	18	621.733414149719	
23750	7	20	676.387166211562	
9984	8	48	1518.90865441361	
14143	1	50	1585.20220848974	
10335	8	29	942.532091281625	
27457	5	24	797.40552749364	
28405	4	1	91.3694572501674	
13018	1	25	827.51283736318	
29386	10	3	155.372522694698	
21361	6	21	694.47550284419	
22809	6	6	244.304412866153	
12305	2	20	683.502189984313	
26101	9	32	1027.49067898257	
24433	5	36	1162.28039892497	
25160	5	42	1329.60967446194	
26076	8	25	822.874477628094	
10272	1	23	749.416880733062	
26728	4	32	1036.35347965935	
21948	6	12	439.729809556031	
8261	4	19	636.357893197033	
27648	7	13	470.58565664598	
8506	5	44	1394.26195649163	
28762	10	18	611.619092212813	
20350	1	20	663.94683727247	
29484	10	44	1389.80548003214	
23019	6	41	1324.20405322882	
25169	1	31	992.307086788261	
12069	6	37	1201.20602179375	
16620	5	49	1552.42423297485	
15120	8	40	1272.9164377567	
12835	7	31	1022.02926571575	
26483	3	11	384.280945278835	
8385	6	36	1159.01227565436	
18170	8	5	204.049458300718	
27853	4	32	1022.55769322745	
10722	7	18	603.779598718406	
16951	6	9	335.589527271497	
11550	5	38	1215.76779213537	
10355	9	42	1331.48777245148	
13946	4	49	1564.86720910522	
26192	3	4	185.917303574233	
21335	1	40	1276.88277542446	
16747	7	6	241.643026546409	
18765	3	13	459.029638235937	
29901	4	3	160.164774842637	
21552	2	2	112.330169841801	
17278	6	45	1428.64304556914	
24641	1	35	1116.76357976942	
16061	7	30	966.848872642428	
8491	9	23	767.533303782127	
8134	4	6	243.274008521472	
14215	1	24	779.449340207246	
16261	9	19	638.13316974702	
22634	9	21	699.169740257398	
22486	4	3	155.629968417636	
29243	6	25	827.471457658089	
14721	9	3	144.768073998749	
