idEmpleado	idDepartamento	ventas	importe	
17453	8	45	1441.73317715606	
16602	9	46	1456.99478630768	
22221	9	10	380.901078684675	
26860	3	47	1494.02192356718	
21403	8	20	672.984150849741	
26688	4	46	1471.42775451365	
24870	1	37	1190.86525529198	
26895	9	21	688.654123232073	
11020	4	33	1063.75730012718	
16371	8	8	311.648605312988	
15475	9	6	260.235498817747	
19403	1	9	348.090519359377	
19890	2	43	1369.88560766442	
19339	10	33	1055.05278450207	
13733	3	38	1207.68843267471	
9020	4	46	1455.18296648524	
23932	1	35	1117.56105109936	
27969	1	38	1227.92804823626	
20056	5	48	1512.13704496256	
8910	5	41	1321.8564525069	
14841	8	37	1202.90224783258	
17954	8	17	568.818652298683	
16751	7	48	1516.14705845534	
18633	7	44	1402.29989802572	
14717	2	10	376.109825957618	
29548	9	17	588.30055606938	
29093	10	46	1452.03179669195	
16465	10	21	697.890001636879	
17370	8	29	935.156776409204	
27973	6	30	970.059713949477	
23461	6	24	780.808716817204	
11394	5	32	1035.26391200501	
24525	6	12	443.242483047416	
12781	2	25	827.170369376973	
17453	8	7	266.528886084691	
29187	1	18	600.958343279063	
21754	10	39	1244.15089430481	
8990	3	1	94.3116263366824	
9052	1	42	1346.73653918632	
11185	7	22	745.805031706488	
13534	9	36	1151.99295067787	
13640	3	12	440.444476884065	
29033	5	29	950.564903351741	
24550	10	27	882.337422446505	
18077	1	45	1420.72831167873	
21520	2	30	967.868010144619	
28762	10	28	909.218667535679	
17364	9	15	530.128514082231	
15690	9	25	817.683245622405	
13221	6	36	1168.06579938534	
11920	7	4	201.499115993036	
10943	3	20	685.030364675927	
11479	10	47	1486.20217217421	
22162	9	27	897.640571267177	
19317	1	19	641.00626837509	
24995	4	29	952.914524857381	
15298	7	49	1540.84772785234	
16797	2	17	578.601180658956	
19844	7	37	1197.91209760956	
12457	3	3	164.683594780361	
16900	6	1	99.3959578216988	
14964	3	17	572.975253655098	
17413	3	42	1353.49734682287	
27206	5	4	173.697586177707	
17574	8	35	1130.83988849578	
27891	3	25	824.97158681274	
16501	3	47	1504.84803631196	
8974	5	18	622.715238287447	
11920	7	26	868.523898417374	
16478	9	20	686.730089395647	
20364	7	7	291.032072180431	
18529	2	34	1103.24942476267	
19524	5	47	1481.19150904994	
11599	3	26	846.332013256071	
24555	6	6	249.863501829032	
9754	8	26	842.457770948511	
19975	10	38	1218.25374894694	
23449	4	21	713.809636008837	
20867	6	50	1581.57158634699	
12999	2	31	1008.241815813	
17675	1	40	1279.0818885337	
26664	7	31	1001.90328260972	
12299	2	47	1480.20675601447	
18375	4	43	1367.09097702386	
23679	3	26	848.560597956442	
28967	6	4	175.778352141277	
11978	6	36	1149.06173983079	
26413	3	36	1145.60191178024	
22038	3	7	266.164101001883	
8289	4	28	913.61436122731	
15973	4	20	660.110615426726	
25166	4	22	745.549713645852	
15069	6	14	496.399528727121	
27168	6	39	1262.05294440596	
15973	4	22	726.409073884789	
9296	5	20	659.01769702277	
24271	4	20	686.947130061196	
24885	6	26	856.867317174034	
14776	10	42	1351.49753395072	
15788	1	20	675.756724865994	
14109	8	33	1063.01997383266	
12594	4	10	366.503429248232	
24020	2	39	1261.60461566486	
28460	1	5	210.953156226758	
25014	10	29	957.033727204908	
16822	10	21	698.249691230361	
19645	5	24	803.838855625987	
22352	10	22	719.870158918141	
25483	1	22	727.777069438145	
19021	3	44	1398.54849742658	
14391	2	42	1334.66077591044	
16465	10	28	907.0380918435	
24992	6	18	597.02959431197	
11891	9	7	269.670281796563	
18945	3	14	485.60170624666	
13771	9	21	697.492675211976	
23944	2	21	692.768497640625	
8848	2	50	1586.40636979901	
8057	10	28	925.136988221266	
15772	3	32	1035.06153635451	
22729	6	40	1275.90984698195	
13916	10	12	439.246124531723	
13133	3	12	436.551137285564	
26374	1	49	1554.90953719006	
15649	7	1	106.619473968921	
10561	10	36	1145.48235853458	
29186	4	20	686.849896035553	
18778	1	8	299.13856464398	
24136	4	4	199.922939371282	
25946	9	37	1190.84580480626	
26544	10	6	235.510640887316	
23465	8	12	441.386431772907	
12752	9	30	962.312102058116	
26423	4	30	985.814861480992	
8098	1	49	1545.22184198034	
25113	9	31	992.578459285469	
24609	9	42	1340.29866694487	
28412	9	42	1349.25359978771	
26357	1	14	490.057249818955	
19415	5	5	230.31090672608	
21303	6	30	971.939496515291	
19326	1	15	509.191580912653	
11158	4	14	497.824842342094	
22540	8	13	467.615603575304	
8954	8	37	1178.95358531687	
22672	5	42	1353.07252358323	
11636	5	5	228.520119333882	
12459	8	8	306.729246930559	
26376	9	26	856.4512381593	
21865	9	1	108.916398672814	
16732	9	49	1566.24919938215	
16750	6	21	700.54076026219	
25110	7	48	1531.73032895277	
29364	4	11	396.435997596214	
26712	6	31	999.846877884048	
19953	9	21	703.773849300935	
24528	7	48	1529.95229196267	
14489	3	41	1306.69507847479	
27063	5	4	184.333682257837	
23480	7	44	1411.55136867033	
17666	9	1	91.3997951948083	
23019	6	17	584.700290982006	
8476	2	18	599.94721954686	
19900	7	35	1136.93126463188	
24623	10	39	1243.03785653926	
16269	6	30	973.274344137532	
21729	1	49	1544.72598978538	
13188	10	38	1211.21473283098	
29894	2	9	324.448439816222	
22644	1	34	1093.02324696119	
26409	3	29	957.194008267109	
12864	8	29	943.51489785291	
25339	5	37	1176.34911998005	
26451	8	23	774.826081495185	
21418	3	3	143.122039839217	
13166	4	26	846.718266069292	
10191	3	49	1541.42128218963	
22356	10	49	1568.93553371026	
17778	1	13	455.955951873193	
16090	9	9	353.546950385695	
12504	4	31	996.962239200697	
18890	4	13	460.120649104994	
11276	4	32	1042.68732648468	
26612	6	3	171.006540698468	
12204	2	38	1224.59660542412	
18919	3	35	1134.96988062513	
25384	8	15	509.656102820139	
24695	8	19	645.876104461903	
22348	5	50	1585.96798359694	
16888	3	28	921.447992679406	
24060	7	33	1062.6261673228	
28304	5	2	113.603588470073	
9136	10	39	1244.91991752988	
20252	4	20	678.505881148626	
24412	4	5	218.911111531272	
11598	3	13	467.239205533284	
22512	8	48	1509.24436136579	
19240	8	29	960.89357771021	
9327	7	25	824.577747036041	
12035	3	7	285.679241179339	
18800	9	44	1408.34653379784	
17721	8	18	617.305386502904	
21669	2	50	1582.28080711434	
17657	5	43	1363.42799119811	
29468	3	23	751.722390405704	
29962	4	21	702.734301529235	
12333	1	35	1124.19164028214	
23903	2	25	836.904247457583	
23186	7	9	333.313957756997	
10942	1	6	233.128611814756	
24213	9	23	762.352567111306	
28226	7	49	1561.01675825241	
28068	2	28	930.739126601601	
14954	8	45	1430.78673187214	
11167	10	14	494.589129469632	
28444	3	38	1231.27914608981	
8397	3	35	1142.01296449733	
16037	6	15	508.940678848392	
20179	1	48	1512.33465920777	
9241	6	4	188.067975914137	
24811	9	16	543.618241317392	
23682	4	30	978.849885323481	
24861	7	38	1225.24674923403	
26587	8	31	1003.00044713682	
24084	4	1	110.39707963839	
9957	4	28	923.590419797036	
22931	10	41	1298.59498032303	
13206	7	17	577.843238831425	
19056	10	19	635.914969963913	
18740	6	40	1275.88283430593	
24977	8	29	937.473904703499	
18442	5	20	660.527704479419	
13059	4	25	824.357786674219	
10213	6	6	250.276710693853	
22687	3	16	545.200416587852	
27133	10	13	459.656852697794	
10821	8	14	477.839841990657	
10108	9	40	1279.25933528657	
20471	5	31	1019.28415029276	
23680	3	18	601.86230389488	
26953	1	1	90.7782403429869	
27133	10	40	1272.75185536256	
15294	6	11	392.562146704906	
11035	7	45	1432.83937178219	
28962	3	6	239.0954255681	
17655	4	34	1101.60940907039	
11717	1	24	782.864461868473	
16270	1	44	1414.13318565773	
25360	10	7	263.916751678994	
17921	1	17	587.631965441458	
17352	6	28	925.226241035958	
15369	6	33	1080.3036825174	
27594	9	32	1048.55891850244	
25920	5	21	716.509771121903	
8011	2	42	1342.06099986195	
14976	5	15	509.496648474362	
28339	5	31	992.058637268869	
23933	8	20	659.280359977521	
13040	2	42	1333.03091155972	
13675	9	45	1428.13197060867	
23372	7	31	1004.1393212062	
28293	6	18	626.348401450714	
27713	2	7	280.989277493669	
14079	8	19	657.431123451065	
29868	7	27	895.654707111257	
28188	7	4	181.824862631888	
15137	1	25	816.65897157819	
23552	4	23	760.462415907747	
21372	9	30	965.58631528429	
22700	1	2	114.932276771838	
20778	3	25	833.439304099157	
22921	10	46	1462.75362921076	
22571	7	34	1089.65652855563	
11826	1	30	990.472355312888	
18273	3	4	177.289735571151	
19979	8	27	870.866385954836	
23356	8	20	666.287738618575	
16478	9	44	1392.40737745185	
10133	9	26	843.905021568716	
27878	9	18	608.787670567999	
15295	1	5	220.725957928563	
27845	8	47	1484.4617946653	
13707	9	11	393.92648715243	
15763	1	2	128.283004522455	
29064	8	12	430.656593269974	
16870	8	46	1457.1702221861	
19048	4	38	1211.96878597698	
16951	6	4	187.848015552316	
17203	5	15	508.215710831907	
16939	4	2	115.70376811349	
9662	5	33	1067.59821542893	
24354	1	45	1418.55948201314	
9224	8	49	1546.22842372685	
8455	5	37	1191.1521796841	
29346	6	37	1197.72298268868	
25847	6	33	1064.42983889227	
15865	4	33	1071.76257786889	
23677	7	42	1335.13102325384	
8385	6	18	617.18466467093	
18829	4	2	137.270562936212	
18717	3	10	364.950437492202	
18336	5	1	102.402045960725	
16525	7	15	528.546870373444	
18517	5	5	228.984474907156	
20959	7	42	1354.1926613423	
26875	6	33	1062.4726118252	
9662	5	50	1590.64715396177	
25917	2	2	138.086563189554	
25183	5	18	619.220035550753	
10814	9	16	551.194613907111	
27960	1	45	1443.20890985579	
10494	4	37	1199.65125981702	
10214	2	44	1415.37533840881	
10002	4	24	804.243240991721	
25020	9	40	1287.40601268011	
26806	8	35	1119.6775265409	
24458	7	8	312.421914298284	
24907	1	6	232.706272971214	
8196	7	8	306.774530181091	
8718	1	32	1038.48448492516	
21212	8	17	569.856076654911	
8838	3	21	708.810956025874	
19811	2	9	332.246705075841	
17030	4	28	929.8825471708	
14180	9	19	647.334061342913	
14075	9	31	1014.87982208602	
21596	2	48	1516.5252054839	
18788	8	47	1498.50434887153	
19231	7	44	1392.74937262421	
11659	1	21	712.859896678878	
19471	4	44	1399.10380808595	
29509	8	28	931.156715364734	
23025	10	26	855.222712780918	
16267	2	24	786.634458632504	
14539	4	9	323.837233075796	
15667	5	4	198.323911967838	
18536	5	32	1035.91492429185	
29022	5	6	244.942012245274	
21820	9	10	374.090343180155	
14118	3	30	968.183981444772	
15050	6	46	1466.52306822432	
28707	10	36	1153.88222278742	
13620	2	36	1168.62798000156	
29884	4	49	1557.0210969248	
10188	1	7	272.494858257703	
16082	7	46	1467.9469556119	
22571	7	1	83.1841436043308	
13683	4	25	821.985182735131	
27398	6	47	1503.74616700399	
23393	9	3	158.045456147774	
16072	1	25	832.007924593989	
19035	6	28	919.056304897674	
10822	3	34	1108.35649307275	
14696	2	37	1178.70017974577	
20517	1	36	1167.4144862813	
23174	1	39	1256.13948146633	
24995	4	43	1370.15534088488	
8970	3	37	1198.66432320264	
17727	6	37	1181.65041356424	
25464	2	12	419.31283925628	
8573	1	36	1145.9474063413	
19323	5	4	172.142805090241	
21777	3	9	345.337190565344	
14947	3	47	1506.36013887187	
27171	2	23	752.090805821163	
25348	8	17	592.052194491053	
16620	5	12	424.428547036102	
29409	9	21	708.740879776301	
23288	6	16	560.406007915924	
29950	6	36	1169.08210071227	
21564	9	3	163.76260224905	
17391	2	3	147.47990205301	
11576	3	46	1458.61592979106	
26107	4	29	938.590548736318	
13680	8	36	1171.96141670084	
24752	1	31	1015.97385386749	
11646	5	35	1140.18297602431	
21784	7	10	375.225608151045	
16621	5	22	737.387688913097	
15922	7	24	779.387105731008	
18202	1	31	1011.69567848169	
8470	2	23	774.540022748774	
9018	5	50	1594.75818186754	
27250	9	41	1314.70391647644	
22381	1	47	1480.85197208489	
15734	7	16	560.047503188275	
16736	5	45	1422.80022229198	
20035	2	40	1276.52253303515	
28400	4	38	1219.2199723512	
27686	7	20	667.697751609468	
22882	4	12	428.168571082954	
21507	7	45	1437.25060108921	
18942	9	20	663.291598681031	
8909	2	49	1554.77750392388	
21632	6	45	1422.23657510348	
13100	6	43	1374.38026313408	
23468	6	27	888.545032222078	
26431	10	39	1262.26784112969	
23903	2	27	884.930291103632	
28126	8	40	1280.44266376665	
12743	6	35	1123.5184085758	
9426	7	30	974.443263828029	
13104	3	9	341.579174819206	
25200	2	12	414.664066291723	
10457	5	50	1594.28285389872	
22913	10	23	764.528022540979	
22399	10	33	1060.44037510661	
23573	4	6	249.765944336432	
24828	3	1	86.7387630449323	
11224	6	5	231.440632413812	
25362	10	4	195.956505442018	
12917	5	33	1074.92973273384	
17595	3	16	541.276634289546	
18530	1	14	482.263307833235	
8524	1	31	1007.61716077459	
23779	10	13	451.407383592523	
13270	1	4	177.384623222698	
13188	10	19	630.633274088909	
28304	5	1	105.508166786986	
28363	8	7	272.043302632888	
24547	10	23	769.251972199069	
11859	2	22	747.906014000953	
29769	7	34	1089.5209074251	
9772	4	47	1492.70825630646	
18357	5	25	820.913529629313	
17903	5	9	326.512001159839	
8962	10	34	1084.18830337198	
14138	6	47	1503.83842586718	
13636	4	35	1116.35397363284	
12630	7	44	1397.58115356675	
17534	4	5	207.428821645411	
19212	3	46	1477.91513489462	
18269	9	34	1090.29531704741	
22967	9	33	1056.94502514645	
16627	9	39	1255.86869715521	
25948	6	2	117.252414653661	
20845	8	15	512.960847929568	
21520	2	39	1260.09411557582	
20233	3	41	1320.42106257771	
18763	4	24	796.32394954391	
28793	10	34	1099.60712808166	
18283	2	39	1253.03427795555	
11746	2	40	1269.78376999022	
17201	3	33	1067.77933993739	
26097	4	16	551.74124616745	
17306	3	29	953.238838349115	
14844	5	30	975.973966799664	
8680	3	6	261.028290847795	
17057	10	18	627.160343149286	
13487	7	32	1050.82919151095	
24992	6	40	1276.99563991139	
19043	7	9	337.911758133169	
16045	1	39	1236.7596743427	
18476	6	21	692.886988470744	
11575	9	17	591.190691567581	
13368	1	13	455.612394574849	
9435	7	47	1484.92235640293	
13647	3	13	448.87091851275	
23003	2	37	1193.75053666241	
16927	4	42	1347.77085273888	
11783	1	40	1280.339719169	
22162	9	36	1156.60194923943	
25563	7	22	733.411970703589	
26711	10	7	289.157609478178	
21589	2	1	104.011810768401	
13916	10	8	318.041370547396	
13117	8	50	1584.63441568643	
27145	8	34	1084.3316091431	
9495	2	25	826.394610678029	
12976	7	30	970.364746120928	
25302	1	48	1538.44653566296	
17495	8	15	517.290507646879	
20123	8	28	910.212211511197	
25197	7	28	909.184217243076	
27724	6	23	772.436174551228	
17239	5	35	1116.21769424352	
24331	7	33	1078.12224401074	
29471	9	1	101.741567487708	
23493	7	31	1020.96701013901	
20082	10	46	1467.6746912802	
28250	6	29	950.538034360175	
10994	2	28	903.160012524184	
8317	5	29	956.678082717898	
25749	10	3	145.524782121892	
11853	5	4	200.585513655369	
8362	8	46	1469.51706351224	
10216	7	8	321.155460551919	
28984	7	14	477.408328576669	
15515	3	16	545.754333578867	
18056	4	27	880.256302580357	
26406	7	6	232.33005825073	
18184	1	3	144.089929416818	
12682	8	3	146.343578913409	
24271	4	50	1572.65020983883	
18178	3	35	1115.98423037491	
18308	9	49	1543.00517884223	
19433	1	18	599.622307251963	
21603	6	33	1060.62616051204	
11068	10	32	1043.76752916899	
21069	7	8	313.699875620054	
15942	4	30	968.604422662689	
19666	10	47	1491.64235765657	
26480	4	32	1034.63368016977	
20161	6	39	1256.79559702836	
21709	3	34	1112.382655848	
26202	10	25	839.705132264507	
12381	9	32	1027.69954662197	
25107	4	11	407.575457099627	
9612	4	48	1520.45081391952	
16138	10	33	1074.97299732406	
21993	3	30	977.490150564113	
9731	4	46	1463.18078891522	
11679	2	32	1027.90390837374	
17881	6	41	1326.07584538221	
18405	1	14	477.23281837871	
21512	7	13	457.179706644816	
28182	2	7	279.923866521532	
14705	1	20	667.887188581697	
8082	8	3	168.572095822809	
20122	10	6	234.494747256159	
14088	6	50	1596.88590999548	
20170	7	37	1187.22608710976	
23469	10	18	618.577275564232	
29043	4	49	1546.13830809767	
8402	8	25	818.034687870198	
14402	8	46	1474.35660624614	
17348	10	13	450.946928733469	
20930	5	29	937.56200167237	
28010	10	44	1393.19998686817	
14055	8	25	829.430995708998	
13337	1	17	596.595386991555	
24049	8	1	97.4960834986978	
8250	3	20	657.974038318719	
18308	9	24	787.267134518953	
8523	1	17	579.07026861751	
12856	5	33	1058.89567670361	
9218	7	46	1468.52633235442	
25368	7	41	1299.88248568954	
23967	10	19	633.142126273896	
12646	9	29	960.880381390862	
16345	5	15	521.817516890269	
9337	4	48	1513.58000345229	
26181	1	16	556.957514657154	
9782	3	33	1070.7813362548	
9866	8	47	1502.76615201624	
28033	4	10	369.149269335507	
25990	3	21	716.186021043074	
13450	2	12	420.267733531197	
16486	10	37	1175.41739146012	
8317	5	22	738.804523730094	
8385	6	42	1343.0813123207	
13137	8	48	1531.73511867027	
14458	2	30	972.054064689229	
11616	5	27	889.27278191283	
20093	7	8	316.813965624577	
18139	3	43	1381.37833555293	
23685	8	29	953.065082092334	
19146	9	34	1088.49537207209	
13937	10	15	518.760909158159	
18534	9	39	1238.02604960186	
9536	9	13	468.758203531037	
29033	5	3	170.137544949603	
14707	9	18	614.375470231462	
15624	6	23	771.019818210518	
16435	2	16	558.377610332508	
15019	2	29	959.994067065415	
11391	5	27	885.206750596504	
14870	8	8	320.636773854791	
11715	4	25	827.005576764702	
28481	10	31	1018.3371416751	
27199	9	17	588.653374290398	
23963	9	17	580.041380831991	
14860	2	2	114.745062307802	
26749	4	24	807.691714431947	
14807	1	41	1312.67723036589	
14676	10	3	163.305906543185	
29500	7	21	710.268572452603	
13086	5	36	1147.79593930943	
29000	10	2	123.372156081429	
19879	7	15	528.885418534691	
20622	1	25	838.170585203064	
25945	7	2	110.679195202272	
10859	10	43	1362.14461021225	
8560	8	22	734.395463138071	
10730	3	34	1086.3496833883	
18082	4	20	664.860268321289	
24110	9	22	725.442018809469	
24580	10	43	1368.70125640589	
27058	3	16	550.453168894375	
24805	3	24	797.691933064578	
11383	10	4	185.830594611275	
22611	7	13	460.030960282325	
12210	6	26	861.121576531381	
11721	1	31	995.116076672038	
27957	2	17	572.122177859825	
22287	5	12	431.679971940666	
11122	3	30	979.20453322083	
9335	5	43	1385.93769644664	
23559	9	17	592.403725922296	
22775	8	18	622.772084950829	
26819	7	34	1083.942518739	
16215	9	14	475.549247188284	
26895	9	37	1193.2621567665	
19760	3	6	237.080249785017	
14313	2	5	230.151149439696	
16911	2	26	843.039931488708	
10117	10	47	1496.99005636246	
17110	8	6	244.362350257282	
20830	5	37	1176.59555154694	
21657	6	6	233.508059081392	
15467	4	23	751.109763100329	
8141	5	44	1405.26914278291	
18996	7	32	1045.12321599066	
22915	2	50	1589.87549062347	
29512	2	14	479.855464398794	
18931	2	12	438.079008328765	
24279	5	11	407.992934737351	
16676	9	47	1479.98000709339	
25529	6	40	1284.67013482222	
20607	4	47	1493.51734201122	
24103	7	8	314.552048255946	
13430	2	35	1116.50549419062	
25564	3	43	1370.18360496042	
25563	7	1	109.313643700124	
16351	5	28	912.506547063825	
21906	4	5	208.622414008073	
18361	4	41	1318.91980430061	
28590	6	22	719.628985635763	
22019	5	8	315.569536572122	
16092	6	29	960.997258425223	
28068	2	24	784.101373322355	
22745	7	28	924.330876005968	
22391	2	19	635.392213387132	
22313	9	34	1100.6000711306	
27738	7	32	1044.94289979569	
12667	2	12	442.62133801478	
12781	2	15	517.417038435776	
18448	4	38	1205.06436042723	
9836	9	17	584.244313698376	
15905	1	9	323.309751899592	
26549	8	23	767.870211958825	
14192	5	16	561.079668552186	
23689	5	7	272.105704858948	
25330	6	11	396.945109812983	
16504	2	2	126.582169964249	
14318	4	10	380.561451828369	
12385	5	31	1014.90774429166	
16555	5	27	871.246085907913	
8811	8	17	595.260612273244	
20523	1	5	214.04316953106	
20150	5	1	103.687037203315	
10759	8	34	1099.22452612744	
17857	7	4	181.267561624417	
16229	9	21	698.886383911076	
28781	7	11	388.220036694882	
13524	10	49	1567.43702454839	
20400	1	21	705.365642227868	
15611	7	36	1163.94851306637	
14465	2	28	924.573702721192	
10985	6	1	101.528735431623	
23573	4	35	1124.1201271881	
13826	5	26	857.361070726701	
24859	3	48	1528.79281368516	
23310	10	8	295.598293121717	
12226	7	32	1049.40668575904	
13794	3	45	1426.77888709436	
21460	2	26	849.876929395775	
28322	2	49	1544.52314486006	
18793	3	18	624.93259082778	
24644	7	2	117.234126384013	
10525	1	48	1520.66196989299	
9534	5	24	802.928574310117	
29502	6	30	975.735693395015	
16902	7	32	1041.36038292263	
23824	6	24	805.647130052395	
11058	4	42	1353.47237970376	
23319	3	28	924.399789331667	
9881	8	33	1053.23849514743	
19900	7	50	1582.73147373587	
20405	7	18	611.945095235456	
18931	2	24	793.714669716412	
29157	8	15	527.673718392697	
18403	2	5	204.368373362519	
11978	6	4	181.526367041062	
24258	9	29	937.310221221908	
27449	8	40	1284.87684719492	
10893	4	25	823.063314381551	
22672	5	48	1536.50582947606	
21670	7	24	792.380034435717	
14096	1	33	1077.5058752473	
19422	1	42	1337.25569578691	
20377	2	29	953.468525369404	
13122	5	10	360.490657706042	
18349	8	16	562.715578266753	
19694	5	24	799.189624711494	
16509	3	48	1510.50914123212	
27553	4	19	632.286854867026	
17302	3	50	1576.50741173723	
22967	9	29	947.538424053946	
14490	5	8	299.803282869888	
26328	3	35	1130.68452243259	
18659	1	33	1070.3845994316	
19500	1	9	326.313495080133	
18077	1	16	558.026485889231	
25529	6	8	293.381199638071	
19628	8	27	900.758462893199	
27853	4	5	203.488832732425	
13928	5	22	739.90717870179	
9673	5	47	1493.23925385868	
16425	6	19	634.747656991122	
20291	9	22	723.037235216721	
12537	4	39	1252.12714708044	
21673	2	37	1181.2170393305	
10778	1	11	392.628607485736	
14383	3	28	907.814065715212	
15682	9	20	676.446408795401	
9609	8	22	732.992697364182	
17367	8	45	1427.2664466441	
25693	6	29	958.288071899809	
29535	4	43	1364.52983856412	
25391	2	20	683.715572712811	
29064	8	28	913.371099919719	
9778	2	25	832.143110424347	
26919	7	36	1147.42671558048	
11225	7	10	379.978430597102	
9014	3	19	647.193444523585	
8666	6	15	522.437916604075	
10689	7	14	493.020115128262	
27365	9	8	322.170758211133	
8250	3	27	895.137988820271	
13260	2	24	801.185524836735	
27110	6	29	947.892377594436	
13633	1	4	185.700071093487	
20671	7	43	1362.92819086599	
27855	2	33	1081.26057280286	
23078	6	41	1323.33007028481	
10444	7	7	281.360223312564	
17127	8	39	1246.34188747329	
16469	5	47	1488.14516740299	
15994	4	2	116.55175832871	
13570	6	36	1161.38801446249	
21828	1	3	163.156135679761	
25948	6	2	123.266575617374	
26886	9	6	237.632377444595	
24279	5	12	434.46864003058	
20115	4	3	165.128548706476	
19105	3	43	1372.25148603891	
11893	3	49	1567.86205022031	
28293	6	39	1254.90151255154	
22883	5	5	202.743215916093	
26357	1	26	857.516443867942	
20049	7	24	805.020408222927	
19615	8	21	698.219339837422	
25270	7	37	1183.00858548982	
19075	1	38	1216.08771015708	
29480	1	8	297.313422512875	
8242	5	8	318.24148900725	
23399	4	23	778.886779499653	
15734	7	6	258.04805529213	
29646	8	39	1246.18775511449	
27825	7	13	458.320546289124	
17876	3	41	1310.46871760416	
16942	4	14	497.736420490656	
12856	5	20	678.101265038411	
9404	10	45	1433.56213215439	
12522	1	43	1375.14485762228	
13638	4	36	1146.42707598695	
23742	10	45	1418.28884846451	
9165	4	28	911.368034682874	
23712	7	37	1184.4839954304	
27855	2	13	475.086185482836	
16881	6	34	1086.65080989089	
19278	1	48	1539.12127924111	
12324	5	28	921.736313571099	
17809	8	7	283.14182410163	
11592	1	18	600.559437033049	
17111	2	26	870.104524302345	
22989	7	20	674.510732979752	
25334	5	24	792.9580755499	
11217	5	8	294.849881890626	
26906	4	27	874.941958484678	
8908	10	16	554.575866383768	
27168	6	25	838.118602576721	
21692	9	4	199.42754229504	
9059	2	2	117.621544952328	
11227	3	50	1596.16511661381	
14489	3	9	329.673037757014	
12055	5	18	602.691485603662	
15619	3	5	226.840480708909	
28011	6	26	863.947150289988	
13107	2	34	1085.08858127756	
27008	6	34	1102.47344381291	
25963	4	33	1068.29383218116	
13923	7	8	321.957412288504	
22421	5	39	1258.23121203959	
9575	5	46	1450.91929685833	
11183	3	39	1265.4197151891	
14400	8	32	1045.16531057896	
29481	5	11	404.070245290208	
24707	7	20	659.323782408295	
16535	5	18	618.701472719527	
17289	6	49	1553.96263757439	
24658	4	22	736.494015537432	
25093	8	3	150.417517121144	
14203	2	42	1327.65703043326	
23310	10	43	1370.86563397705	
22987	9	26	865.899128981819	
28972	2	43	1376.48302626632	
17705	8	30	979.866761388195	
14081	6	21	695.528273124028	
8387	3	32	1027.20889821053	
22531	10	39	1243.7307560275	
26218	8	50	1585.92870394975	
9193	9	49	1563.1981734015	
11764	1	13	451.245796629808	
19124	7	47	1503.74467990536	
8296	9	16	552.350115027442	
8501	3	10	378.308878195616	
27260	8	19	640.479720086083	
19511	9	45	1437.39701554058	
22731	10	35	1125.47181986527	
23826	6	18	623.735590383287	
16478	9	40	1271.4483677556	
23680	3	2	127.420884392886	
22730	6	4	179.395414152832	
24417	1	30	972.612741669925	
22890	7	1	98.3569777097353	
21537	7	41	1297.1638669526	
8828	5	39	1263.50510153151	
18825	3	12	432.222527243301	
20419	10	29	935.139721843945	
26530	5	45	1424.93921372338	
17995	6	9	350.440487689544	
23371	4	5	213.634293141605	
27022	9	40	1276.1484091711	
26280	6	28	920.979320910284	
15714	7	45	1418.08185084634	
27097	5	23	767.701085455576	
17133	3	13	471.770511861784	
27013	7	9	346.755910975279	
16875	8	25	810.265987631989	
11447	9	16	553.19001149069	
23262	7	38	1222.82472421547	
13784	3	35	1131.31220758488	
17127	8	45	1436.73825207946	
23197	4	45	1441.35782525007	
20448	1	35	1116.54473986316	
21570	6	34	1105.09565877965	
28724	1	46	1470.7116156587	
15013	6	42	1354.48653213423	
19876	10	30	978.569181830887	
26969	2	30	967.110836993489	
21690	1	14	484.685590492881	
13430	2	17	566.673229749628	
11352	9	35	1133.85196254302	
8198	7	50	1594.96588233624	
22048	3	10	362.514269818791	
26416	10	21	689.073131144547	
29097	2	50	1571.02210296831	
8504	2	12	435.044288763331	
23378	4	42	1352.50865626731	
22748	8	36	1168.73526202922	
10353	2	4	192.977924734809	
28173	5	19	627.644234144895	
26725	2	43	1360.38855128008	
26118	6	37	1202.26968448715	
14842	6	30	973.290268337955	
14047	2	46	1452.29441080815	
22726	2	10	367.049764230405	
25678	9	35	1130.26647571952	
25783	1	3	165.662829059019	
25274	2	43	1384.64902957187	
26706	3	47	1506.53836633383	
16247	5	10	373.723809110803	
12645	6	21	707.131027908591	
16812	1	19	652.281808374581	
24003	2	31	1000.91086616782	
17656	8	5	220.136160170723	
28577	3	7	290.682632313428	
8096	3	9	338.037588902767	
29243	6	46	1456.06800180677	
17639	5	17	593.261318930081	
25830	6	45	1426.45225129391	
25539	10	48	1509.01856939728	
11118	9	33	1053.65334541241	
15964	9	49	1568.02888485046	
18612	1	31	1020.2536232305	
16763	1	43	1383.76725793992	
18394	7	20	679.782330598581	
29000	10	40	1281.18252683486	
24786	7	19	638.465051091493	
10788	7	24	809.00871970179	
29266	3	24	796.678982487265	
8825	6	2	116.726223098452	
20648	8	17	594.247254707966	
25570	8	39	1241.53072560277	
18344	3	12	440.212086755881	
13578	6	20	675.180490070572	
14120	10	43	1370.9236563048	
19935	2	8	314.46856759231	
27878	9	16	548.067556912111	
15426	1	39	1264.25032905501	
14237	9	25	818.04589454925	
25217	8	12	420.445139939173	
25578	5	40	1268.82370307521	
23859	3	37	1193.92015225902	
13601	10	33	1060.57247065966	
17325	10	4	190.961781382077	
11033	7	46	1459.54220184104	
9324	7	16	561.570154168443	
22160	3	20	674.055016168419	
22781	7	5	222.378109648068	
28763	3	14	478.390498831119	
22831	2	41	1312.98451406555	
17695	6	17	578.976286956564	
9157	6	25	839.247337337233	
14053	2	42	1342.28301073531	
22729	6	7	283.959355337526	
17080	6	36	1173.99088873248	
15743	9	44	1392.35966642963	
23084	3	6	262.016061256647	
20464	8	37	1189.52301039804	
20575	2	26	852.512080209568	
19826	5	20	685.867237395545	
17247	5	17	571.801424628031	
20936	6	29	956.65410935723	
13688	5	20	667.970047084601	
27354	4	46	1469.81214323538	
22906	7	43	1379.47655440284	
22076	2	33	1065.60030230582	
10043	3	7	292.0697216187	
14784	8	11	405.730376097248	
28199	8	13	449.212503865926	
28666	5	50	1576.21406472112	
21283	1	44	1389.97003199066	
27215	10	7	271.817672751759	
10975	8	43	1375.21542438083	
12091	6	34	1086.00711135473	
21933	4	8	320.194866322072	
23832	7	46	1459.73319315339	
17245	9	17	587.456414190799	
26129	9	28	909.291841848424	
11118	9	48	1524.22505609888	
24180	10	4	198.212176430138	
11904	2	20	687.127510666441	
22052	6	14	496.086941443424	
24137	9	11	410.618220870671	
21777	3	34	1083.69446842172	
25902	2	35	1137.74993614189	
23361	8	42	1354.99991737073	
28228	1	47	1499.24771486746	
20665	2	6	236.252731418355	
8937	6	34	1101.18960133809	
14237	9	50	1578.56398987517	
9404	10	2	132.452506335663	
12079	4	29	958.544546514072	
21690	1	14	491.73824884544	
20891	5	5	212.178657153705	
28408	7	46	1448.64371531114	
12585	6	11	392.169593717982	
25057	4	18	605.950105174421	
14215	1	37	1190.76032742428	
15775	9	11	411.485226979239	
27704	10	13	473.941899535219	
24398	8	9	349.500432549743	
21149	2	9	348.324640071171	
29654	2	43	1373.16560578214	
21095	7	14	502.176434110001	
13351	7	48	1523.01448207489	
23380	2	11	387.158614204805	
12792	10	33	1064.0319129564	
25798	4	9	336.275899380574	
24934	8	49	1563.76448901545	
9916	4	41	1314.25769557909	
23441	9	27	884.903252238828	
10184	6	29	952.724219408223	
23447	7	39	1265.29795429916	
22259	7	22	734.29990377943	
16224	4	50	1598.7397267291	
26331	7	3	155.714483184607	
27959	3	18	626.035888486559	
16942	4	37	1184.27557866288	
16904	6	11	412.062207093491	
24826	6	1	104.476637032105	
28930	3	36	1166.35258743835	
16092	6	2	135.816990200345	
22150	1	28	904.540774759157	
16801	9	13	470.648513990756	
19546	10	48	1523.76155838545	
13591	2	15	511.425485476584	
9404	10	43	1380.07942390632	
11717	1	39	1243.03676722713	
25639	9	39	1237.36339604359	
9857	5	48	1528.02527260409	
24957	10	29	933.78308797897	
27728	4	31	996.696086766522	
22685	10	17	577.806614869184	
10553	5	35	1130.28315656366	
17660	1	46	1448.71174388039	
20435	9	12	418.80287059527	
16086	2	22	722.921335661282	
13562	9	47	1508.44178676067	
9165	4	36	1160.67998634683	
13434	9	25	830.591321937084	
16638	10	10	370.968004414331	
8479	7	39	1242.97181548689	
28307	2	7	272.4882424029	
27057	1	43	1386.931905759	
23785	9	23	773.660737636341	
14694	8	24	779.728286927439	
19857	2	40	1293.24659221491	
22481	6	43	1357.43834506601	
12479	5	5	213.4389304246	
8520	9	43	1372.92923212653	
21245	9	43	1366.13370523142	
27371	3	31	1021.67452651154	
13403	3	26	858.698120330786	
15798	6	11	387.008589947135	
10236	3	28	907.589312096866	
26798	1	8	293.683442349398	
15604	5	32	1043.78386531201	
23367	8	30	982.517091791386	
14143	1	17	578.414875724546	
14471	10	34	1091.58899659831	
24576	2	18	607.079190298486	
26717	4	45	1420.99514572928	
12163	10	21	698.912503336981	
26769	1	2	115.739216411365	
27292	6	13	460.47460760012	
27130	9	47	1488.20716547231	
25564	3	13	454.917604539039	
15847	2	5	215.014797735501	
12792	10	27	885.588159899035	
12457	3	39	1259.93685613383	
19967	1	32	1032.79314752333	
28983	3	21	717.594101725889	
12066	10	1	103.595592316052	
21685	7	37	1181.47088515641	
17996	2	42	1333.50863261777	
28788	10	48	1523.38077195146	
14894	3	46	1463.32874779744	
24102	10	35	1117.60886900016	
29720	5	41	1296.98777635442	
21325	2	25	824.033271458015	
22386	5	25	818.178893261672	
8729	1	1	102.641078840308	
23271	3	34	1109.59783680253	
11788	10	46	1464.43416391706	
19104	1	6	241.891567372666	
9962	5	48	1512.10856146743	
25508	8	5	217.997966435737	
9354	6	7	270.79802492205	
10641	5	8	302.693844466793	
22906	7	38	1235.028301531	
16964	3	30	975.019005283257	
8729	1	42	1340.4042438699	
8848	2	31	1010.02691103612	
24225	10	3	149.090989748524	
15013	6	8	303.512131638598	
16900	6	16	549.972858685056	
14263	8	18	624.05931214991	
10350	1	6	236.749025991535	
21678	7	31	1006.45729815888	
11089	1	27	885.453572164035	
13308	9	11	404.8106823884	
11143	5	36	1158.23179447941	
23211	9	16	551.850185166975	
29320	10	16	553.502074290766	
28886	7	12	420.136084603209	
12294	6	22	728.539603505535	
8098	1	31	998.078934195488	
25018	2	40	1277.22723517438	
10570	5	19	653.499957329361	
22512	8	30	984.208540145405	
8707	2	12	430.354694551953	
15751	2	48	1526.17499631186	
14056	9	40	1285.52931543697	
21579	3	42	1354.38160426653	
23047	3	9	353.410103336633	
26778	7	17	584.438111458178	
9695	3	11	391.397308926749	
27640	9	25	834.478339419923	
19236	3	46	1473.8476490387	
10011	3	16	548.36604613269	
28716	3	42	1350.20919903657	
23680	3	7	264.11957961699	
19864	8	48	1512.32095326871	
12032	10	39	1250.55985836804	
27818	9	10	364.917850850577	
19548	9	40	1292.38890365343	
10644	6	41	1307.56719068976	
28853	8	49	1554.50460256753	
23455	9	29	957.95875351781	
9803	9	26	863.535773932718	
27381	2	30	979.321459801552	
14870	8	41	1306.57972180591	
14647	1	4	191.151570841275	
26646	3	14	491.53420419038	
16615	4	14	499.222589069615	
9577	6	39	1259.94709878226	
27627	1	36	1150.79089367333	
23229	9	19	636.09576251176	
26463	3	35	1124.29807931385	
10532	5	34	1113.35196386713	
18362	7	17	594.029627271942	
28472	1	16	540.770731261359	
8068	9	38	1217.29806759269	
24412	4	28	918.485304321388	
18655	6	27	884.673606979043	
25914	6	32	1048.8440089714	
28207	10	2	134.874928432924	
26953	1	39	1255.64530676959	
19018	3	44	1395.68088641189	
22511	6	41	1319.07402018042	
16205	9	6	238.575549758307	
19100	5	44	1389.58097272999	
15615	9	10	362.901376952837	
9713	6	16	538.091252026191	
28572	8	35	1135.24437312747	
28203	10	5	220.69110277141	
25270	7	39	1245.9108412107	
28852	7	28	901.290326798936	
25055	7	7	268.584223440189	
9948	5	22	727.747180949779	
20177	5	31	1020.97241281577	
9437	4	32	1043.57433162796	
23921	3	11	399.268481656568	
18149	8	44	1389.96418339664	
10963	4	1	84.8870803438533	
16400	1	22	723.774972746044	
19403	1	44	1415.02342547058	
10076	7	27	873.995111246591	
28881	8	29	935.159015196915	
24711	1	21	693.463004554372	
8508	5	32	1033.64721778484	
17393	5	42	1355.30154641499	
18497	3	41	1310.18026010607	
10897	7	12	440.495685171567	
13986	7	49	1554.33641886075	
16371	8	27	889.43846777521	
18339	7	19	646.821512024301	
18132	8	20	673.835648947319	
22588	10	13	445.886251388996	
12045	10	28	916.073841879179	
10590	4	39	1237.51397522051	
13827	7	2	131.921883920171	
17896	5	6	238.823716155637	
25211	6	39	1238.88473333739	
26659	8	21	704.96022417441	
17028	10	37	1189.74048707156	
24888	8	32	1023.67834485307	
25389	3	39	1253.06031881508	
29999	10	29	956.289831062914	
14544	3	10	358.531486298205	
8506	5	1	94.0362575715577	
25353	8	9	329.500566874398	
27898	8	13	447.511539071571	
29937	3	14	476.55089836407	
18898	10	4	172.379551051361	
28292	6	36	1150.45529564398	
11032	10	5	221.502249604791	
16455	2	45	1427.33388419605	
12640	3	28	913.598223977535	
26380	5	6	240.898634232999	
13008	1	38	1233.82058350082	
8516	5	26	860.879817186333	
29686	5	11	400.486291572678	
13337	1	24	782.217881857519	
27199	9	10	365.426802395576	
10299	5	14	483.274003343319	
26862	3	3	159.400712623913	
10814	9	48	1522.40569178127	
26518	5	17	583.754833165442	
28803	1	9	325.805905352256	
17881	6	36	1173.86959074711	
16494	8	19	652.075192263385	
19227	2	15	535.40407540994	
14231	4	29	952.51038156101	
18480	9	34	1090.23320572927	
10127	10	30	969.050528895599	
19538	3	27	884.750615472323	
12037	10	23	760.383748319179	
18362	7	23	765.003959222233	
9851	10	14	495.146593272289	
8017	9	41	1300.09662789297	
9878	8	6	241.963106655499	
11590	2	48	1517.70528018368	
19256	5	19	656.62752889871	
21725	8	20	679.426746982814	
16582	4	24	784.146650910446	
21377	2	30	987.790007343418	
8337	4	28	913.629361742004	
27388	9	9	348.116134120205	
9709	7	14	483.881123216767	
13674	3	22	747.936218170419	
27149	2	25	819.487627828255	
12124	6	43	1360.23742496978	
18530	1	7	284.987617155997	
21986	4	40	1282.25325837836	
19935	2	13	456.634158034173	
8281	8	42	1331.43559234749	
24920	3	33	1056.60583429812	
12743	6	29	953.457930941814	
19972	6	8	301.686220831092	
23595	7	34	1110.33977444765	
23547	10	34	1101.2726530718	
15682	9	23	749.305485649642	
24664	4	21	710.483925710658	
27152	1	24	784.661895551096	
13072	5	32	1041.96106530817	
20126	10	44	1394.09649146446	
24525	6	34	1095.00115751056	
13391	4	30	986.317692634798	
23903	2	24	803.329022155762	
29111	2	9	345.704680171658	
27825	7	33	1061.11850128561	
9059	2	22	742.329924973813	
16468	10	14	498.451630705247	
27873	9	16	540.802006340028	
13081	9	33	1071.85747684532	
24313	8	29	943.174537002656	
10657	6	42	1343.85876267397	
8250	3	4	182.791134874705	
25847	6	37	1181.28015148513	
20663	1	34	1095.4839959999	
13661	8	26	845.77135088191	
24103	7	39	1254.28955766106	
9881	8	4	179.873709948675	
15073	9	37	1177.86968718184	
21420	6	12	434.381962918854	
16224	4	27	891.837767293601	
18191	3	9	330.416458253943	
10090	4	40	1270.25712318265	
18942	9	21	713.5990476951	
23950	1	39	1237.61493654811	
19857	2	45	1428.14478117421	
23538	2	44	1406.92581737737	
20722	9	16	543.317738391141	
16726	8	30	984.806818824637	
14148	9	7	278.823974821169	
21583	8	34	1092.65762100586	
12913	5	27	887.22135447302	
26380	5	46	1471.96563334761	
11203	2	39	1237.46568167464	
11340	6	30	990.050159445987	
9424	1	47	1492.78884983286	
29007	3	48	1527.31166910721	
14287	1	36	1144.78711196444	
11670	5	5	218.17644304511	
18601	8	40	1286.81771688481	
24077	9	3	157.157702854442	
17544	1	29	941.785794264537	
11548	9	42	1344.18561081597	
12863	3	7	290.395781533046	
21993	3	34	1113.45962103152	
27295	1	50	1587.57682967353	
22409	7	29	953.814699423413	
28501	1	43	1372.17777945668	
24458	7	24	806.202224831191	
8088	4	9	344.568423565742	
8674	6	45	1446.98309541074	
13487	7	19	649.431775700968	
9994	4	35	1132.61423852882	
10015	6	12	430.279932632241	
26884	5	5	230.123298014572	
26729	1	35	1143.68003321052	
9818	4	45	1424.74403432791	
19926	6	9	352.718644939698	
25572	8	36	1165.71408560766	
12724	5	15	517.559898997452	
27005	2	39	1254.19268390825	
13722	6	7	279.012186582672	
26258	9	35	1113.64481188061	
13769	6	9	341.978031518859	
17609	7	50	1579.19985583946	
18306	9	2	135.953182529636	
10348	10	46	1471.89312932635	
28274	2	16	545.325453200063	
14070	6	7	271.229992039143	
28555	8	37	1202.69514616704	
20142	5	28	918.459681774704	
24060	7	4	189.502445696621	
27224	1	49	1561.69726690356	
23385	5	47	1491.05197029703	
11479	10	10	357.224260064412	
26366	1	49	1550.05197302906	
12916	4	17	586.230847437973	
11130	4	33	1059.8613416496	
14579	10	37	1200.13942666358	
15946	1	39	1250.03810687458	
21209	7	16	554.330081750792	
18283	2	2	114.748037920682	
20161	6	42	1337.11551355995	
11383	10	22	720.238395258895	
20298	5	12	431.840879410431	
18491	9	15	523.225845304889	
23974	2	42	1354.6071159442	
14503	9	35	1121.68570071537	
22687	3	34	1087.34238366007	
12951	2	45	1446.37012623547	
27581	6	3	148.044815504944	
25996	1	39	1254.59302416751	
23828	2	50	1579.07302635679	
9754	8	41	1300.61654404766	
19208	9	2	112.625032976561	
17647	7	46	1478.14551627177	
9312	1	45	1428.14098238393	
11291	6	33	1082.20757929711	
11394	5	8	311.195925693585	
19607	1	33	1057.50643850188	
26728	4	4	195.683700347172	
28569	2	14	488.48924622335	
29916	8	37	1180.94778741754	
21054	1	37	1203.50707866415	
29346	6	32	1026.10874179104	
25260	1	42	1337.48064971412	
11033	7	20	687.734508797403	
27208	4	39	1241.56226823179	
23393	9	3	153.055672567829	
23750	7	7	280.071324985508	
9177	9	19	637.449185772542	
18632	7	13	444.882692678311	
14757	10	23	752.579218276115	
29867	3	48	1515.67597873308	
24749	3	49	1563.22981724666	
29722	8	38	1219.44464598757	
10320	8	16	541.896673022721	
13564	1	13	473.406416621714	
25181	1	48	1510.13715210843	
12668	10	35	1135.97401053457	
25990	3	10	381.346066585437	
20179	1	12	430.20742861098	
13211	8	33	1057.98306953999	
24324	5	12	424.859865803672	
26756	10	35	1134.6503306621	
25994	3	39	1263.8666576072	
25742	3	5	210.429419339834	
9157	6	9	341.080722855907	
9640	4	46	1458.42693732047	
17269	9	14	479.078743792641	
23327	2	5	201.910990645136	
27559	8	34	1104.02326814086	
20201	6	25	828.665415956017	
19628	8	5	222.632988161702	
27413	8	35	1134.35440652741	
28990	10	3	145.840835527443	
13540	2	15	533.800250503142	
25290	2	5	213.608434895802	
21596	2	40	1294.12965346786	
13034	2	21	694.360229696315	
27404	5	45	1435.49133650749	
14032	6	4	193.044847712407	
25555	10	32	1048.63002814754	
13040	2	27	887.271058674562	
12304	4	27	888.920940462929	
12555	6	41	1303.16212282663	
27135	5	17	582.013805891394	
26725	2	3	143.397047623711	
25198	3	42	1337.386726801	
28189	5	14	493.180386988996	
13946	4	31	1016.24884324905	
15351	3	32	1034.73456576221	
18213	2	36	1172.07042718868	
15964	9	23	775.221915159012	
10570	5	23	756.160371916443	
27091	7	43	1365.47627173619	
16378	10	32	1030.50617668336	
29092	8	25	836.087921613868	
22502	2	3	148.856748002049	
13659	1	43	1362.24208418384	
9664	7	38	1207.05123037428	
11917	4	12	426.653785941495	
16754	8	43	1383.13533091132	
18459	4	40	1273.97692877519	
20207	9	3	158.160334340371	
8511	8	35	1133.42591763168	
21551	4	38	1216.21727672229	
13189	6	18	609.946230114413	
26364	5	13	461.321572205667	
8449	8	47	1497.38898171922	
25175	8	23	765.644395484424	
28228	1	11	408.288238126919	
8706	1	24	779.276763153857	
29611	2	27	895.776922412113	
14622	8	41	1300.48267402709	
27775	2	7	268.30121887303	
19067	8	30	981.577400463436	
9435	7	6	250.712010865431	
21174	1	35	1135.93892534074	
15011	2	45	1431.48820783547	
29907	6	23	761.852851715802	
22897	4	3	147.032371716123	
22804	4	18	603.693996054909	
26225	10	32	1045.24655033147	
18526	1	33	1062.82990054359	
9301	5	23	767.176424882923	
22356	10	48	1531.95284095218	
20568	2	2	133.443500797005	
26701	4	33	1066.47261624526	
29829	7	43	1368.87813479122	
9653	4	21	715.334658844087	
11286	1	41	1297.71232888927	
27845	8	3	144.751686893754	
15262	10	48	1531.88756928401	
26584	5	34	1087.30899932203	
9878	8	34	1088.83755056599	
20376	7	11	409.909516801084	
24321	7	43	1374.65309937236	
25783	1	24	809.110724334191	
9319	4	42	1355.49502283125	
22234	5	3	166.944846104339	
19208	9	50	1572.06757577698	
10897	7	40	1282.07547541804	
29829	7	45	1439.99774508178	
17297	9	42	1327.53599150457	
12627	1	20	687.960605122131	
15114	4	9	335.457802608357	
24945	6	10	356.29350477657	
11235	3	33	1074.73924113193	
17761	4	17	567.859153043413	
26134	2	13	463.898871272755	
23317	5	26	859.794165817925	
27901	3	41	1300.14899627313	
10409	9	8	317.368540166583	
14384	1	20	680.389232468041	
13229	4	35	1140.01885865816	
9357	3	45	1422.95978988659	
24792	4	12	417.88878057985	
13269	5	7	291.147028231596	
16018	7	30	990.983909457449	
19838	4	37	1201.4730766795	
23510	5	36	1162.77377592529	
13017	5	35	1143.47361386915	
10200	8	21	692.44343741445	
10672	3	26	862.05432287513	
25621	2	33	1067.93206659515	
19900	7	9	343.536551233165	
12056	1	26	847.389193869843	
26565	4	44	1408.46792309008	
11664	6	7	291.645123461096	
11128	9	46	1458.39170207195	
16213	6	38	1206.92430109108	
9997	8	32	1041.60128653124	
15923	1	43	1380.44390250949	
9582	1	42	1344.54336173113	
9871	8	24	789.785275938821	
23917	8	13	464.956896298079	
21054	1	23	763.696250973128	
12601	7	41	1317.7105588269	
9758	6	13	454.869295421461	
14287	1	15	511.718622274566	
12951	2	39	1255.65933617561	
29823	7	20	658.704259665079	
9145	6	17	578.613463201846	
28044	8	30	984.979263518462	
29910	10	46	1455.54049302616	
25603	7	50	1597.56333261615	
29438	6	45	1427.38314672717	
