idEmpleado	idDepartamento	ventas	importe	
23142	9	7	284.120009413045	
23434	5	35	1141.24327805882	
15107	5	15	517.600909936056	
13991	4	37	1184.34341258572	
14766	10	39	1263.7280622794	
28579	1	23	749.721096097362	
17800	5	21	705.058733664946	
28040	5	47	1489.45078550347	
28171	1	2	135.286575879569	
17807	3	10	363.024362345703	
24658	4	26	868.15349760845	
20756	1	48	1538.29809830445	
25052	10	8	305.725637257903	
14909	1	6	235.46926189003	
13713	4	10	383.98989013582	
17099	7	33	1065.64160839917	
21928	3	19	645.054947140187	
28033	4	46	1463.22107506135	
16565	8	17	579.215512359149	
23385	5	25	817.84392659452	
19103	10	24	805.506289566637	
18572	2	16	542.96882583898	
11978	6	46	1448.44854157811	
26240	6	46	1459.49006137414	
12893	4	20	685.905284046151	
10665	2	12	442.217208166708	
8666	6	34	1110.22249891899	
20323	7	25	826.333839235051	
20257	7	33	1069.10572574898	
9018	5	27	897.040372312553	
13092	10	18	600.611753035622	
15476	1	15	529.528880663928	
11505	6	14	497.451024249872	
28241	6	40	1286.29544444675	
14292	3	42	1345.43266582556	
10942	1	5	222.451329260343	
14176	2	14	483.584670351625	
14802	5	34	1084.9458042369	
21526	3	29	933.074079553166	
17632	10	20	667.264912476421	
23559	9	49	1564.34513060578	
19014	7	16	540.518751917649	
14717	2	8	302.194644353443	
27280	4	30	966.043518486453	
28661	6	27	883.21613423676	
28120	1	17	574.305327131555	
17729	9	18	624.704822667271	
27412	6	21	711.131404634161	
18945	3	25	824.432037558608	
22520	2	44	1395.27928979848	
9912	10	40	1292.37105917762	
22809	6	25	827.082154912447	
13489	3	6	234.131185260662	
21425	3	20	657.779976547593	
25221	9	39	1245.57215715087	
29725	3	42	1341.15118357407	
17633	6	40	1292.79473648071	
19189	7	20	658.110848561912	
26497	1	17	578.438128539565	
8051	4	28	901.510854112688	
9009	9	39	1239.49859717837	
19189	7	47	1478.72489442989	
27576	4	14	500.345059754488	
9564	6	25	838.246203567016	
17455	8	43	1362.41260931008	
27747	2	12	418.624616944522	
9188	2	35	1120.84707405458	
25948	6	18	619.430192811149	
15675	2	14	490.036596064473	
19641	9	6	241.538560875477	
14326	6	20	662.056938047547	
23582	3	36	1160.10914290329	
25532	1	18	610.14699550818	
20588	7	48	1511.95059988273	
27388	9	26	853.498795988736	
22079	5	9	344.987537648989	
16086	2	8	320.774181485537	
29724	8	16	562.405023091661	
24658	4	19	656.273927137383	
23030	5	4	191.599956914596	
13033	2	44	1417.51238549944	
11273	1	14	479.091094284826	
27680	8	1	81.9018016764437	
21478	9	40	1273.8264359505	
9868	9	37	1204.66931313494	
22628	7	43	1373.52959812317	
15373	4	10	375.397695403266	
18726	10	45	1439.67104770228	
25450	4	2	120.723287295887	
9060	4	1	84.2814822514921	
11983	4	15	529.656592779633	
12522	1	45	1425.47382178971	
23901	9	17	586.507675697332	
26977	3	2	111.563225440478	
28337	2	32	1027.76631529805	
20767	5	3	165.620236175889	
28725	8	2	120.173692163161	
20506	6	33	1063.94844078643	
22642	8	37	1203.63090917637	
13191	4	16	544.591517292238	
16945	6	33	1053.45825307698	
9572	4	1	85.274629856122	
25389	3	8	301.094808569688	
15331	5	20	662.893476683131	
28369	3	25	813.222351750928	
23863	7	5	212.261916274327	
13964	9	8	296.935159404266	
12339	3	8	322.180585377934	
16647	10	44	1404.28118055886	
14086	1	30	980.584619501878	
19169	1	34	1100.37700208853	
12916	4	25	810.389713389049	
8984	1	1	81.836921424529	
13215	6	13	466.838171624969	
24208	5	34	1083.99846861325	
17617	3	26	840.407502893548	
9502	6	46	1476.82309275345	
15653	7	25	826.518623803984	
29521	10	38	1233.57689043208	
8065	6	50	1588.88301118691	
27058	3	2	123.226921541256	
25957	10	40	1281.1760263523	
16431	4	17	578.706905515262	
29246	5	14	485.755113812981	
12755	10	41	1311.88196809584	
19391	10	25	836.583116257835	
29866	2	19	653.601467205957	
21303	6	17	578.583770067703	
28154	6	16	564.184284584682	
29029	7	23	767.878559812847	
23937	2	8	304.813845485828	
10764	5	26	856.825740699109	
28555	8	29	958.77411391529	
13922	1	4	191.682409845145	
28247	10	22	738.141703837617	
18605	2	44	1412.23775564331	
24259	7	6	257.996285715139	
21054	1	31	1019.00832499331	
27627	1	16	540.604084199576	
28886	7	33	1072.40739686061	
9889	6	36	1156.59443871891	
25042	2	2	133.217110025332	
24280	1	2	115.389867143421	
8280	8	22	740.138667794009	
26769	1	17	583.904480162964	
25360	10	41	1319.26687939058	
8971	4	45	1423.63690036518	
22651	9	4	199.669504072363	
9340	2	19	627.564756827226	
10641	5	7	267.358812404498	
16166	8	7	288.797143422438	
23493	7	27	893.655068359177	
20237	10	45	1430.37155035435	
13503	6	38	1214.74789798946	
11804	8	14	501.364595750982	
19182	6	43	1372.28222672468	
12423	7	34	1106.56772434086	
29082	4	44	1415.33969475671	
8566	4	29	951.011508587287	
9029	6	50	1576.63923549309	
11376	4	36	1158.66044906837	
16338	4	41	1318.35138933656	
28058	3	43	1357.99630079325	
12552	5	21	716.40262074601	
15040	6	23	755.77077401605	
29267	2	9	323.551261389419	
8707	2	46	1451.61559947376	
21951	7	47	1490.15451157938	
11423	2	42	1328.69646778735	
15745	9	40	1271.76071296994	
17705	8	20	662.41121717841	
8703	2	16	537.814767760138	
27559	8	10	365.914539604408	
24721	8	6	241.169493571468	
27472	7	15	512.288572467998	
13567	7	50	1590.00981151592	
24730	4	39	1245.78615920888	
21317	1	45	1438.56823772125	
13754	1	47	1501.85063365002	
20370	4	50	1592.61508870526	
28203	10	31	1012.94621589265	
17141	2	15	533.931963133594	
15476	1	49	1551.01901324048	
10679	10	10	376.825472180185	
25293	3	16	559.081416390409	
14372	2	31	1011.15877712665	
18307	3	32	1026.45419034476	
9519	10	42	1344.02621592583	
20398	7	40	1290.31781409416	
13211	8	30	965.859477112936	
29125	9	11	385.670031302455	
10906	7	12	442.656590958432	
12668	10	3	147.996816406025	
18317	8	16	563.964848706482	
20125	3	48	1513.74694779224	
18567	2	45	1438.24304938235	
14325	9	10	375.220809232081	
29421	1	31	998.987246397411	
25410	9	50	1584.36789377796	
23243	10	9	340.353218773544	
20540	10	46	1467.65127991682	
26757	5	48	1533.4823887858	
29893	7	13	470.973036285012	
9149	10	29	955.80404385729	
19142	5	38	1204.94759522609	
19926	6	42	1350.9823756623	
28929	4	18	607.740528754769	
8954	8	40	1269.20205678288	
20322	10	24	782.459325521467	
13825	3	15	511.354784235058	
8510	2	5	206.496067515805	
19207	1	40	1267.99948661961	
12325	8	48	1513.48906110669	
22672	5	29	958.396419882028	
10351	8	19	643.693019600442	
10056	3	21	704.728485934776	
22781	7	43	1367.33237609609	
19251	9	33	1061.17082861307	
16469	5	6	237.321204355602	
26808	4	42	1344.6119968894	
28098	9	27	897.097071044658	
15682	9	4	187.589383547934	
16005	5	7	279.836697485222	
26534	3	12	442.836990674416	
25327	5	30	966.090681667482	
22099	10	8	299.754626219978	
27666	8	13	469.817951354113	
9895	5	44	1401.94969089793	
24551	4	9	327.422545779228	
16274	4	20	674.045523085653	
28909	10	40	1294.78900228384	
18138	6	9	326.798912811465	
28668	5	46	1454.20034394329	
29518	6	39	1241.49741487647	
27555	2	5	204.963808788435	
23924	9	33	1079.46382710685	
16392	5	3	142.958926848582	
24434	1	20	675.214969383187	
16766	3	23	771.877876954096	
13845	9	24	808.099040728108	
24091	6	14	483.418248371882	
22014	9	43	1357.25213356188	
29139	8	19	641.566890404358	
8390	3	26	858.963029859105	
26840	4	25	839.36340959713	
8280	8	21	717.670544682849	
29632	4	15	529.167529851742	
22409	7	24	789.600396523997	
29279	10	48	1520.27182910604	
20524	8	27	889.018461857465	
26904	6	3	150.910673286259	
17364	9	28	914.049980619014	
9247	4	26	841.666042041809	
28173	5	8	319.75589688856	
28884	7	32	1043.25614772889	
21523	7	43	1360.06189636889	
14156	9	42	1333.64569130058	
9822	5	1	108.136045610596	
24086	4	50	1589.71336218981	
22705	7	30	985.19296900611	
12045	10	29	961.164424308187	
9859	3	24	805.790837856844	
16224	4	31	1021.77951100365	
22035	2	4	188.413802435814	
29937	3	25	816.565781951214	
12799	10	47	1479.69715470434	
22504	8	44	1413.79914267631	
18250	8	9	351.991646230217	
29010	4	25	833.432611093592	
24940	4	36	1164.22919249359	
18714	10	19	641.769559086193	
17595	3	23	772.1174067129	
20557	9	10	369.29295165897	
22516	9	32	1029.22216362749	
22415	7	29	941.193748517518	
14263	8	35	1139.84493748278	
16874	1	36	1146.02249314358	
18332	5	31	1020.87366762612	
26738	9	37	1203.47358107729	
23352	1	9	328.420136984633	
19926	6	43	1370.58709636824	
10156	2	40	1280.21755483012	
24224	6	47	1481.67786179189	
24681	5	32	1038.40408392176	
23387	6	18	603.134849799394	
20035	2	13	460.73902166483	
13976	6	34	1085.13287076966	
25643	8	38	1214.44444705473	
21470	6	7	278.241267147586	
15031	2	13	444.901912419545	
11383	10	42	1345.81813580627	
26677	7	2	114.822881237987	
29302	6	20	685.50160719338	
22271	7	43	1386.68490794799	
15324	3	45	1446.93461641992	
21526	3	40	1277.62741051504	
11313	8	12	415.472622558229	
14079	8	15	533.153087968544	
20805	5	2	122.397247907891	
8819	2	29	959.66625489279	
19070	8	28	903.871402006536	
19823	7	6	257.175883621525	
23122	2	49	1556.16778543041	
18440	8	12	436.04263661245	
29512	2	9	327.248902771272	
24461	7	30	978.793266573359	
11486	2	18	624.757028960044	
27135	5	44	1412.44387841432	
26725	2	30	978.562148371042	
9929	10	47	1503.41121024611	
29267	2	8	294.039403225314	
12258	7	11	392.77202367446	
16894	3	14	504.66246453331	
22038	3	42	1341.29322520517	
19613	2	38	1214.60587263787	
12025	8	40	1280.94686947807	
19760	3	28	924.112976064958	
16019	6	50	1583.37542708189	
23682	4	37	1185.27895263642	
10805	10	12	435.826760286385	
13390	6	13	474.564283934685	
13173	4	7	279.354695621577	
20286	9	3	153.750379082631	
23552	4	13	468.530698674047	
8146	4	45	1418.41105668732	
16496	3	18	606.946677848206	
22273	5	3	166.61579951952	
14313	2	17	582.608043710984	
17166	9	37	1182.28754720757	
20345	9	39	1263.56633800248	
15646	3	24	804.372314924548	
9370	4	21	692.869405175033	
19827	9	30	978.476419718227	
27493	7	9	323.807326184496	
21372	9	32	1024.5487349781	
14085	3	37	1193.41121274671	
12995	1	41	1324.04976939971	
10902	2	35	1125.63522517944	
9029	6	24	791.15518115049	
18712	6	38	1224.34158322604	
28716	3	45	1435.98199270479	
19147	5	40	1272.68899235534	
25969	10	8	315.882298683693	
26005	7	10	374.830056901476	
12704	8	5	230.862509194232	
9357	3	32	1033.04611213181	
23239	9	38	1210.16041670468	
24245	6	29	944.208381988205	
10318	2	6	252.079035310111	
23647	9	6	245.987746941851	
18665	9	12	433.51443445008	
27405	6	12	432.097195476339	
15688	6	29	947.874135332123	
27990	8	40	1286.57048762151	
25020	9	16	565.101970958105	
27875	5	21	704.516706384959	
21622	9	4	183.425504538894	
19921	9	36	1167.63708675636	
13391	4	18	617.631579925135	
11092	8	41	1320.30222492307	
18051	10	27	892.177467053839	
17213	9	2	122.14898524906	
10832	10	8	310.156331206745	
12654	8	41	1314.99581036856	
17911	8	23	779.038895321562	
13376	10	37	1201.16999805028	
21204	2	31	1014.29560395623	
12423	7	6	260.855138348814	
28565	4	11	396.744490227077	
9859	3	1	101.194659891163	
16275	5	49	1556.89710007836	
8723	4	44	1398.47775088552	
14698	9	27	872.2202459314	
8995	7	49	1560.93736941039	
21795	10	18	599.844767581599	
12927	4	24	801.875291579345	
29118	3	49	1563.47239693788	
21630	5	43	1378.92032218115	
21255	3	8	317.668189479815	
13707	9	13	465.364944555501	
18336	5	31	996.786261143529	
16822	10	25	822.407417531315	
24580	10	11	410.529008400873	
17582	4	31	1016.29980026572	
18059	10	28	910.0519035524	
27469	2	13	452.275119448209	
24757	5	42	1344.99526984291	
15638	9	40	1291.90593209672	
15763	1	43	1358.70535522639	
24208	5	11	400.032028593138	
28707	10	34	1089.98570820782	
13474	1	6	236.412682643352	
21178	6	17	588.003645254301	
16680	7	33	1070.85295622742	
26177	7	11	412.164116172196	
25730	2	44	1393.83300745573	
11859	2	32	1042.5326611486	
9966	4	18	600.886488315131	
19596	1	37	1195.79116157991	
28059	7	19	629.692511143951	
16951	6	1	98.750508175581	
10274	4	32	1029.30527835586	
12261	3	19	627.463891761128	
8455	5	5	230.884375418948	
20223	5	7	289.090646863492	
29710	2	19	635.036683564557	
28716	3	36	1159.87694954494	
8930	8	30	986.936765921738	
24217	8	23	766.725720039907	
15858	7	43	1363.22667937876	
16106	10	22	741.044309447074	
29454	10	11	404.50518235774	
9768	8	28	929.968897276543	
28565	4	6	232.266635369634	
16090	9	11	403.515963779537	
13082	4	3	149.770049522524	
17308	6	41	1311.61997684819	
28078	10	27	893.856530941025	
26801	1	14	484.943906816162	
10819	8	11	406.763775873354	
18560	8	46	1456.17472820737	
15677	3	41	1322.38967185951	
21077	8	14	502.149783122423	
14202	6	50	1596.71246163394	
24757	5	18	611.208951683347	
22040	6	44	1400.48441743501	
27792	3	27	890.474105631222	
20813	4	44	1401.36728970398	
12258	7	38	1228.77325323819	
8628	9	24	806.011760125873	
8848	2	43	1359.34263043075	
13862	3	32	1042.58590862275	
19075	1	7	263.12916060124	
21250	8	40	1287.97567833586	
10902	2	13	446.61443637992	
29689	2	49	1567.48098278767	
22418	5	7	274.943525770187	
17366	10	6	259.644632981925	
24883	3	24	807.209153402228	
10369	8	10	355.015219987843	
19197	8	27	892.39816990327	
17503	10	12	438.058503921171	
13212	9	18	605.180212056814	
22941	4	50	1595.47867584763	
16361	8	39	1258.98771914606	
18322	1	23	765.480525850076	
9121	1	28	906.443785366809	
26369	5	12	435.737009884667	
10209	8	22	747.336992447887	
20669	4	9	342.394066649673	
24302	2	3	162.213030607539	
28640	8	5	228.67613020757	
21928	3	4	195.942581498969	
19491	8	26	869.02738570656	
20870	8	23	773.517782936579	
16165	3	10	376.360836316068	
14003	8	18	607.155495233441	
24989	7	19	630.751430127188	
28368	10	38	1219.6754237356	
26576	4	14	488.606229428484	
9979	7	42	1344.56257793333	
20950	8	43	1358.50965984096	
10394	3	43	1358.16351268355	
9472	4	49	1560.71395991403	
9045	1	1	83.8840489480105	
24432	1	41	1298.45840082432	
22288	3	5	221.3760217565	
16016	2	39	1241.99321894068	
25295	5	43	1385.65219898971	
16811	5	12	436.034980991872	
15751	2	46	1474.82652375234	
10824	6	35	1131.97534386626	
26374	1	3	166.647377538796	
23910	6	5	209.928686828319	
8962	10	35	1114.36560597008	
13718	6	34	1098.1162242862	
28505	6	24	797.209459802699	
8281	8	15	506.671107274793	
15759	8	12	417.724742487876	
11966	2	45	1445.72842583327	
16876	10	17	574.040632068198	
22119	10	15	534.737095746555	
20588	7	22	734.030297256089	
23144	7	30	966.379186588516	
16361	8	22	723.798729518335	
27523	4	38	1210.66650022318	
19527	2	28	926.643327123785	
14329	10	31	994.10177489468	
20917	10	17	594.457895399284	
13919	4	3	150.253600063852	
17393	5	32	1040.32548755422	
29278	10	39	1244.192095643	
28369	3	19	639.969209246323	
8828	5	11	398.602923973744	
25941	6	18	610.452642054508	
9215	5	35	1133.88851006231	
28600	7	20	679.894991237621	
20105	7	19	644.466252142781	
25946	9	50	1591.59462689962	
15557	8	49	1560.52931832174	
28521	5	18	624.104504093576	
15262	10	39	1264.45056642613	
14596	8	19	650.084810894953	
17186	7	11	391.302011456016	
9091	8	13	467.567542897336	
19720	5	19	630.237686741276	
9812	4	3	142.028752668774	
29689	2	50	1586.01389467065	
9766	5	42	1354.66177973648	
17125	10	40	1275.40155865038	
26515	9	37	1179.15137651337	
20893	1	4	180.484387958648	
14880	2	8	293.026687639312	
21494	8	43	1373.94699790233	
16378	10	48	1514.56559736029	
25458	3	27	889.82548218678	
26792	1	21	704.479362584874	
23123	8	13	471.784326095034	
13123	10	28	916.915230395699	
26226	7	13	473.217548724831	
27599	7	13	451.815073700536	
22025	4	25	827.27424686182	
24589	2	22	727.535323541395	
18807	5	41	1315.39859892586	
13638	4	31	995.709493437647	
12572	1	8	310.634428109338	
28461	5	17	572.006134619939	
15289	4	43	1368.04445356505	
13607	1	37	1199.47604477381	
10922	4	50	1580.47709590778	
11621	9	14	498.221233048579	
13211	8	6	232.743207659918	
21093	1	15	515.076480375173	
10693	1	13	457.195424166133	
28103	5	28	901.623921739694	
25199	9	28	909.590065642069	
17539	7	47	1484.6522848516	
26731	9	12	422.728285800073	
14694	8	17	578.81164369118	
22419	8	4	173.561042777058	
17322	9	36	1148.63774755441	
11328	8	29	940.629432453136	
15276	8	39	1239.4399951582	
29085	8	28	919.056336748906	
20987	10	17	571.102223550483	
14905	9	29	939.841099595577	
14499	1	32	1031.16540800369	
9796	6	26	866.022211343992	
11103	7	14	484.037326613459	
18790	1	41	1320.62715986773	
23558	5	15	509.409147477434	
16626	2	7	288.110665142588	
18595	3	42	1327.55102174708	
21237	1	37	1198.37707817479	
27729	5	37	1188.71424462121	
29861	4	44	1396.83025723176	
11018	3	18	616.915242884734	
15775	9	29	934.686211969092	
25917	2	31	995.592518018369	
26808	4	6	236.933114787998	
8952	3	2	138.231552121337	
24217	8	10	373.984299103722	
20767	5	13	466.537849896838	
11674	5	43	1374.1846838287	
27318	3	26	857.1803256018	
12713	9	32	1026.40816885345	
12929	1	39	1265.40790758347	
18239	1	45	1435.83126347318	
25383	8	16	552.323076162638	
23721	3	20	684.975531718217	
16749	6	31	1005.17319733518	
10274	4	10	361.7510767848	
14964	3	47	1492.97268240385	
22642	8	25	823.35418761864	
19961	4	28	924.579801170425	
11763	1	34	1111.1856412474	
14464	4	37	1187.83425170362	
24106	8	44	1408.47898679249	
11361	10	25	824.296375375379	
29223	9	2	135.86839384207	
23381	1	27	879.469020105651	
10520	10	41	1305.98392327595	
16472	6	30	964.007126951594	
14231	4	47	1478.84888490608	
21986	4	36	1151.06794843034	
13733	3	7	290.110567905992	
8467	3	14	505.192185912836	
13161	2	28	916.699402200384	
14165	3	26	868.481179544926	
18486	4	34	1104.79366450794	
16482	2	10	372.674822757335	
21429	4	19	629.96607288251	
18540	10	32	1027.1357677817	
9771	8	12	421.878528903182	
16501	3	2	115.329490655721	
21725	8	26	854.653448450683	
24232	1	16	554.091582556298	
28853	8	46	1465.2553113295	
15833	7	3	141.876011147106	
17904	4	36	1144.69405469703	
16078	3	40	1274.4331920121	
28509	6	37	1195.33414453051	
17471	6	11	393.699135181354	
27194	1	44	1399.06179489524	
29248	2	11	395.453962532549	
28564	5	5	227.658070692633	
11937	1	11	395.137982738734	
28481	10	17	584.196834128442	
17660	1	10	353.797277004364	
11968	6	3	157.528603373807	
10100	5	7	288.996005528139	
28897	8	24	808.436256092245	
23239	9	4	190.389836593713	
26960	7	29	939.724124176299	
13544	4	29	957.464094682347	
8234	9	12	432.24762884539	
25487	6	31	1009.97717215213	
9002	10	17	587.688964990754	
12408	4	8	303.116735398358	
12130	9	19	647.069757695808	
11654	7	18	601.215982940614	
25764	5	12	428.708505383091	
20484	10	19	647.350083928253	
29910	10	32	1047.5294116547	
25290	2	11	392.300708960882	
14150	9	13	455.207124452669	
20101	4	29	934.615309003096	
29708	4	36	1151.09415350067	
22030	4	24	788.024696962919	
11783	1	3	149.926352719742	
21583	8	19	637.094058691102	
28130	2	41	1322.57894037411	
12802	6	42	1346.60297564538	
23968	6	40	1279.60232067835	
19823	7	13	461.435201829968	
18632	7	40	1284.13487557514	
14453	8	31	992.284788094594	
23477	6	36	1164.94533205635	
29115	9	36	1163.39492237353	
28067	4	31	1003.40987773771	
17635	4	47	1494.97258516726	
19562	5	48	1520.99535178439	
13766	5	19	642.90212519602	
20013	3	24	790.952576171119	
12507	9	27	895.797658979799	
28788	10	36	1164.23856666509	
24630	6	15	519.576236288797	
11575	9	3	167.411643605405	
11155	1	33	1064.41443422083	
26317	9	40	1283.08186181033	
18425	4	45	1444.67627629855	
12982	6	49	1566.40261756554	
24944	10	39	1242.13857593114	
20428	8	34	1094.8062534513	
29440	7	18	623.478071756418	
27648	7	28	925.724686629011	
17017	10	19	627.984060602255	
17778	1	29	946.169723526654	
17022	10	34	1086.76108593436	
9328	4	49	1540.24683807988	
20618	9	27	893.042761689538	
12093	9	26	844.043829238063	
8650	7	44	1396.17213716552	
16535	5	7	283.870924284622	
24393	9	35	1120.43454468271	
8050	3	17	566.417065154024	
21071	3	33	1061.83328044686	
21612	9	15	510.787515915366	
19125	4	16	558.288922346332	
13703	1	40	1273.3292191072	
15990	1	32	1039.9628407508	
25184	2	45	1445.03184009578	
12056	1	32	1024.29404261722	
9948	5	27	899.706857660649	
26370	2	23	752.097172528551	
26603	1	20	680.22063115622	
8938	2	43	1385.80638018707	
12372	5	46	1456.39750775713	
19924	6	5	231.731752674902	
12600	7	25	828.062142295792	
20156	9	48	1535.63088816387	
20188	8	26	847.20366539769	
11621	9	3	166.679719279837	
19044	5	34	1104.94283515259	
21077	8	8	305.250076421187	
18408	6	20	670.691441125558	
23907	10	3	160.440364442971	
23003	2	9	331.796722194085	
15828	2	22	736.124248921929	
18518	3	35	1135.71051520096	
15977	8	22	736.150814972888	
22650	8	2	126.11506456794	
26907	9	3	158.184246121992	
24706	9	38	1223.14808429365	
19691	2	4	190.367116048172	
12601	7	22	730.928755929195	
20924	1	5	204.823214618872	
8111	9	12	439.031200911399	
16726	8	40	1270.51803148841	
29860	3	11	409.380593825775	
18966	1	4	182.405286218228	
22025	4	1	88.7887203734316	
21818	10	38	1209.12272125907	
16166	8	44	1391.08521511363	
11355	7	8	323.119021059535	
15994	4	50	1599.64443620278	
24001	8	18	622.108574948324	
21817	10	12	422.431718270495	
14698	9	12	422.709080922748	
18448	4	49	1543.2574406002	
19906	8	35	1139.91830644194	
17875	4	23	771.586552845122	
26931	1	24	794.437970851752	
15736	7	9	338.698943638568	
22521	2	1	84.6159499160088	
27704	10	2	125.839096291847	
17400	3	23	757.364109958226	
29765	6	10	371.229302012934	
18345	7	50	1578.62084786343	
25572	8	15	529.743103557147	
11265	8	14	485.976700711053	
17437	9	25	810.036558252776	
9873	6	43	1374.66326699344	
21906	4	32	1022.57840714537	
20438	3	18	617.178404134316	
29431	10	31	993.847776182856	
21592	2	43	1366.84759397379	
26505	2	44	1401.14595832357	
17942	3	24	789.339741612477	
19811	2	1	101.168416599356	
10835	5	16	555.397416537347	
23988	8	32	1026.77517927567	
16599	6	7	265.87947626872	
8857	6	45	1422.35115884913	
8136	4	22	725.656856077563	
15619	3	48	1526.84216779044	
17842	2	39	1238.08094413862	
13390	6	10	375.594504166206	
13621	9	26	861.823814093053	
23491	10	8	305.60564021841	
29157	8	2	128.582866177234	
18879	9	42	1338.00864617248	
11989	8	48	1509.08764127134	
23932	1	24	792.866808321731	
27581	6	50	1595.79220875902	
12025	8	49	1564.56426212777	
20566	5	29	931.677093716188	
29762	1	45	1419.48530248342	
10120	5	38	1218.53213437765	
8703	2	3	144.528019756325	
28788	10	50	1573.56464597097	
26977	3	45	1433.59391260594	
16964	3	13	460.410353047964	
22072	2	25	820.774927931267	
24882	4	48	1523.40389311472	
25183	5	30	972.368727965452	
27217	4	8	314.125453379995	
18382	7	7	266.544314113699	
12995	1	26	853.906810979316	
13970	5	28	929.271244876679	
17918	8	8	312.796842228992	
20765	3	25	820.962616624759	
20795	10	38	1233.09197665802	
23723	6	11	401.540664323392	
15026	6	33	1067.86002406285	
22371	3	4	193.143127166267	
24107	2	17	585.707076576402	
25291	10	30	972.086812002625	
13016	4	38	1213.042087561	
16229	9	3	157.773782125569	
23817	2	14	487.75815215323	
11853	5	13	461.76960579202	
21340	4	34	1109.40548791988	
13462	3	42	1353.01520764502	
9364	6	14	481.160237379912	
19415	5	22	747.968054538578	
29889	9	28	900.948916981439	
8970	3	20	661.796458671706	
16744	4	32	1026.78619838636	
9534	5	19	652.614142006549	
10030	9	3	142.170682466668	
9754	8	49	1547.36229149036	
25008	5	7	262.61382394592	
28860	4	22	724.811721856153	
21149	2	2	127.603770628387	
18991	5	22	721.803503931409	
15882	5	19	646.364826227708	
9136	10	32	1045.10454833745	
8654	3	47	1498.94726573441	
9593	10	42	1353.28812811211	
29085	8	40	1292.71671441045	
20545	10	32	1051.53663002492	
13934	2	35	1121.68769318689	
21600	7	48	1532.55256921637	
8209	7	50	1592.80879798942	
19289	9	28	907.620249552475	
21416	10	4	184.916669514457	
11563	5	37	1187.54697694795	
12976	7	41	1325.00678425888	
9757	9	47	1482.64908159275	
25572	8	33	1058.85718555136	
14548	1	49	1559.59028171356	
22404	6	7	286.443214922418	
22687	3	35	1140.75835225208	
28029	5	39	1256.76986760309	
18104	3	37	1191.79504017895	
23097	6	11	404.188424686058	
29941	5	21	707.39514540294	
25836	3	12	419.614690551355	
25183	5	26	855.435838576144	
17068	9	3	151.419810984014	
20867	6	39	1252.32899470829	
18300	7	25	839.758115727342	
27053	5	7	281.292668972766	
27936	10	26	867.10056241001	
27182	4	10	365.43455073863	
22752	1	19	638.348792678839	
25757	8	17	588.280254801866	
15990	1	10	353.936893695005	
9076	2	12	426.056520131443	
25334	5	36	1146.77830093856	
15133	4	35	1140.60252823895	
25789	6	33	1073.13954626822	
23767	7	46	1459.75395944889	
10299	5	13	465.057067715124	
19036	3	32	1036.22152212831	
14610	2	29	940.08191260513	
13216	1	37	1176.85291870351	
23572	10	43	1360.20640965561	
22823	5	36	1173.53998782744	
14717	2	19	643.051385024121	
29539	6	41	1313.40194003349	
18467	4	29	936.789674412827	
13248	6	36	1144.13711679361	
10917	1	37	1193.75695645518	
24831	7	4	182.580400753105	
9381	5	42	1340.91907656794	
19422	1	22	721.855471693843	
20242	2	33	1068.04185425306	
19972	6	15	535.808730449438	
12981	4	11	397.615079245351	
11989	8	48	1538.96968082477	
10730	3	21	705.489857786098	
10339	8	22	723.511427158262	
15033	8	40	1281.8683171281	
13287	8	2	120.387719702156	
11122	3	7	291.778514297576	
13288	5	28	920.395024214124	
17987	8	22	745.452006806364	
25420	5	41	1307.37424725079	
22755	2	9	349.271456873636	
20376	7	37	1196.63641471259	
15373	4	28	913.610083252941	
17676	8	30	978.950264127436	
18783	7	12	415.870780654191	
29842	6	48	1518.25465731242	
27917	1	17	566.450735445344	
20197	1	12	426.689255473525	
28735	3	23	755.701284536953	
21592	2	8	300.548345474782	
22908	3	9	331.713127573819	
18286	10	25	827.335505982551	
15903	10	29	947.188735747332	
29074	5	26	846.074702723918	
12184	1	7	292.384453552023	
21318	10	12	438.017870950521	
28145	9	11	395.539320295462	
20521	4	40	1295.62099893373	
23317	5	20	687.535712517582	
9485	4	23	764.520161656905	
21443	9	18	624.515474170686	
14567	6	48	1516.493320985	
26779	10	35	1120.23840054881	
27800	6	45	1418.12816324557	
24871	9	1	108.441440886092	
11248	2	38	1207.80862011379	
9188	2	15	515.112670452852	
19952	2	12	429.628119109957	
26366	1	6	257.885642320796	
20917	10	12	424.669348012968	
24736	5	25	824.443007830737	
27051	5	1	99.6868883910062	
19038	6	15	511.400911897142	
23087	6	2	132.83216240482	
20981	10	28	904.268530953801	
9024	3	32	1046.41497031153	
15675	2	14	479.791856780551	
9407	8	49	1557.83941028539	
23956	8	24	808.266336139416	
24975	9	40	1275.50229914277	
24600	10	38	1216.12966530776	
20765	3	31	994.229821094419	
18229	9	49	1566.15418715689	
18327	10	26	847.493508778277	
16080	6	7	284.09560287562	
14062	8	36	1170.2795732628	
18484	6	20	671.780945077437	
17561	4	46	1459.41515506218	
26800	5	15	511.12697360624	
27007	6	28	923.850446177577	
9229	1	41	1324.84839940669	
26213	1	17	596.157515363841	
10553	5	8	312.859311696542	
17023	1	50	1580.93184514946	
25861	4	23	762.858773080101	
10906	7	12	432.778135888641	
17402	6	3	156.398014163784	
12501	4	34	1095.48192000737	
15163	5	29	950.508823241344	
29401	5	24	808.062160540401	
15665	7	33	1083.14198685956	
28363	8	5	216.822616335388	
8510	2	6	248.803613152729	
29962	4	11	411.031936523985	
24103	7	33	1076.10533764404	
21925	1	8	312.026239182812	
11597	8	11	395.93459408541	
21033	2	27	894.356573342512	
29950	6	49	1541.80617177012	
24301	3	26	845.969483240493	
17028	10	49	1558.22601416997	
11187	3	12	437.699910010071	
27090	2	17	567.354662794319	
25021	3	31	1012.03341337481	
25052	10	36	1148.39049634914	
9893	5	38	1230.28565307627	
15026	6	49	1550.3391338281	
19075	1	9	352.744891770531	
13669	8	38	1214.03256036995	
26118	6	16	538.161867623293	
12385	5	18	616.027675036354	
15841	4	19	655.697515390672	
13826	5	48	1518.50114550372	
27863	6	29	934.035196143219	
24461	7	21	699.820948606274	
12995	1	8	308.285492466896	
11465	7	43	1386.82757669446	
27599	7	15	530.469066747683	
27922	1	30	969.97338932472	
26725	2	16	551.49039506516	
18357	5	30	970.016956147746	
10644	6	30	984.309936773176	
18748	6	20	687.330587044047	
28340	1	1	80.2041755990145	
8669	3	7	272.360312283207	
21538	1	33	1079.30704897237	
21482	5	25	825.42620794169	
29461	6	38	1235.12225063291	
18452	2	43	1371.38817113423	
19467	9	50	1572.06936369281	
9445	5	26	854.34497917739	
26209	5	43	1377.42437173492	
18361	4	48	1517.60898329206	
24646	1	39	1265.15749036575	
24682	1	30	965.624432007607	
22861	2	30	967.148489396623	
29098	3	1	108.802852569522	
19837	7	28	900.82589832173	
24086	4	15	512.541348800315	
18601	8	35	1132.57312000383	
23893	4	14	482.439002060536	
16392	5	44	1403.65312239325	
26805	6	47	1481.44935963743	
19067	8	14	492.346955618051	
29686	5	7	272.034485504047	
25199	9	15	507.44447146889	
21399	9	8	298.321470831671	
21068	6	28	914.76841700951	
21601	9	41	1311.21098791771	
27443	9	26	847.819845177149	
13270	1	15	525.198662488348	
19608	10	46	1465.46552733773	
15656	2	48	1524.38318401779	
13562	9	33	1070.31577670496	
22339	7	46	1475.95252709275	
19877	1	19	653.916077396793	
21158	10	42	1350.36932296602	
22068	9	17	567.150487195305	
28104	10	25	819.673101091605	
23400	7	3	149.083447376771	
14336	2	14	484.859445134578	
22584	10	11	395.2168831952	
19999	5	17	581.356720636299	
14146	8	39	1241.96319667714	
22038	3	40	1283.8168884459	
29722	8	25	838.603303301429	
11361	10	22	738.08853209861	
12637	5	9	333.343655137971	
10166	8	49	1568.41076413561	
29116	9	42	1332.67245920965	
27794	5	7	279.482639897374	
16557	9	16	566.001678372734	
13555	6	1	97.9277179473675	
24736	5	45	1437.40026932089	
14906	3	3	149.051393004624	
13490	5	36	1166.36383375449	
14880	2	34	1102.86057713575	
29438	6	7	274.983631425995	
29466	6	44	1408.16969009497	
14204	7	43	1364.91584081432	
27318	3	26	860.985578140703	
24155	10	48	1510.65779093218	
12574	2	48	1523.91126271519	
27523	4	18	603.568325957082	
22475	6	35	1126.87070120446	
13591	2	30	988.879451839663	
20545	10	46	1453.04118771713	
26068	2	15	527.293206587105	
20177	5	44	1389.204963273	
27990	8	11	391.708354610814	
14628	1	38	1216.7791664306	
15826	3	35	1141.65236537422	
23651	3	3	161.152797230125	
20521	4	12	443.457901423545	
19283	7	22	727.713674869255	
8437	2	3	167.222118865336	
11715	4	28	902.296401756954	
24681	5	8	319.48616296029	
15667	5	24	808.530067172148	
10309	4	32	1033.43118220262	
13785	1	43	1369.35593937028	
16018	7	49	1564.9778156937	
14430	10	29	946.357652873899	
23050	10	50	1578.53852870806	
26423	4	19	648.337205279776	
9567	1	49	1559.19698411561	
20711	10	45	1447.53780939036	
14680	7	3	166.982914696905	
13080	3	31	1001.26438370033	
9399	3	11	389.588693338255	
8278	5	36	1151.05550026105	
19899	3	36	1155.38569154003	
14012	7	23	758.980797100338	
23251	9	33	1054.75726027729	
9868	9	27	888.097869236068	
29706	3	17	574.201654202399	
17200	6	13	471.305620480005	
13574	10	50	1577.78839467922	
10531	4	4	195.092495472679	
29422	6	10	374.93743660624	
24580	10	30	985.562115584296	
9259	6	7	290.795325511506	
11576	3	16	544.138691864972	
16726	8	39	1256.7024095248	
27280	4	4	195.893292779053	
26130	1	22	737.830274523157	
18041	3	14	484.848881142609	
19194	3	39	1254.46981652382	
11154	4	24	789.686594451632	
8311	5	50	1581.82927413929	
21505	6	9	344.067431997539	
8547	3	26	863.374414175458	
10985	6	33	1066.45356425385	
8116	5	13	454.738507892349	
9381	5	50	1595.55990144404	
23695	8	27	896.007762447003	
20376	7	19	644.300138058281	
10716	3	49	1545.37273400713	
20450	7	49	1555.23112067731	
26026	7	36	1167.67371708885	
25215	5	35	1141.3416424493	
17559	7	43	1366.05827302023	
27990	8	35	1126.02882288677	
11804	8	33	1079.61626993474	
19436	5	26	840.652854349768	
21029	6	3	141.393474890568	
13266	6	13	462.671568273879	
23618	9	21	706.395536952836	
12747	3	36	1155.36003218748	
17054	3	6	233.512020666856	
9549	7	40	1295.91649838533	
21609	6	28	924.508007077737	
20486	8	5	204.393667487611	
23424	5	15	513.592630565908	
24184	1	2	127.869066618322	
18841	7	36	1158.56061385877	
16768	8	34	1100.83912382873	
23468	6	40	1289.6552433491	
22513	4	46	1462.64523592901	
29646	8	48	1510.50693075662	
18138	6	36	1154.348102973	
25269	4	7	273.067992866537	
29616	4	30	977.296320245274	
28735	3	31	1019.43510956105	
23821	6	2	125.521261340716	
19166	3	10	367.681086085588	
28293	6	3	168.932127286183	
13633	1	11	384.242289207989	
26353	2	33	1059.19735883325	
27167	4	50	1592.09010678906	
19972	6	48	1529.90151614412	
23317	5	15	525.932886472872	
15120	8	1	102.55727400191	
24061	9	19	627.418778383834	
9413	3	25	833.595794156937	
25300	4	38	1219.50384256407	
8276	2	23	764.766502624735	
27731	10	33	1064.52242193023	
11653	10	14	496.049555175029	
19699	7	2	134.499817888485	
9519	10	10	355.158706249277	
25638	6	43	1378.45334418977	
26062	9	4	179.109784336346	
11277	7	19	636.174573784775	
12726	10	10	365.912775753957	
16932	5	31	1019.5594249198	
23838	8	22	738.980746687847	
17753	1	19	632.860933687939	
23800	3	11	406.869441274027	
25260	1	15	516.999287585262	
14184	2	44	1395.16863861828	
28863	9	29	954.64489470918	
13304	8	3	162.727498078126	
23249	8	2	124.724189920688	
22529	4	1	93.3256141158406	
13739	9	29	948.273649582767	
13869	7	13	468.761952774954	
9952	7	4	186.593713325725	
17183	4	32	1034.09500859403	
24580	10	16	552.97176826418	
14391	2	50	1572.46134760439	
28834	6	3	158.429279065891	
25555	10	39	1247.19817811958	
17322	9	36	1163.26992539841	
28756	3	8	303.610504522738	
11764	1	26	849.983611912459	
23956	8	28	901.950733075827	
21925	1	37	1176.97488910378	
29520	6	40	1279.99683640897	
13472	5	15	508.365224054253	
15228	10	13	473.79411123404	
17632	10	2	116.316701898499	
15680	2	27	873.605688174072	
27478	9	44	1408.14541804052	
19926	6	39	1235.34822450734	
29388	3	43	1375.89475878323	
16270	1	4	173.95820853019	
8429	1	12	421.121746460498	
16354	8	22	733.52233380709	
28017	10	21	705.961836420913	
19439	9	38	1228.70033939774	
26972	10	35	1136.07119359824	
9889	6	50	1577.37284793396	
12458	9	18	622.19807124799	
9664	7	7	276.921468170789	
22432	5	19	655.256621434938	
16786	1	12	443.205388394746	
9908	8	50	1577.83308408122	
10204	1	18	614.093164267993	
12501	4	47	1485.32214457417	
14212	3	25	830.741889789115	
15670	1	20	658.17278929901	
16509	3	2	110.4274133362	
21308	8	49	1543.07778691085	
25522	9	3	162.0384702841	
25327	5	7	276.729427183387	
22218	5	5	211.255166070189	
23366	6	18	615.839858937934	
19928	6	11	412.564069262037	
14085	3	35	1115.9291638415	
8017	9	4	197.608691843976	
13971	8	36	1162.00585758407	
27531	3	29	952.864097278968	
10141	10	47	1498.50421721977	
21038	3	2	123.205176351222	
15882	5	43	1358.85193671978	
15291	2	3	161.039206535108	
14964	3	10	354.582080037604	
28572	8	14	489.375965413347	
19816	6	8	317.430855332609	
9713	6	26	854.315441052576	
17791	6	2	127.640206314456	
18700	1	33	1053.07137951864	
22070	2	11	408.133172173115	
27167	4	28	924.271428866438	
11316	5	15	516.390154006141	
12589	7	4	181.056431131929	
11286	1	21	705.000106871594	
29000	10	30	966.348457227623	
18629	9	39	1248.3538830878	
13795	9	14	486.778223517713	
16094	7	28	924.117648994605	
22804	4	19	642.881724835784	
16901	5	44	1394.6746918348	
13460	9	40	1277.62333426514	
29772	3	44	1415.62132193503	
11846	7	1	85.8892885622984	
23973	3	28	930.527901263222	
14383	3	41	1326.10694775642	
26262	8	32	1038.61879732395	
27828	7	39	1244.63959271304	
16968	1	36	1158.11834959226	
12563	7	1	88.5576771984611	
27873	9	38	1217.59316996559	
29302	6	17	588.353144576937	
28832	9	3	146.694481813672	
9813	1	7	263.207096319276	
25300	4	3	158.868630714188	
25316	9	17	578.992894896768	
20314	6	15	518.069531451012	
21985	10	17	574.21741489983	
16458	5	3	168.623308357142	
26969	2	36	1168.45711866787	
26134	2	10	376.662308935384	
14844	5	21	711.006703521594	
17838	9	24	783.101683474659	
18604	10	38	1205.10140978037	
26473	3	41	1302.29424116309	
17806	7	21	698.806358044411	
13585	6	39	1245.64831627796	
20723	4	4	175.672996051457	
25570	8	34	1106.2550591986	
8693	3	39	1249.49140171031	
