idEmpleado	idDepartamento	ventas	importe	
22182	8	29	931.498336815973	
10440	2	49	1547.29014066387	
10837	7	40	1265.8777606794	
11622	5	50	1592.02073622123	
27295	1	36	1163.50607114076	
15521	4	45	1418.12681487674	
21696	1	6	234.021946151751	
10984	7	18	604.17107017905	
9482	4	15	508.593961907827	
23712	7	20	669.632038003594	
17676	8	20	657.943422206651	
18426	9	9	339.603924909422	
23167	10	12	424.424053888965	
15327	2	34	1088.06860873851	
17727	6	16	547.82558168649	
16680	7	26	863.094117670829	
13825	3	21	709.467450971467	
12526	3	26	856.974570181675	
16106	10	45	1418.19287928668	
14085	3	48	1519.70509376363	
12339	3	17	572.825178435457	
25311	3	47	1490.60395652922	
19877	1	23	755.061962360079	
9609	8	22	739.263538913458	
16768	8	21	700.17822175295	
24413	9	45	1436.27773281013	
16080	6	16	559.265287182883	
17911	8	49	1545.81374050389	
10371	7	17	584.069516260209	
21393	6	19	644.860150667308	
9328	4	41	1307.46417389599	
26326	9	31	1006.51382984897	
21552	2	33	1070.368733979	
15745	9	15	516.153404505995	
19092	9	48	1515.89085705387	
10580	2	46	1461.17778242621	
8219	4	18	625.767362781692	
12147	5	46	1466.37096585071	
19826	5	2	123.418229950321	
20658	6	38	1223.4744716545	
10793	10	38	1226.42195635774	
13970	5	25	820.372291552076	
10435	1	10	361.191314030993	
27108	7	44	1395.32485829449	
18442	5	4	185.752828766477	
21873	9	33	1058.10663391748	
27849	1	2	110.445241532496	
20874	3	32	1023.65001353605	
9516	1	24	787.833754489121	
11909	1	44	1395.61014199425	
17757	5	46	1469.14601223038	
29292	10	5	208.004693336787	
24639	3	2	117.347613739477	
22765	8	3	157.858238852517	
8242	5	29	934.557968291714	
28670	4	32	1040.89438028675	
11811	8	27	872.228178303795	
19251	9	18	606.614221765946	
26210	7	30	971.842514468284	
10398	1	42	1327.22833833062	
24102	10	29	938.861527693859	
18498	7	7	288.208205647864	
20188	8	1	100.101553918841	
16552	9	46	1463.73381124052	
11035	7	30	962.167864107605	
9991	5	39	1251.42959235768	
17278	6	26	869.23519093042	
18232	6	47	1508.27064938297	
15057	5	36	1172.17775168464	
26163	7	20	686.647799260285	
13574	10	8	317.326754889137	
17393	5	26	843.096485120755	
23216	8	25	813.556340231354	
10977	1	7	274.718407632186	
15425	8	10	373.283137405889	
15324	3	42	1352.45288688338	
29313	7	38	1209.41264249823	
16236	2	29	959.737104065594	
12938	6	19	633.510710146982	
14426	8	39	1242.07158783547	
14693	2	44	1405.83249127764	
24788	7	35	1135.61527364683	
9534	5	25	837.979986014767	
27417	4	24	788.459374265959	
29551	2	23	775.714138436929	
9357	3	37	1179.4594805592	
26906	4	30	969.166216109491	
29542	8	31	992.510495126485	
12601	7	37	1181.59543621428	
18362	7	16	554.996476767117	
24829	2	20	668.94960412241	
23268	2	1	99.1531410157462	
24091	6	17	574.528451382429	
14893	1	11	396.189891619696	
23341	6	10	364.612943960639	
29302	6	31	1018.21375070988	
13880	1	24	800.270737633235	
18913	5	14	497.457502790474	
17921	1	15	513.156994186881	
24826	6	15	534.323236408794	
29410	6	7	268.871442987058	
14490	5	5	202.174592149525	
8075	9	46	1451.47226185141	
29706	3	4	181.185955228836	
25930	4	36	1158.28338710511	
20815	1	21	706.049527109624	
22422	3	31	994.448353105433	
14382	10	45	1442.62920610729	
21377	2	43	1384.57510144663	
14976	5	37	1182.10508140833	
27666	8	45	1431.48173778853	
10084	2	48	1512.4910742382	
18199	2	50	1573.10351161896	
23474	5	42	1329.77092663281	
19924	6	48	1521.39584705299	
14023	10	44	1403.24625404703	
22685	10	32	1050.2282196331	
17203	5	28	911.642179652882	
9560	9	23	768.01967280359	
21837	7	43	1382.7083835484	
24091	6	10	362.263376248192	
10090	4	46	1476.72469580393	
21429	4	11	406.67521316869	
23327	2	21	697.181274917527	
14270	8	1	97.6981951378743	
28072	8	8	298.173613873391	
20795	10	9	348.568033738326	
26023	9	14	497.366448611657	
28555	8	48	1510.10546367155	
22161	6	29	955.06938669601	
8512	8	19	632.182149250145	
14689	9	24	791.955139707753	
12868	3	15	526.580109878713	
24110	9	4	179.187473738188	
14694	8	33	1053.20014484841	
11265	8	40	1283.65789912811	
28752	10	40	1284.14301179542	
13173	4	22	736.79403078593	
28631	2	38	1230.17598716085	
10994	2	3	149.664611327306	
10727	7	7	265.011127453768	
10291	1	35	1126.5370100022	
25929	5	38	1207.93539367986	
12380	6	50	1599.49035480595	
23826	6	22	723.514738978592	
15658	1	23	756.458529884209	
10536	7	2	126.049629396782	
21420	6	26	844.757524749617	
9229	1	13	474.794044566711	
18134	10	16	561.366689913611	
15808	7	49	1567.98553107678	
16482	2	47	1488.62855798035	
20931	9	42	1329.43782998688	
13426	10	22	730.448610638477	
12339	3	6	252.059860160602	
14326	6	11	392.146747183123	
16647	10	44	1395.49937898084	
18785	1	25	834.290986933881	
21806	8	3	163.487760090962	
21216	4	29	940.109773231721	
26724	4	12	437.481493371297	
29291	2	17	577.081904493776	
19164	2	48	1532.52374243574	
17729	9	15	509.505714750619	
24921	1	19	629.922932158188	
15184	3	22	719.526598080772	
29772	3	33	1065.91096435949	
8734	5	46	1473.91603788078	
29526	6	10	356.570781784398	
27935	3	8	317.737947924872	
18349	8	4	199.103242251604	
27825	7	11	393.434188847167	
28666	5	40	1281.46619249204	
18138	6	21	698.355061476284	
16686	3	37	1197.69725609464	
24537	8	25	835.726366245992	
15209	7	9	348.789302124078	
20658	6	11	407.184858362742	
28017	10	50	1573.66653593893	
20762	6	29	941.239665253665	
13308	9	6	252.123984476609	
14282	10	34	1103.81050898871	
9481	8	1	102.572404044947	
19492	9	32	1028.73877375794	
25929	5	30	987.083855619228	
23944	2	22	743.553591269792	
23317	5	33	1062.51730972087	
9235	8	44	1396.13149924024	
29039	2	48	1527.12761357759	
12825	10	22	741.053397665291	
25718	4	47	1488.15852014728	
25718	4	15	529.852024861543	
12626	9	19	653.306270694968	
12312	5	10	370.066213929125	
20561	8	41	1312.18311795601	
28694	3	40	1287.92922295999	
9754	8	37	1194.01326756646	
29487	4	23	778.429678929238	
25788	10	32	1049.56742264776	
23720	5	1	83.9881408978198	
25545	8	40	1290.54756552472	
18659	1	6	252.133591516006	
26870	3	17	568.186742965219	
10321	4	6	237.056096641839	
25320	4	12	442.263447662007	
15531	9	39	1254.55134222962	
22295	3	7	287.162365488318	
16252	7	21	711.0827685106	
12893	4	35	1132.75135454384	
24785	10	31	1016.33349391461	
26564	7	2	123.357445059045	
23875	10	33	1068.31452061809	
8312	10	26	860.624450994946	
8558	10	25	822.248094837297	
24520	1	23	767.985788755112	
15402	4	29	933.670984382588	
22140	10	16	554.509500448829	
17622	7	17	583.784968677808	
28520	7	35	1122.42185913139	
23616	5	47	1486.3693408884	
26497	1	39	1257.0092883599	
8942	8	40	1269.77946511925	
22511	6	49	1546.78842430319	
16215	9	38	1215.51738411911	
17007	5	12	429.579427777594	
11862	7	40	1269.25121739006	
9793	6	42	1340.1279181522	
28699	7	30	991.39997856291	
11110	10	30	986.171943520276	
19858	2	48	1509.76803313464	
26596	7	39	1241.71309867954	
25330	6	36	1170.35962319484	
21632	6	29	957.617435714983	
18156	1	50	1569.67839504111	
9512	7	39	1250.69209972894	
20464	8	50	1599.9903929606	
14556	2	18	615.62376602349	
10512	10	46	1465.51630740311	
18790	1	20	666.475326095929	
13288	5	42	1332.53251338961	
8075	9	16	536.391225781474	
25522	9	12	431.434541210269	
27171	2	9	343.380144696394	
13024	9	17	590.794119662975	
8506	5	21	697.695952606246	
29288	8	14	499.843999529185	
23570	1	40	1269.2275738666	
24957	10	45	1431.05817585767	
10159	10	37	1202.08042517401	
17112	10	13	458.51213357342	
9594	10	25	813.419722511163	
24792	4	21	690.228298888648	
8219	4	39	1256.00781979785	
24888	8	36	1163.19808175936	
29366	5	12	426.978852537916	
18455	4	1	100.76810040547	
24069	3	8	305.345167212815	
28982	10	29	952.669358846112	
28588	4	44	1407.47666886424	
28705	8	23	773.012230271945	
13072	5	48	1514.42342407742	
14196	10	27	895.762386925408	
16744	4	41	1324.91082499032	
21725	8	38	1222.9833214092	
13976	6	43	1374.62039523507	
20595	7	16	552.997821864205	
23428	10	4	190.69708490311	
16247	5	27	890.946055953831	
27062	3	36	1171.55599510835	
28022	9	23	767.995395794509	
14081	6	11	398.047218359097	
9324	7	21	688.993193045721	
20545	10	48	1517.30964258188	
15714	7	44	1389.88934574178	
9014	3	32	1029.97811510692	
29730	8	28	905.574747149635	
8067	9	31	1006.39932042286	
27284	5	32	1035.99430464022	
26462	9	18	597.821431512861	
17794	1	48	1529.73542824841	
24552	3	1	80.0236435234657	
9519	10	48	1509.06974229453	
15256	8	44	1389.3195533889	
12980	7	18	607.659809946855	
17813	8	23	776.34831062348	
27240	9	19	631.484799790888	
24750	4	48	1514.35180339699	
23138	6	44	1394.41935395562	
28521	5	38	1222.6995425032	
28781	7	38	1229.92399932347	
9324	7	43	1374.64522574779	
25177	1	39	1262.95440717738	
12673	5	2	138.039638538863	
29400	5	47	1493.46309582398	
22723	2	45	1418.10908931219	
27863	6	39	1240.62883885607	
19999	5	21	706.523716219945	
24820	10	22	720.396823287195	
10183	9	25	816.1737244279	
14539	4	5	224.698130742041	
29367	10	11	389.146914626074	
25550	10	13	458.281517912765	
28627	2	9	339.502180749319	
9466	5	15	514.085029379504	
21826	9	2	140.464915214323	
8019	6	5	204.426529465442	
23238	9	23	772.918656306769	
9224	8	46	1466.11847405607	
15770	8	5	213.21996665244	
24887	2	35	1121.40410538828	
12868	3	21	694.368779982612	
11740	10	26	869.350862572599	
22967	9	12	434.847927333251	
16894	3	46	1477.74124061584	
27959	3	23	772.988586748479	
27055	9	1	85.3536817828909	
17554	6	34	1106.44283353651	
8523	1	24	797.251015043469	
12754	5	15	526.635010785719	
20015	2	25	823.135595444187	
23188	8	19	638.646018467213	
18355	2	11	396.27773094749	
11939	4	40	1268.24651345063	
20252	4	49	1541.63199578488	
25080	9	31	993.35017004672	
29147	7	22	735.092811181719	
15599	3	19	630.953554506858	
27481	5	1	103.846546757895	
15644	6	50	1571.78025642958	
24930	6	44	1389.34927625086	
29409	9	7	279.05103092969	
8979	1	10	366.002497135663	
13460	9	8	299.820580212316	
18423	6	13	453.123300770821	
11597	8	38	1220.58851362233	
18479	3	38	1221.7421256107	
22635	6	39	1249.56756154521	
12239	8	29	955.234524009393	
29548	9	16	547.194894732532	
8473	7	19	651.921781158038	
11465	7	46	1458.56614348412	
9868	9	2	128.233329340924	
26107	4	39	1261.19938730318	
10771	9	4	181.295437114916	
15070	8	18	615.555219340862	
19473	3	17	585.29436317519	
27898	8	28	908.106479844128	
28070	9	6	260.298397923027	
27061	10	24	800.474509075505	
17166	9	44	1412.7554075293	
25997	7	5	214.186005319555	
28189	5	48	1509.27270117648	
17238	9	7	273.761812501476	
28459	5	50	1593.03812898371	
19018	3	37	1186.05211227483	
16420	5	50	1592.86918367858	
24615	10	24	790.035004462132	
15011	2	11	397.87018496444	
16425	6	35	1120.73485933278	
23647	9	31	1005.3721040326	
10505	10	36	1173.47297495858	
17306	3	23	749.072109548874	
18840	7	47	1494.33821762648	
16903	8	12	423.870690401583	
17655	4	28	922.353074458592	
20891	5	11	408.366282846949	
15973	4	19	649.530282360283	
16351	5	50	1581.72462656243	
14738	7	9	337.152726993502	
25113	9	36	1151.24646113778	
29562	5	12	435.786120237683	
9076	2	5	231.208309527118	
18199	2	9	330.056120310936	
22662	1	46	1474.71322962768	
13862	3	30	964.569451960069	
18371	2	17	590.412689126289	
26126	10	22	735.078343644309	
28982	10	36	1166.95107633572	
14118	3	31	1006.07677644402	
25827	6	14	488.05580687153	
29057	10	45	1426.98633133759	
27090	2	13	450.65515658383	
25143	9	28	903.37203768239	
21867	8	6	239.024848900281	
9238	10	39	1255.1632709313	
9730	3	10	369.778329753214	
19018	3	4	172.240684634187	
15985	3	8	306.782451228603	
15514	1	26	867.071188495993	
28444	3	38	1227.71932994375	
17940	8	15	511.707121148569	
12272	6	29	931.697376580768	
21008	5	45	1434.49966467661	
26603	1	35	1141.82279069993	
17120	3	33	1078.44880619945	
10483	6	24	789.494033935244	
16713	1	6	233.895111714441	
13751	8	28	917.328696901597	
11739	4	26	858.942362656324	
23912	9	7	287.188936493913	
28755	1	48	1535.76408081491	
8390	3	28	926.381853281698	
9194	9	48	1523.14567092953	
15041	6	39	1249.22804793773	
8674	6	33	1056.96928729162	
19607	1	50	1582.97769579244	
21132	3	39	1259.21658086554	
23682	4	11	399.048582873795	
16495	4	21	708.468677023644	
21624	10	20	675.639423148539	
21685	7	29	937.790840034276	
19831	2	38	1223.08392812642	
27853	4	30	991.793408520423	
26463	3	21	712.679052461255	
14300	4	37	1178.38577269501	
10658	9	24	802.817818374754	
29762	1	45	1445.70007186648	
27792	3	42	1335.3133687262	
14739	8	23	768.707419470282	
16572	9	19	632.574744705378	
15276	8	8	316.125598212763	
20203	1	12	422.74783113168	
18056	4	24	794.653438066437	
8984	1	21	709.433397049752	
14047	2	22	719.539339989209	
19777	6	34	1104.08874365692	
24860	1	11	396.70864485051	
26331	7	24	788.233329611008	
15695	7	14	476.264423428226	
22298	7	6	255.075418024825	
11451	9	12	436.517577411848	
20323	7	45	1417.74964674271	
21244	9	11	388.008713679392	
12905	4	24	798.887839950103	
13221	6	16	552.291726056622	
19879	7	17	580.604478055893	
13887	2	15	527.509485654305	
26652	2	39	1254.14398974466	
18311	6	24	782.055561608661	
15888	6	40	1272.18557513886	
26775	3	21	710.561748887674	
13410	7	43	1373.19210176039	
17570	9	37	1198.31377420496	
22672	5	7	271.431765347455	
21250	8	10	369.928489909474	
13433	8	27	888.623193022154	
11891	9	49	1539.90396806034	
9836	9	24	801.820612215353	
17458	3	49	1563.43701800492	
11558	5	10	355.6309878247	
22720	8	29	943.79396206876	
26800	5	14	498.581742988239	
16904	6	5	228.621277431315	
10658	9	8	306.367617950946	
18730	5	50	1571.06333828115	
22099	10	37	1193.01624968323	
18132	8	5	211.728415215261	
18740	6	27	893.712273879774	
18865	9	18	609.688707948517	
20943	2	49	1552.88054363471	
24137	9	40	1266.26905094193	
11804	8	16	550.983251254532	
14610	2	48	1522.78415944557	
22730	6	15	533.393258998819	
18313	6	8	319.121845736691	
9426	7	35	1120.04119329156	
26756	10	28	915.075214447023	
21862	8	7	272.90556857032	
23173	1	6	240.387326404633	
28352	2	20	677.78129463912	
10062	5	10	355.308332720449	
11595	3	7	271.556082121821	
26771	2	19	633.257807117541	
26950	5	34	1096.52184433142	
21140	8	48	1522.0129958177	
25174	8	16	542.933496452371	
23887	4	25	824.434056926721	
26275	6	18	603.221672718982	
22906	7	12	419.504907140278	
25517	3	45	1430.91614696706	
18473	8	36	1164.18477559657	
21860	5	37	1194.88803263516	
12628	1	25	824.796311606093	
24973	10	4	200.633435603526	
10593	2	28	911.281455956065	
10245	2	48	1537.93583442361	
23947	5	40	1269.1283693114	
29039	2	3	161.641095728446	
21970	10	25	827.824501668953	
27846	4	29	959.275476373395	
10795	8	13	448.876062840631	
21669	2	38	1233.79721177453	
8825	6	22	724.455281796146	
22090	3	25	829.175017973955	
28104	10	1	85.9165241969361	
12047	3	6	239.578497633142	
21944	2	46	1450.40794231482	
26914	4	22	744.92051520614	
16397	5	49	1552.30991961076	
24004	6	26	849.88729661791	
23974	2	50	1573.54797857513	
13875	8	42	1346.99839949002	
25014	10	19	641.433285810721	
16327	5	30	965.655723365795	
23809	2	1	80.322655104251	
19734	9	23	752.237879946939	
27258	2	46	1465.3239358707	
22198	9	22	732.099433099897	
19828	3	11	384.354622133241	
27560	1	34	1108.12984182878	
9430	6	13	448.582192756507	
12552	5	38	1208.50674249628	
14344	9	16	554.207366739496	
20431	7	23	778.772560981462	
19906	8	13	468.695768038135	
8828	5	3	151.381018306772	
9704	1	41	1326.18693964844	
23428	10	44	1402.15072384204	
13970	5	38	1222.11180304275	
15053	3	10	381.186011313082	
26258	9	46	1450.91282398017	
19499	1	25	833.434118718577	
12585	6	32	1045.08106690137	
25995	4	27	881.111850031238	
16495	4	8	308.905231798489	
17650	2	22	721.511120945919	
19103	10	36	1147.10080032568	
15465	9	44	1404.08278914359	
25353	8	34	1090.60532013448	
21637	1	43	1362.43449818456	
24371	3	21	692.525554137549	
14529	5	3	159.513541720581	
11501	3	19	650.911753108218	
8945	3	36	1169.61761052237	
21137	9	46	1457.36816839192	
15584	4	44	1417.18637610655	
22781	7	19	633.454746824435	
14215	1	46	1459.1405882403	
19831	2	4	200.310780499275	
15798	6	6	239.043576009126	
23261	2	3	152.611898552911	
24975	9	18	617.028936211499	
11651	9	43	1377.28647359521	
14610	2	41	1319.69465984017	
19526	3	17	590.693283616888	
20013	3	26	840.369320344352	
14064	4	23	759.589845035034	
26124	1	49	1545.68272081468	
14494	1	12	440.47924993582	
9455	5	48	1534.53550589016	
28481	10	15	513.391557984702	
11486	2	2	128.257218472779	
28716	3	35	1122.80871216339	
11100	7	39	1251.12390829768	
13113	5	31	998.974472637742	
17549	6	25	820.113859856554	
14901	4	10	381.917332588656	
26919	7	43	1360.32143577948	
21340	4	22	736.750491567306	
26032	5	29	958.811534158332	
28699	7	38	1205.13707962126	
17398	9	3	141.241146727112	
8145	7	39	1241.49411296542	
19983	4	18	621.920123948678	
12441	9	14	495.60428769123	
24825	1	10	369.068651035926	
12874	10	19	637.594989388061	
10901	9	30	984.589756217128	
10242	6	28	921.404392589538	
8397	3	19	651.509391931588	
11798	4	35	1117.92627148234	
28295	10	46	1467.04635140814	
20354	5	40	1281.83994334277	
22705	7	33	1063.06822703363	
14542	4	8	308.57411276017	
25049	10	28	913.883887768669	
23216	8	33	1056.14764512337	
23914	3	41	1325.38640706119	
18149	8	10	370.41856641435	
13690	7	33	1068.53591145414	
28072	8	49	1561.92127591088	
8761	2	37	1201.41807951099	
15173	9	32	1043.60353920777	
18605	2	36	1156.06981424432	
27408	9	28	929.042940199861	
13970	5	19	644.26833566477	
18041	3	19	636.704829557196	
28862	2	31	999.787844810536	
21690	1	6	250.643137884626	
29257	5	21	717.25430853537	
26658	8	35	1115.26904351789	
20750	9	27	873.133311044952	
25792	8	24	802.390096672992	
20322	10	26	841.499246340943	
25911	2	19	633.906496387863	
14531	9	1	91.3707518257996	
29509	8	30	975.534823246084	
17705	8	25	835.366349646527	
17800	5	28	904.090372148943	
15841	4	8	301.624632580962	
26276	3	7	282.774330956291	
26707	3	43	1375.00008881791	
19887	5	21	704.278328225146	
22915	2	44	1388.96985800423	
21843	2	14	496.609234407828	
18261	5	19	646.34520657656	
23119	7	13	446.417275130012	
27260	8	2	139.740485129757	
20871	4	32	1022.54979553751	
10539	1	3	165.090584869073	
26685	1	43	1363.96621473318	
28766	9	19	656.530925527462	
17282	9	33	1069.90286936513	
25008	5	40	1268.21458011317	
24576	2	31	996.890258247447	
26243	2	1	83.7190001102719	
25821	6	21	697.637607519346	
12852	6	3	165.424298721098	
9757	9	40	1292.87718374882	
12522	1	46	1451.33595202646	
23720	5	42	1332.36382147873	
10394	3	39	1237.80714457753	
20120	8	25	813.946618332503	
13240	3	7	284.150084054167	
19587	8	35	1136.2403484137	
8222	4	9	324.792960437384	
9395	4	22	744.65625473515	
26693	10	15	520.340697001825	
26262	8	15	509.161730645765	
23341	6	8	297.203360934371	
20322	10	48	1538.34906452259	
28337	2	8	300.781295476845	
27702	8	14	501.296034912251	
17352	6	3	148.793933833388	
13123	10	26	865.761580497847	
8511	8	7	266.921187092979	
15186	2	17	577.139751285845	
12807	9	39	1254.63368120353	
28758	1	22	739.46057983649	
16522	2	10	362.697733623301	
18638	4	7	277.851060534758	
9113	3	17	576.964344427439	
21689	2	50	1577.23804927302	
21592	2	3	165.552553015553	
11033	7	29	953.288093802188	
25116	10	16	538.738117990428	
28982	10	44	1403.23044167982	
9484	8	35	1134.17551655982	
14382	10	45	1444.6089880935	
19742	4	19	630.187496277591	
16268	6	31	993.733144306453	
18943	2	27	890.110524524986	
20470	2	35	1142.48916589771	
8403	6	32	1052.75442012248	
13986	7	17	569.260811102232	
27108	7	19	644.967186378766	
22486	4	19	641.053470485403	
14229	5	14	500.128244170979	
25975	8	9	332.729509590533	
9374	3	6	251.816273970444	
8250	3	47	1501.68895184141	
13578	6	48	1526.07657812819	
24496	4	38	1230.57875448399	
11752	2	24	805.346434603141	
14527	5	5	226.741520346488	
22807	7	35	1143.18491925634	
9622	6	6	235.234890615211	
13022	4	31	1001.10893553175	
15450	10	14	482.452999615321	
29902	2	25	809.969071154468	
20550	7	34	1106.57924882443	
22568	9	32	1043.00392631581	
23161	9	32	1025.96371888461	
25517	3	31	1010.17945012552	
11417	5	39	1253.4848914917	
23733	9	25	835.399477051291	
17127	8	39	1260.5690953045	
10262	3	22	728.39406531695	
16032	2	28	930.86199025198	
20994	7	20	677.502230423271	
20751	7	15	521.562518757564	
25915	9	38	1210.48073817533	
24918	8	20	675.731708908329	
27895	2	47	1478.97423436817	
24655	2	28	903.470216627917	
23456	6	22	728.238539997599	
20936	6	23	758.292129579136	
14939	10	32	1048.54161478977	
27354	4	37	1179.53312273116	
16615	4	8	300.794394119081	
24646	1	38	1225.86771660758	
23923	3	3	157.011507114867	
21924	5	31	1001.904171613	
20049	7	17	567.644305866046	
17099	7	13	461.00878178189	
28597	3	9	351.774482406571	
22066	2	29	946.385589943447	
22858	2	26	851.891614669883	
27417	4	48	1538.81103266907	
15839	3	44	1410.10317454585	
10532	5	10	383.503227375216	
13335	7	14	482.121506148075	
18466	8	22	731.722516944503	
16352	9	21	714.639916939028	
11371	1	35	1123.60824745316	
10394	3	49	1550.72921799064	
29832	8	46	1464.14680564038	
17297	9	5	212.309715772192	
22642	8	44	1399.26952863078	
19586	9	42	1333.86133405094	
15649	7	30	984.398091074265	
26801	1	48	1512.65940516845	
22360	7	36	1169.266253919	
25800	3	39	1255.22727916726	
8299	10	42	1330.25375521288	
15357	6	10	371.208213666085	
23104	10	28	930.344869219859	
17113	8	42	1351.60452011582	
27584	2	47	1501.87621797522	
12149	4	34	1098.50298034889	
10339	8	13	464.892789677201	
10047	2	24	786.693275825443	
22713	7	45	1421.57581280059	
29844	3	6	261.65860549624	
13919	4	37	1184.10135454689	
12597	8	32	1029.56774170956	
19935	2	2	121.099754702812	
9136	10	16	538.319413018562	
14167	7	19	629.170668343627	
23924	9	30	981.710409085131	
19538	3	47	1489.01388710784	
21013	6	14	488.677480634617	
11563	5	24	789.583032647885	
28382	9	35	1120.75881570613	
29724	8	10	373.999003048054	
23084	3	2	119.44101260949	
25012	1	16	558.758221230823	
11918	9	49	1561.0917919693	
14621	3	12	435.36598691501	
28122	5	29	952.740998637276	
10197	5	26	864.091734357221	
11616	5	18	625.982413806944	
11057	4	39	1249.27208615899	
17676	8	45	1445.67178868021	
18856	6	28	916.396303044817	
16875	8	41	1313.20831143912	
18482	2	17	587.745253195867	
24746	7	42	1346.67689244574	
26870	3	25	837.390550653166	
18337	9	3	169.800568115805	
20283	6	31	1021.42961318671	
12079	4	37	1194.78106982763	
18686	3	29	950.01539669466	
28941	6	15	520.308052320177	
11763	1	32	1025.21038486865	
27012	7	37	1196.80995154977	
24882	4	20	660.545693347485	
10279	7	16	550.063911448263	
13570	6	35	1130.53856239214	
25034	10	4	174.040505743604	
25641	2	48	1509.62946328783	
28200	5	31	1005.82739262182	
10859	10	37	1183.13904742856	
27539	5	14	497.559119545649	
10141	10	45	1444.8474469431	
27274	1	17	575.720610439647	
12362	2	24	803.076372520568	
12979	6	2	128.507438212869	
9669	3	29	961.228276119208	
9229	1	40	1290.81274260339	
8105	6	44	1412.44999243526	
17408	7	30	969.253077250557	
16468	10	31	996.238533200807	
8065	6	19	629.135219337947	
27878	9	8	314.411245991667	
9466	5	45	1438.91037587026	
10155	8	35	1137.42118966646	
14798	7	50	1575.90402412038	
24402	4	29	945.262302451424	
29089	1	46	1470.89304310777	
9031	2	15	521.822488513692	
27106	9	10	374.422862257074	
11813	6	41	1300.9288623654	
26420	2	16	539.370100227823	
28206	7	49	1560.28079589842	
18355	2	10	374.232817280215	
21377	2	35	1138.66208393996	
9879	4	9	349.274980327708	
17420	7	4	175.548430837481	
19447	5	23	777.189051498281	
10590	4	33	1058.89531926201	
16807	10	1	88.6943097825601	
26612	6	15	510.553229577166	
29186	4	9	341.325481171406	
27403	4	32	1043.11153534945	
12791	2	46	1458.2643417354	
29266	3	32	1042.84336637838	
19952	2	25	831.712966613338	
20498	1	1	80.8243417371178	
8250	3	12	420.675692605169	
10854	3	17	590.131938918555	
18242	3	16	539.237814982998	
20086	8	13	465.44861632653	
14713	5	36	1146.57780804978	
9269	10	10	357.350575680542	
14741	2	2	132.176535936155	
8332	5	7	278.542536626823	
10629	8	11	400.880177356713	
15161	7	7	285.896806328509	
21754	10	37	1186.30000899839	
21480	6	2	139.388761883317	
12481	5	20	684.641669227109	
17897	7	38	1204.80160899684	
28191	5	39	1259.64551928437	
19320	2	39	1252.21801722991	
23228	2	38	1215.20660103076	
18904	2	41	1304.89853025642	
27706	2	22	723.768947200742	
29889	9	16	537.27832364723	
21327	2	36	1150.61462966288	
19462	9	32	1037.05852649969	
13679	2	15	533.80139219286	
12653	9	49	1552.95900737539	
10324	8	7	264.039224620927	
22730	6	8	311.917423341385	
24940	4	44	1403.7556826527	
8467	3	16	538.699847673392	
9649	1	22	734.913052029402	
17503	10	37	1186.0236839885	
16301	6	13	456.146904256263	
16236	2	14	476.067009491877	
11501	3	11	385.708223053118	
22767	3	50	1575.07968238326	
17630	7	18	604.586609846254	
17408	7	29	960.761104189214	
14066	1	50	1582.58467353069	
26705	9	48	1508.97424593054	
13689	5	6	234.351054315619	
23937	2	6	262.019524547281	
21064	9	47	1508.10425996226	
26775	3	4	175.690280653392	
22844	6	25	817.781906583245	
21598	2	3	143.378173999199	
13107	2	17	589.248421839088	
20338	5	21	717.800289614964	
25972	7	13	454.253650034896	
27895	2	14	483.892700785721	
19524	5	26	850.907710292799	
13095	7	21	689.107463941494	
28634	8	45	1427.90493431869	
8207	8	6	233.365811478983	
10204	1	11	399.074419177638	
12423	7	10	374.434642966108	
28408	7	15	530.209712074236	
29243	6	30	983.61716610548	
26262	8	2	136.330546725695	
12623	4	17	586.278807607609	
24716	3	7	281.409391705603	
15708	9	28	914.660384708392	
15806	5	16	553.59489302784	
20660	7	37	1193.47668826276	
8261	4	35	1143.62948459742	
12755	10	25	814.856493368212	
11575	9	45	1429.74990207225	
27909	2	24	790.232999506515	
16019	6	42	1353.6805388302	
9024	3	21	709.561986843851	
15980	8	20	680.214999150585	
13690	7	10	378.884415095153	
29901	4	40	1269.63334369922	
19890	2	41	1306.23235510021	
27456	3	36	1150.5474759408	
14474	10	16	541.749422653462	
25198	3	19	629.174063684966	
9435	7	33	1054.92434900949	
13046	8	8	299.276619916445	
18630	3	13	470.423218193661	
14807	1	32	1043.7105855363	
28306	10	36	1146.23893500596	
23656	1	46	1457.66377330649	
29526	6	31	999.862981866981	
15093	4	40	1287.79213738059	
10658	9	2	125.805588087908	
20962	1	43	1358.11874966981	
28182	2	8	302.781092777281	
24550	10	3	156.99259031424	
27400	1	1	91.2735800870106	
26435	8	35	1124.86997030902	
13433	8	38	1220.96944374077	
25579	9	28	904.430557463519	
23367	8	33	1076.30586592309	
13586	2	41	1307.56485422494	
18122	4	28	919.690669607227	
29901	4	41	1308.42463151944	
12020	3	11	394.627571699502	
29514	8	19	632.060796055971	
19532	7	1	82.9254132150325	
29134	3	8	313.628271926953	
18788	8	44	1399.01542233257	
24271	4	30	964.119750784766	
11183	3	42	1344.69166319104	
28880	5	44	1403.67770163514	
22159	7	16	552.023295197647	
21696	1	31	1019.47412024228	
29562	5	5	201.672579218481	
21662	9	20	682.81833553818	
17622	7	46	1457.32499652418	
16641	7	42	1345.26057928114	
13350	10	33	1075.28536306475	
24576	2	23	764.340546189035	
18825	3	40	1265.90732853203	
25860	2	35	1142.56822207131	
22318	5	22	735.170456699641	
18803	4	33	1056.9966114019	
16431	4	36	1153.73191116086	
18877	8	47	1505.68455088217	
23035	8	34	1097.82389650951	
22745	7	33	1056.7377436984	
12668	10	38	1206.96880929497	
23465	8	21	713.240409192275	
27056	6	42	1342.40695874319	
21786	10	37	1184.69201653483	
15349	8	33	1059.24555540981	
15599	3	33	1074.45385763163	
17556	10	7	273.327477776132	
22077	7	50	1598.66750087527	
8946	2	8	310.856806333576	
23040	8	25	833.324791134021	
26533	6	8	314.546491985464	
25505	5	14	502.863552953519	
21551	4	8	296.351206701412	
13059	4	6	236.794946266708	
16726	8	39	1244.69516320373	
8538	4	6	262.119184221197	
12413	6	4	192.972110115444	
11581	3	37	1196.18528023185	
25547	8	25	815.768842182946	
23387	6	21	706.331467845631	
9165	4	39	1236.44617045133	
24429	6	38	1219.9627572391	
28277	5	8	299.667593790063	
29362	1	9	346.013000805868	
23647	9	2	129.584607244276	
17420	7	16	536.62889755174	
17410	3	39	1238.52322893148	
9878	8	48	1533.73764385178	
21669	2	19	652.3943975253	
13225	1	46	1462.69405820532	
28182	2	6	234.692720358583	
26573	5	14	488.943020817332	
9822	5	35	1134.23689954646	
21678	7	18	626.187669516628	
13385	5	21	706.659462631987	
27815	10	23	765.775013140298	
29512	2	38	1221.71279204158	
12254	8	6	239.999646656215	
17818	8	12	424.432146225326	
21932	2	33	1077.56943756601	
22219	2	25	826.146642466144	
15286	10	5	203.005078343211	
16678	2	13	451.961529204604	
11173	10	21	704.000205390155	
29958	8	34	1110.71408729568	
15865	4	19	652.421810111227	
20489	4	16	547.989339487622	
18371	2	34	1109.11238226533	
21126	2	47	1497.87305886758	
15784	7	16	553.051272478444	
18239	1	29	944.024501286458	
27555	2	49	1557.54663092901	
28216	6	23	769.915708699224	
9730	3	13	471.492428663882	
17607	7	45	1420.29157324708	
14040	7	50	1587.00605205586	
28243	2	14	493.572815402212	
26131	8	33	1076.39395793732	
12905	4	35	1135.10740929055	
14337	8	18	602.61665785807	
25371	4	45	1435.93062870015	
29654	2	9	339.589833924356	
11552	6	32	1026.27310334997	
9395	4	13	448.162748128252	
10665	2	20	678.632070775438	
26612	6	45	1425.60347116813	
23868	7	30	968.626653407061	
18648	9	40	1270.16353718478	
20262	7	35	1130.13548363472	
28720	9	16	558.920150063429	
16270	1	19	640.406392179619	
17400	3	49	1552.97246345923	
16361	8	26	851.753134006519	
24782	8	42	1338.19940461693	
13085	8	47	1480.18482537949	
24782	8	34	1113.44109210812	
22396	4	26	848.001228034497	
18748	6	37	1195.66738839991	
16458	5	25	835.29891351019	
16501	3	33	1077.16279713305	
14442	9	50	1588.63955806412	
13240	3	5	209.410846666159	
10188	1	2	115.864584984195	
14682	2	4	179.343125046856	
14543	5	18	598.669556918866	
23988	8	7	277.146089429569	
26842	1	41	1319.02731211811	
13060	4	22	742.744470882576	
19828	3	24	805.896096269552	
13501	6	22	719.653410576123	
28699	7	9	352.202197738086	
29125	9	5	225.318834104258	
10570	5	21	704.892237365661	
18771	5	45	1421.81548836726	
19381	3	39	1241.63880886586	
26225	10	17	566.556808541788	
11653	10	23	776.731974993242	
12789	1	1	83.7987810763525	
22106	5	1	105.368134614717	
19900	7	40	1285.11061612755	
15085	7	40	1283.79515670417	
21147	6	27	877.825802302838	
17106	9	50	1578.9768986306	
8103	1	31	1018.95290880415	
21123	3	48	1512.64488029883	
24996	8	30	991.052037827229	
11383	10	24	785.793496922494	
24716	3	32	1031.71630408229	
18879	9	17	591.307603284394	
8222	4	11	386.850481138961	
26315	8	25	819.004824021368	
11486	2	27	897.905427002304	
24925	3	8	321.09504442713	
19237	6	2	137.944612157505	
9840	4	18	613.977099793952	
27381	2	41	1306.51978203399	
10398	1	8	303.725248940161	
26519	3	28	926.929978303113	
14335	3	46	1449.49319120939	
26806	8	14	481.485981345869	
11127	9	4	186.576159050025	
12058	4	8	305.882182524485	
28520	7	16	544.267440915232	
13688	5	14	490.482073058599	
19075	1	7	286.717952325343	
29370	10	14	495.087558075361	
9931	9	28	928.080226093568	
8008	7	32	1029.93764563926	
23238	9	4	176.56059575107	
27754	2	31	993.628016837699	
28600	7	12	416.709117114874	
18080	9	26	844.202446958144	
20568	2	36	1170.29925378519	
24490	2	36	1150.18829738264	
10090	4	44	1393.36764042888	
14095	6	24	790.81375576128	
16968	1	5	230.433948035554	
11495	4	21	696.911676180042	
18970	4	7	266.698244748031	
27293	10	38	1207.61751909164	
17353	2	34	1091.35259250708	
14229	5	10	367.311008035816	
15315	5	5	231.436867598182	
28129	4	14	499.045615130591	
12272	6	47	1500.64858655475	
15069	6	33	1054.29677073578	
11576	3	47	1504.22378967713	
17054	3	19	646.947625208156	
24232	1	27	887.838388573303	
9349	2	48	1535.11902683187	
18149	8	9	342.831559601627	
16446	5	46	1449.80199669013	
19113	5	6	234.305589866967	
28622	6	38	1223.88215326885	
21460	2	37	1178.53445707752	
17247	5	33	1057.91297417968	
15839	3	11	413.558361387606	
26573	5	36	1168.49482557201	
10417	2	25	812.23495647881	
24695	8	34	1097.55732222346	
12747	3	3	142.971811733661	
11847	2	42	1355.85585128323	
19293	9	29	935.155708331222	
8558	10	37	1197.67958644669	
15709	6	50	1570.14136402409	
24154	5	50	1574.80237706322	
12325	8	42	1327.60617321711	
25577	2	23	770.906747044486	
13246	10	9	344.576971728623	
12877	6	45	1423.16334403267	
23223	5	36	1156.08583399844	
28306	10	38	1206.81357276012	
12646	9	22	740.231733555082	
11143	5	8	321.875672117749	
21231	5	30	990.133388838793	
18223	4	45	1419.26515101421	
29278	10	3	154.445314926303	
12077	3	2	125.221825784641	
23988	8	17	589.833486503844	
22502	2	25	832.421181589561	
26163	7	17	590.863768398233	
13556	4	10	361.132600885412	
25971	3	5	222.099257065961	
13779	9	6	241.441568919197	
8470	2	22	730.796457236072	
14598	7	17	566.907120424745	
16316	9	21	689.896857091178	
21725	8	49	1546.41710051634	
17648	8	50	1571.65384030512	
15038	4	12	415.4546662492	
19368	5	13	457.255394373674	
25049	10	20	661.939122463548	
9487	8	47	1484.67671970123	
13795	9	23	769.140922524566	
9544	3	36	1144.64570735798	
26400	1	42	1335.49674122385	
28129	4	32	1032.15529970459	
18425	4	19	633.757281151487	
21123	3	15	528.904251106504	
18425	4	48	1525.84620949153	
14126	3	42	1326.69059751867	
11143	5	25	813.317042632642	
19403	1	10	382.370653479533	
11789	3	33	1064.67504454063	
26710	3	13	459.033192833435	
10047	2	22	736.017986841508	
10761	1	24	789.570263135047	
16305	5	48	1512.42991774922	
14029	4	8	313.748764430056	
23595	7	43	1359.26930606331	
24571	7	30	983.467659253379	
25603	7	10	368.336535602965	
10579	1	20	658.661339068162	
9959	8	50	1579.81377488925	
8694	9	17	586.693553825232	
23912	9	43	1381.83921084825	
16095	2	38	1213.75659421727	
16472	6	23	773.714139412024	
12485	5	16	546.883129210623	
17903	5	34	1083.23424359934	
19957	2	30	964.905519972046	
23411	4	43	1381.18907270077	
24765	6	24	799.252906739364	
13043	1	48	1529.12230547942	
22442	10	32	1045.907949659	
8299	10	17	574.146711534889	
9437	4	41	1322.13685305889	
12707	7	50	1571.09081103052	
24412	4	23	777.229964759774	
17609	7	39	1254.63664761495	
16701	8	13	467.109851309615	
22110	10	35	1120.68803377482	
24698	10	37	1196.31757467814	
17104	7	20	663.987277012312	
17750	7	34	1105.73058407089	
18855	8	43	1377.54672576559	
8224	2	50	1578.76194740588	
29721	7	23	757.424212525331	
29084	7	43	1382.40837608576	
22810	3	50	1594.77847039456	
11786	2	43	1377.3368572897	
29812	3	23	777.46693934196	
19434	7	41	1312.66833608629	
15788	1	7	292.384534241811	
22160	3	32	1031.98700699582	
19251	9	3	168.918858770709	
16525	7	1	83.2777833953862	
14965	6	47	1504.86294481198	
13991	4	7	262.447368699334	
24590	3	43	1362.80649650973	
19188	4	5	201.740147006577	
26466	9	9	338.44116029257	
9145	6	3	166.874151940865	
10156	2	32	1045.67000750716	
8918	2	19	640.940689519486	
16816	8	49	1545.5015248179	
23493	7	1	94.0641358932779	
9434	3	13	453.248348000109	
17809	8	1	98.767094881631	
17135	1	47	1484.88648129855	
19641	9	31	1013.88113378262	
10923	2	25	818.479452104531	
9381	5	25	815.199952989444	
23538	2	20	659.112116815109	
11746	2	30	972.159454753697	
26204	1	46	1462.77962547856	
23436	5	23	772.018960924828	
23312	9	50	1594.67406205585	
21730	4	16	554.083190818356	
29822	4	24	809.146828059641	
17637	3	44	1403.07726344237	
20950	8	16	536.332381691939	
23921	3	30	991.305763326262	
14229	5	16	552.104658816058	
25647	6	41	1305.89738630964	
20500	4	7	267.438580630086	
26824	8	3	148.520736614485	
11918	9	17	586.868372497553	
27990	8	17	577.135298483602	
15983	3	29	956.98909088829	
22933	7	17	570.868928139503	
10500	7	44	1417.2739082469	
29002	8	44	1388.64344233118	
24329	5	31	1014.42346825005	
21524	4	35	1132.89650060837	
26412	9	5	208.668691017045	
16444	8	32	1033.81388183395	
24555	6	5	230.647567170974	
27169	10	1	103.046587492827	
25316	9	36	1160.22905925299	
28303	6	43	1363.48258987231	
19473	3	38	1205.51359940577	
9873	6	22	738.6571176437	
18595	3	47	1497.52189478722	
22963	10	20	660.897336611942	
15244	4	19	638.857405185167	
26735	9	49	1562.26698635252	
10814	9	22	733.556219271178	
27329	2	28	920.225079488114	
13490	5	36	1169.20738151726	
20034	8	31	996.899897845881	
11637	4	1	88.6037213395367	
19386	2	32	1030.77975399363	
27599	7	33	1053.30054063969	
23102	1	49	1559.72923306736	
18114	1	39	1265.40776531464	
23644	2	29	947.135396966308	
20558	4	38	1214.76949312481	
24994	8	42	1339.77262119752	
25547	8	13	453.5021088894	
16202	8	46	1476.98078820341	
25322	3	34	1107.19576339572	
13288	5	46	1476.11304951651	
27634	2	22	741.778003993341	
16903	8	31	994.017553159044	
14998	8	37	1196.60722553572	
14003	8	32	1029.83600977335	
16242	6	44	1400.7764847394	
8395	7	35	1126.21561620674	
26501	1	26	843.490763736652	
24592	8	15	508.965743644613	
18676	3	18	621.371393753854	
8438	10	50	1571.62747456302	
8632	3	31	993.854131565361	
22131	6	32	1045.66423818733	
15851	8	7	277.5636640366	
10184	6	44	1397.67526404824	
24887	2	34	1093.78386853905	
13751	8	47	1491.20732220412	
25679	6	22	747.039981124476	
8860	2	8	305.17159427757	
28576	2	31	1014.96451734331	
19009	7	40	1266.64329300944	
9171	8	31	1007.92791696635	
23598	8	49	1560.08919304241	
26413	3	16	562.265206799966	
20489	4	13	466.494154253273	
13601	10	12	415.342901691488	
26603	1	33	1054.69423518269	
16927	4	46	1467.48873529373	
23563	3	26	861.533294050737	
17902	6	45	1419.04438870914	
22218	5	14	490.874945973454	
8532	4	39	1249.54447860343	
27119	6	40	1283.24827104958	
28572	8	9	336.286826476588	
15646	3	42	1329.40054988926	
15085	7	50	1596.87911365036	
13659	1	17	583.504341628172	
17701	5	33	1064.29011107622	
26218	8	38	1209.02139541182	
27764	10	6	241.490501613119	
11963	10	38	1207.34060306444	
24940	4	3	156.734315751462	
18966	1	22	740.241637872644	
23385	5	13	455.528504092027	
29829	7	2	116.976246776514	
18919	3	2	116.925622428267	
25789	6	1	87.6363024523651	
20805	5	43	1362.16556903076	
16124	8	46	1467.7325012664	
10316	1	46	1453.35152842726	
15252	9	41	1323.56217092069	
26132	3	20	672.732640073045	
8286	6	5	228.33051461183	
25002	1	16	542.016270860106	
18717	3	45	1440.55247038629	
28223	8	16	548.185132550162	
22376	6	24	781.688810950932	
19419	9	15	511.752346359078	
24746	7	25	810.113071282447	
11968	6	21	694.493108081861	
10531	4	12	426.082249556706	
19816	6	39	1258.72688091301	
26055	3	50	1581.95746968591	
29097	2	21	689.921354935468	
25929	5	5	210.496447780401	
12267	1	11	402.082995959596	
20722	9	41	1310.60586051578	
21439	9	24	789.37741171074	
13434	9	16	548.163114147337	
10056	3	44	1400.79615039788	
21534	2	17	590.279526910875	
14841	8	15	506.917211127895	
21340	4	35	1138.01858571266	
14772	3	3	143.681092664451	
26999	7	44	1407.62391427887	
26453	6	37	1189.90897725798	
15520	6	9	347.686279093701	
8959	7	37	1184.56068895038	
9003	7	15	525.288960023452	
8534	7	12	429.568531825006	
17098	7	11	407.706599239123	
13769	6	40	1292.52866615193	
27428	4	50	1599.75623402733	
29033	5	31	1008.18176562348	
26416	10	4	175.482217788455	
10791	7	45	1418.14230590041	
19194	3	34	1101.2139639916	
17068	9	25	821.232000189476	
9472	4	14	495.734356090303	
9801	7	26	861.215417339101	
11520	5	27	895.190302699427	
9159	6	3	151.751995269094	
16712	1	9	334.177039793775	
29400	5	17	594.528287329957	
9649	1	44	1415.40825205641	
23356	8	49	1548.61372215143	
25929	5	4	174.776846065548	
9653	4	2	130.320282937177	
20595	7	9	325.032056311626	
17099	7	41	1314.89325081692	
18318	10	11	406.319761912487	
25565	4	27	898.258890741625	
23003	2	27	894.00245488342	
15630	10	3	146.93635086852	
22356	10	29	943.072001516387	
27729	5	27	896.644959792795	
18730	5	35	1134.71405436039	
17419	9	3	164.649421947379	
9710	10	22	734.392356581237	
23600	3	9	330.643493128309	
18516	6	7	280.498853456461	
15630	10	37	1197.12812200055	
18062	7	50	1586.46338633563	
9691	2	13	460.544539457441	
19442	1	10	366.786508842738	
18296	10	22	733.553583404773	
11918	9	39	1258.97064688568	
21889	9	19	653.775704062439	
9090	4	17	594.439137147013	
11224	6	11	392.354141879992	
16973	10	28	900.869031968	
9433	3	17	569.373860326304	
18256	1	10	373.643055620437	
23988	8	40	1286.94769680824	
27403	4	17	585.605847698453	
17495	8	15	518.527531641781	
28456	6	6	252.74017133412	
17099	7	18	623.490298382701	
19208	9	9	328.272840608038	
19842	8	46	1459.01019212744	
15318	10	34	1095.13213119243	
18149	8	8	297.365996156524	
23971	2	29	939.528632638756	
13189	6	25	810.395709206534	
16313	3	1	103.248769912519	
27058	3	34	1109.4477084975	
12097	7	14	478.526211268514	
21519	10	48	1532.81988315881	
13950	9	3	145.109764107088	
8100	2	27	878.83725799566	
19874	1	10	363.428251540022	
23337	4	31	1016.56454204422	
26413	3	3	166.839643608238	
16895	8	6	245.090862961994	
14399	5	20	660.71656388264	
20170	7	41	1298.06218069888	
8184	10	3	165.288608933468	
9907	5	46	1473.63250033633	
27243	9	8	307.741778487219	
27448	3	23	761.85466865164	
26266	6	10	369.643075265755	
21063	10	35	1121.00114200311	
27298	5	35	1135.88114579016	
13605	1	48	1532.67791443163	
11371	1	14	494.024218848918	
29186	4	45	1436.94590158618	
23043	6	18	604.615835121188	
14966	2	38	1207.05475807518	
11614	3	36	1161.33050317007	
27366	8	14	504.544469874606	
19438	10	22	723.904788458676	
16403	5	17	591.223755977686	
17140	10	45	1436.37658133934	
13260	2	27	875.3821644538	
28836	2	25	835.51136193588	
27853	4	50	1583.13285729994	
12200	4	9	337.599489361793	
8857	6	26	856.067677129092	
23188	8	12	437.295769544922	
26738	9	26	857.33880034524	
10850	6	9	335.027372136259	
25123	3	41	1326.15076372686	
20732	5	17	588.665939955351	
15017	8	41	1315.60187915135	
18605	2	1	108.92589033997	
25948	6	47	1484.30448992378	
17564	2	14	482.534216718066	
27208	4	5	208.552192658443	
23777	2	21	706.231132925596	
19347	1	27	887.543666999575	
24064	5	12	433.238922708313	
26406	7	10	379.107670997785	
10148	9	11	395.748519895481	
28266	4	36	1166.4181719564	
27481	5	36	1169.36711686168	
9635	5	50	1574.13098918932	
20654	3	23	761.48485036636	
17133	3	31	1006.85071820712	
28109	4	11	396.371490357617	
17495	8	7	266.302868326336	
14537	6	17	584.83187337631	
13794	3	27	871.471453193329	
17842	2	13	451.489379988746	
10901	9	39	1240.56529423248	
8331	8	6	234.932469536985	
22641	2	43	1372.20449556234	
20952	10	37	1180.18796070488	
28983	3	27	891.457479154438	
15821	5	31	1009.57950102611	
19920	5	20	677.583706582703	
17637	3	32	1040.46269133709	
24664	4	28	909.220931804376	
15153	10	35	1116.33673079141	
11724	10	32	1050.40297814198	
13955	10	15	506.827296515381	
19103	10	19	643.492311538892	
8945	3	18	612.335202047757	
8982	9	45	1420.27926663881	
8709	2	47	1503.75202409166	
14541	4	18	609.719728925135	
13826	5	32	1034.41168486812	
29621	6	14	476.063642462745	
19608	10	17	580.823625149589	
15225	8	10	353.786836170492	
12431	8	3	151.305547166292	
25036	10	12	424.79711746089	
24180	10	7	275.475236082205	
22568	9	9	349.958409382942	
26373	1	41	1306.01504759212	
12874	10	26	861.380372746559	
27523	4	28	901.648006933577	
25971	3	28	930.74877115467	
12970	10	16	539.696186771475	
9683	8	6	250.992901218586	
18529	2	9	352.50692696893	
10766	6	33	1063.55591894293	
20917	10	29	954.661383738118	
28356	8	29	948.100645722868	
9782	3	36	1160.66940961437	
9683	8	9	336.721394777634	
13928	5	11	384.116529218907	
29893	7	37	1191.07673756363	
24944	10	24	798.972691632329	
18089	1	1	108.647426342893	
20660	7	45	1447.08097566249	
15832	8	35	1124.01799090394	
8925	1	26	862.770940206373	
11997	1	29	945.345541753501	
9415	3	22	739.590875441018	
16908	7	18	605.87480532279	
16446	5	32	1041.79578714156	
20629	3	29	941.205583727549	
24825	1	34	1103.09869411546	
8926	4	43	1386.65176143248	
29238	5	25	831.891183458218	
15146	1	4	188.768230913565	
8003	2	10	370.64782804374	
16205	9	4	177.702543818253	
19231	7	36	1169.25974706619	
10226	9	44	1410.13535207609	
20339	1	37	1176.72925948013	
24907	1	28	910.229551321934	
15425	8	37	1185.44243156232	
8937	6	5	228.199128279555	
23532	9	43	1375.93569964913	
13704	8	4	189.713920182415	
21317	1	13	449.524745032901	
20757	5	29	945.343829572827	
8105	6	23	777.89605117305	
24208	5	32	1043.27137757245	
11638	1	40	1288.83092780077	
23988	8	39	1264.23455632489	
8828	5	9	339.609857024443	
28472	1	39	1247.03062931403	
8242	5	8	305.603199706228	
29409	9	45	1443.33494730449	
26893	10	40	1277.09095083042	
25519	2	16	552.176198806696	
13487	7	15	506.705860508003	
27889	10	19	627.287556262355	
8558	10	36	1162.02617725452	
24193	4	28	930.129694328704	
29832	8	38	1210.36753394192	
29186	4	24	780.140242269328	
20442	3	45	1419.584585605	
14925	5	49	1560.44242320603	
29862	4	45	1427.65007703921	
28289	8	23	753.044425338993	
24826	6	31	1019.10171776037	
15636	4	6	243.738696055365	
11023	8	23	772.90809089919	
27898	8	26	856.958839919865	
10759	8	43	1378.84089865668	
26854	1	42	1350.53405753827	
17264	2	23	759.992135297503	
19972	6	33	1073.88697789697	
10944	3	1	85.6343060013067	
12792	10	19	650.773563352774	
20470	2	9	332.711726693768	
8286	6	42	1337.36705548007	
13016	4	23	754.493245871036	
21993	3	48	1517.42711063355	
16712	1	6	247.449490580451	
20950	8	41	1296.31949786857	
8365	1	28	917.043877522016	
28329	4	43	1377.56123081667	
25578	5	20	681.595726703105	
22529	4	46	1456.06806480143	
20671	7	36	1161.04856172625	
29077	4	30	988.556236153728	
12791	2	15	511.677280083148	
13898	6	45	1418.47162923704	
15041	6	40	1270.99668331025	
9505	4	18	621.972190803835	
17921	1	9	328.109174821577	
19006	2	9	326.599565151427	
26360	3	41	1299.86201738001	
28564	5	14	485.302189292993	
21870	7	11	408.614542674559	
13107	2	44	1415.4932764431	
20232	6	10	362.063843143202	
17839	9	41	1296.48031969391	
12063	2	48	1526.24211181246	
20899	2	18	614.157355117685	
16205	9	9	350.363286673261	
18913	5	15	511.872087880909	
18788	8	47	1485.39365766821	
28475	10	17	589.075799486169	
28575	9	17	567.038494016527	
11270	3	25	831.716221809255	
10070	1	45	1437.70064130318	
13376	10	21	706.317387477643	
28526	5	8	299.464472112928	
20755	10	23	769.33880502793	
9544	3	46	1472.79431039132	
27742	2	39	1244.59906662097	
17372	7	23	762.680203748252	
23520	3	48	1514.04803607336	
10925	10	46	1463.09636474731	
23042	7	2	122.023354788322	
12791	2	29	958.846696502923	
12471	10	50	1571.58201223779	
19317	1	37	1191.99586361274	
22167	4	2	110.545481606641	
8470	2	42	1332.06141597222	
19795	4	29	954.436461662145	
23510	5	37	1185.96215660961	
16859	10	25	836.868707852843	
24551	4	34	1102.4248827167	
13248	6	15	513.392570146077	
18081	8	43	1374.02496051696	
18319	2	37	1200.33211670831	
12929	1	8	322.159020678214	
23062	2	15	517.218450250671	
13106	4	33	1055.30321233687	
17692	6	33	1058.01292617713	
19283	7	50	1591.18499882109	
14176	2	38	1233.29213546277	
15373	4	32	1025.95621119531	
8303	10	14	485.171789641106	
21657	6	47	1492.16757314846	
27583	2	4	172.519927216936	
12715	1	30	969.029570784899	
29052	1	11	409.332339916999	
22666	8	36	1150.85559485054	
26131	8	44	1405.35989260551	
17634	3	37	1199.00715712412	
21777	3	17	581.657878282321	
18813	3	23	749.177880412516	
29950	6	20	683.510108200605	
13955	10	36	1163.91936140317	
15741	1	43	1385.81398130665	
11893	3	18	622.20582454568	
24585	10	10	366.591187886238	
15497	7	16	536.646579940173	
25330	6	11	390.481830905416	
15149	2	4	184.484456081169	
26627	6	47	1495.69663020582	
23821	6	27	882.095939145468	
27657	7	31	995.926825011115	
9311	3	28	925.909931271295	
12239	8	22	728.524949815369	
19067	8	34	1086.65091676947	
28662	6	2	133.645923870451	
19504	6	33	1057.69126129229	
24870	1	8	317.36852459487	
12221	8	13	464.158366799428	
25976	5	43	1382.24602186226	
8978	3	41	1314.03559269106	
16626	2	14	494.781384214191	
10960	8	39	1253.41406779988	
15186	2	35	1129.38806828549	
23528	4	17	568.09182487805	
17564	2	33	1057.92457510621	
29526	6	5	229.855781639859	
23779	10	26	866.326769285987	
28010	10	20	682.552441452887	
20450	7	26	862.663523695741	
17561	4	16	559.689886756097	
14168	8	48	1526.70152336671	
14480	10	42	1355.42930453803	
17448	10	20	684.304278327294	
15772	3	3	167.690827440326	
9424	1	14	498.914774516092	
14639	9	29	949.473208742902	
12066	10	50	1588.21097921031	
20257	7	20	658.126292162634	
14976	5	49	1555.56783279198	
13636	4	50	1580.5718703105	
24155	10	22	744.821381431455	
20021	6	29	953.528470095959	
20338	5	4	175.48836861527	
26886	9	12	431.196196317298	
13388	3	1	110.029386184192	
18357	5	36	1159.26185836981	
14393	2	26	843.642623333094	
8570	6	20	685.869010447464	
19828	3	28	915.383646914448	
15334	7	29	951.641078624707	
19293	9	28	913.487070255674	
27365	9	31	1021.20152580608	
9953	5	44	1416.76113526186	
28331	7	26	867.622285591263	
19890	2	9	334.396496198325	
11567	3	32	1030.09604040072	
16458	5	2	114.531293117689	
29071	1	27	897.722156428603	
14452	3	36	1164.28124943947	
27876	4	5	216.735406246379	
9484	8	40	1270.31981065419	
12976	7	41	1307.92938945253	
25458	3	28	921.820932385428	
13588	1	31	1016.00674344972	
11657	9	29	955.394415778757	
19996	9	39	1240.49752047309	
8250	3	8	321.605652944001	
14032	6	19	640.834122375042	
29907	6	20	667.73614225338	
14282	10	24	784.172715127548	
26202	10	33	1069.48028208198	
28758	1	39	1259.24223243224	
20125	3	15	508.590534007452	
9997	8	44	1401.67415155176	
29724	8	19	649.214211259603	
27124	3	35	1141.25291411823	
16807	10	36	1157.92569918461	
9358	5	23	778.191871968187	
25757	8	16	538.062438693858	
27056	6	47	1498.66271673639	
13269	5	30	986.213158306765	
12784	7	6	260.457758838524	
23595	7	43	1367.16879453844	
24103	7	48	1511.02244507103	
22617	9	39	1246.20281650042	
19975	10	17	585.499997560633	
13783	1	48	1538.66816927617	
28758	1	44	1416.68199273603	
12791	2	45	1433.294331242	
9249	1	33	1068.81873411537	
26806	8	28	914.941915625214	
15061	9	23	770.488822781708	
25861	4	34	1093.84504272316	
9952	7	45	1418.8324265456	
20331	3	11	390.252059656313	
28644	7	32	1036.89199197893	
9435	7	2	111.70753771053	
10316	1	23	759.481625165549	
25196	4	33	1075.80178053854	
29024	4	13	469.531865711106	
21954	10	28	917.65620542581	
15176	7	7	282.808500958052	
19544	10	1	98.1328681940832	
22666	8	5	211.2109317869	
28788	10	47	1482.16079654273	
23108	10	39	1254.24483782344	
24673	5	17	592.610991798626	
11154	4	1	95.0869837101023	
16086	2	8	298.40807433166	
9101	5	24	793.143582080092	
23399	4	46	1472.17034121611	
14749	4	29	936.339421149501	
8540	5	12	439.659717734745	
10213	6	40	1265.61853270308	
9960	6	25	830.522247939614	
25291	10	34	1089.86205181566	
27492	7	49	1540.76059491409	
21948	6	31	1010.79848731439	
15075	1	43	1369.8039269493	
25177	1	13	449.894418218124	
24645	9	41	1301.82935119692	
10335	8	14	504.92366020797	
9621	9	24	807.53979113304	
29868	7	37	1198.91740813801	
11695	6	46	1469.23079950234	
20722	9	10	378.991459300272	
17582	4	6	245.397189709077	
19169	1	21	689.758107461854	
9031	2	34	1091.42209189545	
15788	1	38	1212.32221928068	
21494	8	34	1109.5453764077	
9127	2	14	478.444074019065	
25795	1	41	1302.39009142965	
16859	10	3	148.530572982752	
11876	8	20	661.006511310584	
12258	7	24	783.404657348713	
14694	8	6	242.324890644441	
22646	2	39	1235.95786275154	
16233	4	1	108.861648528307	
21668	9	50	1591.95797867699	
22548	10	50	1592.88900576201	
25357	7	48	1523.58118556607	
21956	6	37	1198.27391840437	
27580	2	22	720.15074916191	
27359	9	37	1196.64839289926	
15404	1	50	1578.60249447571	
24432	1	11	410.829105046964	
19124	7	45	1428.22651002008	
19812	5	20	668.310178605984	
25013	9	27	900.390007840651	
24524	4	34	1096.13139706484	
26783	7	21	700.909050396136	
15176	7	30	989.677698216251	
11721	1	21	705.907362320417	
16075	3	23	767.702514514188	
10727	7	14	492.73254521784	
28079	5	33	1075.26870982501	
10737	5	14	499.215460056074	
27412	6	9	341.980132284565	
23447	7	37	1183.16933724245	
21948	6	34	1088.84764811436	
11576	3	47	1502.85288433677	
29235	10	18	603.664891814657	
20540	10	20	686.085855050984	
18358	7	40	1283.59820567239	
12791	2	33	1073.72626719704	
17054	3	38	1233.94932971986	
19607	1	10	371.129144751993	
9438	3	20	684.612021392496	
19573	7	2	127.117590590901	
23385	5	28	927.537161171221	
27971	9	11	384.802732162551	
19442	1	30	981.936838786088	
29255	7	43	1377.84594827231	
10076	7	13	457.005412456116	
9444	1	43	1378.24816563085	
17650	2	28	906.649741803598	
11315	3	3	167.389041971131	
20285	1	1	82.2690152387456	
14006	5	47	1490.62830502662	
26428	1	49	1568.16235425331	
23896	2	12	417.170679688999	
20119	5	1	101.44792885587	
16870	8	7	271.032084054794	
29074	5	4	196.19082221584	
17634	3	14	488.636326011567	
29085	8	34	1088.76637580281	
26960	7	20	676.482729109229	
21954	10	30	980.828058468563	
11993	2	6	248.273966092744	
8405	4	41	1308.1359475237	
21603	6	42	1343.10943058837	
15189	3	30	973.977730466974	
20908	9	15	525.692311285852	
20207	9	17	583.110330562624	
16975	6	3	170.036121425236	
17125	10	31	999.91629375141	
24049	8	17	592.188063353388	
23598	8	32	1036.55254348952	
24057	3	5	202.922125702222	
18581	3	12	424.653164755857	
8811	8	2	119.699960294971	
23108	10	25	823.614488627582	
24116	9	18	621.192588015084	
17268	10	50	1572.85284666943	
27258	2	24	791.328664902285	
28848	1	41	1318.97221161005	
17364	9	38	1211.83174994394	
26854	1	9	328.901949864301	
16465	10	30	989.454348883338	
26219	6	37	1186.08280341424	
8319	4	30	987.879667853881	
17402	6	14	496.946444817328	
9060	4	13	451.351827257942	
25682	4	38	1215.00698298915	
17244	9	23	751.676968425362	
8973	1	47	1481.4049554809	
13347	4	11	412.632807759863	
25113	9	17	569.895032835144	
10241	8	27	874.961879660823	
13582	10	50	1584.95989139423	
26544	10	19	637.466600610626	
28716	3	30	990.301086283429	
22963	10	15	516.338055299752	
10944	3	12	418.981643067199	
18108	1	37	1184.42773058285	
10727	7	31	1010.82500169558	
9176	10	16	536.244527500237	
15519	5	27	874.735617709689	
21220	6	10	366.969291030881	
17695	6	13	458.331871879442	
21592	2	11	394.461678450211	
18648	9	22	730.836498481611	
22060	1	47	1479.34688953652	
19660	1	36	1145.97514027077	
13905	4	48	1528.46239395834	
27413	8	37	1193.55619106142	
25326	7	33	1080.25534084079	
28044	8	8	298.179237385364	
12459	8	31	1004.86215731355	
14310	3	23	769.664114401519	
12682	8	46	1476.93462585888	
22596	5	12	427.580779244928	
23239	9	50	1591.37370958523	
14751	9	20	662.191162678502	
28635	4	11	400.256279669821	
15380	9	28	926.162985771039	
9154	6	18	602.625903209032	
20934	1	28	910.685328296705	
12113	3	45	1431.43336213726	
23204	4	7	288.631165944334	
10213	6	20	667.283485991547	
14781	10	1	102.293030518244	
22810	3	6	241.590663828696	
26980	10	5	217.962234307994	
14421	8	43	1387.18656414523	
14355	8	22	729.398874011542	
13354	4	11	387.27643332783	
10106	5	7	282.210944947885	
20557	9	13	468.425116086577	
20383	2	43	1380.50366320671	
26919	7	26	862.727684109811	
19282	5	12	417.096132234249	
10722	7	49	1561.93265883342	
10727	7	18	611.122477003896	
13704	8	27	871.621124964031	
19995	1	9	337.04316937227	
10520	10	18	617.599555280804	
26090	1	28	905.376686987177	
19208	9	40	1286.54458903081	
26673	9	36	1158.12077736395	
9516	1	14	481.149614640116	
28793	10	4	194.453570374499	
11137	4	36	1165.03287552159	
9195	8	4	185.297765259304	
8929	4	4	188.025265535351	
