idEmpleado	idDepartamento	ventas	importe	
11032	10	2	134.874985765142	
26958	6	28	917.80402133139	
16599	6	49	1569.41598264939	
27746	3	11	408.943001073293	
21008	5	41	1297.93475312085	
10569	10	42	1338.56506171569	
8148	10	28	922.82267486808	
25476	3	44	1394.4985170078	
13043	1	45	1421.11834417149	
19760	3	48	1521.48400701652	
8145	7	9	326.28416151101	
18250	8	31	998.969759363201	
13766	5	6	238.005954175259	
16461	5	50	1570.08252418138	
20119	5	11	404.714754971077	
14476	7	15	509.726136601403	
15695	7	28	920.41970679556	
17921	1	24	802.735308819793	
28861	1	47	1479.8905624635	
14354	6	48	1513.98687816876	
20800	6	12	433.679284394569	
25493	10	11	394.218560119261	
19098	10	35	1138.81340206545	
15072	5	25	834.600452796836	
25645	4	36	1166.65314769682	
27214	3	17	583.571678671786	
17503	10	41	1296.7867434103	
14972	6	28	905.751744446229	
11646	5	14	493.232635042273	
21995	10	14	502.395433272419	
20707	7	7	280.959730167389	
27123	3	14	481.758764498755	
18130	2	38	1210.10094408416	
9931	9	22	721.452816203913	
19283	7	19	655.459281623112	
24711	1	14	504.109435129962	
29907	6	13	447.723383739462	
29085	8	15	509.218323914901	
11148	3	48	1529.76007190056	
29107	1	49	1539.31832157975	
19048	4	15	530.774362930457	
16413	4	10	374.268950733481	
8946	2	20	678.961087632441	
9899	8	19	647.66492486357	
9622	6	20	676.556408087051	
15806	5	25	818.019720622348	
17017	10	10	357.148019539727	
10769	4	16	563.940527813481	
9063	1	34	1103.93853324649	
16620	5	27	890.828696196353	
15156	5	30	973.189365758183	
17182	4	1	98.6434271645934	
10061	3	14	479.298715479345	
14055	8	18	612.022917704667	
24285	8	30	977.497752391499	
27746	3	42	1340.65642564588	
15763	1	43	1378.99061926594	
16049	3	25	814.815529852554	
20276	8	26	842.289853376471	
21770	2	24	794.36307444906	
23885	9	2	121.778318305397	
26854	1	1	97.0709304218511	
16224	4	30	981.265881965526	
10341	8	31	998.722910899074	
12763	6	41	1320.52427684913	
9435	7	45	1444.52539701225	
26471	10	44	1388.86881527904	
9635	5	35	1116.55313797135	
26419	3	31	994.62324255827	
15636	4	47	1500.60531984112	
21255	3	3	142.002752861941	
8449	8	14	491.201382880659	
24618	4	27	872.975236919231	
24434	1	49	1540.57224088375	
15313	3	33	1063.21251523831	
16373	8	2	139.410333661088	
8429	1	41	1315.25747248682	
27878	9	17	571.148477201885	
26435	8	6	238.044044709785	
12413	6	12	428.633427074474	
29934	5	8	306.423659132059	
28001	2	25	812.846215596817	
15839	3	44	1401.81321119974	
19274	1	37	1202.40393884592	
14262	6	35	1129.20606751424	
9582	1	6	262.316303002795	
13221	6	1	82.4600490194094	
27519	4	20	678.078026379495	
11533	3	42	1343.95506381241	
21625	6	28	914.802855977231	
14470	8	22	725.118815864026	
24184	1	38	1232.90785388691	
14871	6	40	1266.92847053843	
25400	8	25	815.396997451501	
18819	5	47	1497.54000327435	
24649	4	15	513.703432508606	
27059	2	31	993.003068767955	
16546	8	40	1280.23817673337	
17111	2	28	927.140648014443	
8281	8	25	832.031011074796	
11368	6	32	1029.15090534331	
13095	7	26	840.594881568381	
28762	10	36	1169.31728525521	
19011	9	37	1203.33321340537	
21823	7	25	828.825943334413	
12876	7	16	561.987982877524	
19064	5	25	825.668190245362	
10224	2	16	538.726474595594	
12304	4	36	1148.81040246636	
23838	8	28	918.087418730411	
22198	9	1	105.39895315906	
12299	2	27	887.842142064051	
26102	2	19	656.771485142769	
27918	6	14	493.656426301997	
10104	2	17	567.939415317001	
13859	6	28	908.93210270858	
21443	9	8	295.257719222111	
25973	9	43	1378.86194311961	
14690	7	46	1469.51684338484	
17110	8	35	1138.20797384633	
21436	6	45	1442.06534799285	
24497	7	24	790.790788899544	
26711	10	43	1372.59807415893	
11095	9	3	159.820386581039	
11431	10	26	855.486503977089	
27328	8	15	509.094898975033	
13364	3	25	824.272912342228	
19825	8	2	137.57823946773	
27169	10	2	123.032237609398	
24423	1	19	629.5090827297	
21147	6	22	746.407264893133	
21744	1	2	115.019295753454	
25260	1	39	1244.00782918744	
20453	7	31	1006.01303363499	
24525	6	31	999.482521731166	
13764	10	33	1065.82877756368	
15649	7	39	1243.52893034161	
11899	2	7	278.479997794367	
17264	2	13	453.577995511507	
9466	5	19	647.218084636712	
9132	1	32	1036.64811275743	
19542	9	35	1143.73357442382	
10569	10	35	1129.26762391313	
13332	2	15	505.867645082002	
9890	1	27	889.403902818171	
22628	7	45	1437.27667379998	
12325	8	19	656.136368744139	
26634	5	26	853.272044236433	
14066	1	9	327.457582134501	
20789	2	20	668.607900565773	
21744	1	8	298.445713286496	
18929	8	38	1214.14112564835	
27909	2	44	1410.72133334853	
13278	3	44	1388.93267416811	
25520	10	30	989.96566308195	
28277	5	8	318.360116443764	
19164	2	33	1067.99680740945	
26710	3	34	1089.49689867417	
19544	10	12	427.846709428284	
20590	7	11	399.73104435938	
26906	4	42	1337.7150705353	
24242	2	23	768.089950777632	
13916	10	14	495.694236986197	
27872	4	18	599.301319736662	
15609	4	6	251.680153837279	
21571	10	50	1590.37965740561	
27739	1	39	1243.83431287661	
11143	5	39	1250.75845150778	
16212	6	34	1094.17390457083	
29950	6	34	1102.11063775332	
23847	9	39	1265.40317236697	
8855	9	1	96.7777214277432	
28472	1	31	1005.2839476081	
22138	5	28	902.298758748127	
8358	2	4	181.559861088898	
21662	9	10	378.331773569031	
16111	10	39	1261.52316498641	
17918	8	29	946.73042907693	
22911	9	27	870.416483762868	
18452	2	31	1018.20983017711	
18788	8	46	1452.95853023089	
8439	6	50	1571.0008681058	
17420	7	44	1410.12065733323	
16158	6	33	1054.42433704362	
9675	1	11	411.063369443204	
29007	3	35	1132.26613924478	
25549	6	8	304.297962404926	
19605	10	46	1455.07515501933	
13510	2	1	96.0473705530387	
9552	3	23	761.122405287401	
12385	5	50	1597.83197015423	
13216	1	6	234.032031667434	
28398	9	46	1450.63328836608	
23884	10	2	133.846951152127	
20246	4	28	909.503014101415	
12429	2	9	348.558161979801	
27828	7	22	728.039337437618	
26120	9	18	609.966304176471	
18112	4	9	334.187491244724	
21682	2	27	899.024245412566	
23397	2	7	273.442360923366	
20627	8	31	1005.37791723636	
8602	6	43	1359.0981396656	
15484	5	25	825.346944381179	
27849	1	31	1003.2047281988	
23924	9	7	281.667991858752	
13586	2	7	288.857178040248	
27792	3	17	588.422574600402	
10318	2	40	1287.37281307921	
18082	4	21	691.63388951292	
21985	10	19	656.836951457354	
18377	7	4	201.266378332519	
15194	2	8	299.080414911304	
24929	10	31	1009.63687925117	
26672	10	16	546.772514128486	
10977	1	43	1366.7142024295	
20438	3	29	957.969293444403	
13206	7	32	1041.26989994257	
17471	6	7	268.237950293458	
17630	7	22	719.414014592494	
12979	6	43	1366.08169500068	
21820	9	44	1388.75915785728	
22531	10	38	1234.71108095474	
19586	9	11	413.051499283431	
29115	9	34	1104.27866759909	
16206	10	34	1111.37114069954	
21132	3	6	246.14443306166	
11020	4	29	951.436996455973	
13368	1	50	1592.79574464671	
14053	2	45	1433.0016991091	
17607	7	39	1250.29243613141	
16032	2	22	731.556860809939	
14660	9	21	692.542937832206	
17038	10	50	1571.3922383503	
29089	1	25	824.767469253748	
14610	2	15	527.580612994535	
16175	3	7	291.902728440195	
23366	6	20	664.77371295205	
10201	1	2	131.219608844826	
28369	3	5	209.395377584452	
28983	3	28	923.408961204537	
25057	4	41	1315.87538780452	
10998	3	6	247.702341940115	
14603	3	31	1004.41348104012	
19828	3	4	184.285453830047	
16978	5	46	1476.56559182171	
14282	10	48	1534.95161675613	
8597	7	15	520.996409114914	
11701	2	37	1187.07443702364	
8574	9	35	1142.78881167192	
19573	7	30	990.588868535398	
8868	5	40	1286.76943749505	
18664	10	12	421.728353883013	
12878	10	38	1214.77347665223	
15707	9	35	1132.94255041189	
22747	10	14	484.683203066086	
10076	7	43	1370.66683628162	
15895	4	32	1026.04664038217	
13535	8	41	1321.06827678209	
25177	1	47	1491.83358749926	
22891	3	2	115.523558797093	
9893	5	29	937.420181584274	
22687	3	17	595.62682995369	
24567	4	46	1454.37111397012	
14138	6	32	1041.34145338151	
11300	4	48	1525.28009064741	
21388	5	34	1108.72344050031	
19228	2	9	327.688176561002	
19754	5	7	264.869409997421	
11465	7	1	99.1919011339508	
14893	1	36	1154.81147398931	
22807	7	10	373.195580492353	
15305	3	30	990.050291097746	
21682	2	2	138.842572709007	
22028	7	44	1396.00505338796	
28185	1	2	130.206307196154	
15184	3	38	1221.05681591716	
26331	7	8	310.297599914622	
11592	1	8	308.766045453384	
14287	1	38	1227.71307577738	
20795	10	37	1176.41952394341	
8827	1	41	1325.14802394675	
28627	2	43	1364.36255943233	
18466	8	15	530.006932974796	
9324	7	15	522.412830573699	
17285	7	49	1563.52299863637	
25948	6	11	389.828506926926	
23073	1	33	1077.76946117998	
13189	6	15	518.449687938415	
28226	7	12	420.084266187662	
20448	1	23	756.913776712918	
13430	2	26	865.856088058025	
19234	3	29	943.705436169964	
13225	1	6	239.386021345568	
28781	7	4	173.871818787359	
16807	10	50	1585.98877962026	
16876	10	24	800.248557850834	
23973	3	11	393.331227969998	
20450	7	49	1563.07202765861	
10465	7	6	259.005363182633	
12104	2	13	447.842151321397	
16970	7	40	1287.26344019513	
26900	10	9	336.126999117493	
29715	3	36	1167.88253588969	
28638	9	50	1587.97733768261	
28834	6	21	697.393288043045	
23870	5	10	376.7191463973	
28407	6	10	362.885781174007	
15442	3	45	1418.76842326427	
29071	1	33	1082.73624321573	
22013	6	26	863.626387148922	
13869	7	35	1140.369236367	
25836	3	24	797.280594928786	
17666	9	4	173.355201004704	
18531	5	11	395.414063555847	
16732	9	11	390.375534850348	
8669	3	36	1173.05762215194	
19353	2	3	145.619896978894	
25274	2	31	1011.95828339642	
27657	7	33	1077.81845474514	
21489	1	38	1215.45158372049	
21684	7	2	110.953979320337	
9933	5	44	1409.23848862259	
29832	8	45	1444.78514380976	
13578	6	29	942.278124421033	
25160	5	10	368.955385931281	
25577	2	32	1029.49014432239	
10556	3	25	830.664269752178	
15295	1	49	1564.97075392165	
23961	9	44	1410.01627376769	
17275	7	28	929.95774934532	
18304	3	28	907.725587947166	
21237	1	9	347.225572256011	
24619	9	2	129.760682270751	
12470	9	26	859.870924455985	
21681	10	47	1489.15608374828	
28405	4	33	1069.02102482925	
16560	9	7	276.480023542643	
19517	3	16	542.029595292187	
17024	10	45	1425.01954253065	
20870	8	40	1266.80385223907	
27440	9	1	106.942725752919	
16072	1	39	1259.0010379157	
14893	1	32	1035.71344472268	
29118	3	36	1156.45787903874	
12646	9	38	1216.54454034592	
9301	5	3	148.575493129238	
19146	9	26	850.35023516526	
24004	6	45	1443.97195778972	
19983	4	43	1383.49628393701	
17666	9	14	492.93115746832	
13922	1	22	734.62866087194	
26090	1	30	981.37294457358	
11616	5	16	565.253572913471	
10034	8	19	643.553779462145	
15285	6	12	416.88817200106	
13033	2	46	1478.02495157254	
28322	2	14	491.341855307734	
20749	5	8	305.604411468657	
27008	6	41	1299.02195175133	
19705	5	40	1267.90314372066	
24706	9	36	1146.05487664512	
20011	9	11	397.915027252359	
22915	2	1	88.7521494965777	
28295	10	6	232.778493870412	
8473	7	49	1555.90079920176	
26632	4	27	873.143664110984	
16568	9	22	747.519912658036	
28228	1	28	913.484276548719	
11455	1	15	506.257979807564	
26558	6	28	921.354510021095	
13982	5	30	976.577598609299	
17681	1	37	1203.59030168671	
24744	10	37	1186.93874086576	
28861	1	44	1411.01460250607	
20435	9	37	1188.50885796757	
24973	10	13	451.952941404634	
15763	1	13	453.525043899904	
27113	9	10	368.327264771018	
24441	4	41	1325.73358407511	
11283	7	8	300.379892802043	
15477	4	6	259.139909157129	
8647	1	30	986.692311962457	
22882	4	6	261.474469984637	
8538	4	31	997.085116299374	
17660	1	7	275.32908847338	
15664	10	48	1526.35264337359	
16522	2	43	1381.97199934254	
14064	4	34	1086.20690280861	
18423	6	15	522.982752454925	
22510	6	1	91.1311321757413	
25440	5	20	657.679169521518	
24603	4	50	1570.87561207399	
18463	2	26	843.007643540859	
15317	1	6	237.116398809998	
29542	8	4	200.748975593945	
22565	10	41	1309.02769850056	
23381	1	39	1250.24888841913	
26590	2	27	882.934950852271	
17534	4	37	1200.55707983699	
12128	4	12	423.400876234938	
9716	1	31	1001.0555804712	
20039	7	48	1536.86595861654	
15964	9	31	1017.71397798216	
14133	4	16	542.141773915916	
12599	7	35	1116.35355885902	
16388	4	35	1131.03835918523	
13272	5	44	1394.43420370782	
24232	1	23	754.238970407396	
11158	4	33	1055.04492149458	
16255	2	49	1564.93523059643	
14426	8	34	1104.49990767264	
25559	1	5	203.014590536717	
17215	10	17	579.870827393546	
26196	4	33	1078.64205894929	
23123	8	34	1088.76323456353	
26958	6	6	239.362564682664	
12313	8	5	216.440557267722	
27311	6	21	691.667033197203	
25788	10	49	1557.44940539703	
9934	9	1	109.548155828169	
28215	7	34	1091.17166476844	
17419	9	39	1261.31300984943	
11794	8	13	470.501524093794	
24907	1	14	495.126847631823	
15101	1	9	343.675340499578	
22657	6	31	1005.70198653531	
19156	4	12	440.582658145848	
21862	8	32	1029.82234205577	
21278	5	40	1290.26562691213	
10874	6	47	1479.48115946701	
22642	8	24	801.704052985508	
24397	6	36	1170.59009304763	
19014	7	23	767.770184934032	
24363	6	30	982.332707840173	
28197	1	27	899.32431233084	
20589	8	8	322.273950540588	
29912	6	49	1568.9783339803	
9029	6	41	1319.33269606872	
12917	5	47	1480.73155744035	
15313	3	22	744.290729288147	
21256	10	5	211.918439665771	
8320	2	21	707.733028935144	
24576	2	2	111.16198131403	
27788	2	16	558.047521858498	
20153	3	17	586.631224503103	
8372	5	15	534.664578984801	
10330	10	33	1071.00478468044	
10321	4	43	1364.36558459157	
27507	3	22	748.35316424647	
10164	1	49	1561.38641091128	
18059	10	36	1172.58714123284	
22110	10	19	638.581855221922	
20930	5	28	925.485545455239	
22921	10	36	1171.00892400882	
13191	4	29	932.229211466494	
16903	8	42	1339.74257062177	
13450	2	36	1146.36443452275	
9224	8	18	602.587130350334	
19018	3	7	278.466433416338	
12508	4	4	190.651572323708	
12528	3	23	770.455701039385	
20590	7	12	444.611861652048	
23211	9	33	1063.97334349527	
22976	4	37	1175.56376202757	
28070	9	26	843.231177610919	
10742	10	48	1533.90981462501	
15644	6	32	1035.24440560268	
15970	1	37	1197.53811955337	
19236	3	6	259.317746618445	
20349	10	26	846.489284022939	
18477	3	7	270.384230702363	
12719	7	14	497.107861199001	
22873	5	25	810.93547575685	
16895	8	27	893.158676108885	
27527	8	47	1497.6297161624	
29526	6	13	463.4386358333	
8512	8	38	1230.1510285354	
16718	10	48	1512.4540022353	
29022	5	47	1508.49562312872	
13523	5	44	1409.01076151478	
11238	2	48	1534.69720185487	
11137	4	20	676.217073554274	
11614	3	10	361.469177809297	
25547	8	42	1328.87921600085	
29111	2	11	386.89401823417	
18825	3	6	243.122197763586	
13221	6	9	325.104547592394	
18056	4	37	1196.76126092522	
26192	3	2	130.103496373679	
21240	10	36	1159.58174170907	
23252	2	23	775.909516017842	
25020	9	32	1046.39120362997	
20340	6	35	1120.86626265238	
29548	9	43	1370.07998511665	
11746	2	50	1573.83502824876	
22458	5	43	1367.30657801372	
25509	6	39	1243.75968543988	
9238	10	15	535.598219286463	
19811	2	41	1314.81634424758	
14416	4	19	652.721409878098	
27747	2	34	1099.42017338212	
19467	9	46	1473.46666512707	
29071	1	37	1185.04783797313	
23666	3	47	1501.86388022353	
19546	10	43	1371.00218020892	
26800	5	23	755.479280033838	
19601	9	45	1427.64637946507	
17666	9	2	112.326869346354	
28571	1	40	1273.37920784642	
14713	5	16	548.790575633194	
21049	9	4	189.591542086374	
28999	8	38	1233.91043228745	
24663	2	21	694.091507221615	
9929	10	13	469.455671901561	
15133	4	6	255.954370468834	
11578	5	4	174.238627485111	
15828	2	3	163.142683842752	
27006	6	42	1335.09412749442	
24830	8	26	868.669743793397	
24871	9	20	680.108979847333	
12789	1	40	1288.80526703261	
11547	7	45	1438.48314467747	
23167	10	36	1147.43462317969	
27774	1	21	699.736004909378	
10575	9	3	150.579768005097	
28017	10	25	823.993027072397	
15120	8	30	976.241598546617	
20607	4	32	1040.8554906402	
29243	6	28	919.323647860123	
27406	7	5	210.323138148674	
27849	1	25	819.678950393423	
17152	5	23	774.552809248936	
20575	2	7	277.637657987716	
21643	6	29	935.774213250621	
28605	2	11	389.59058813266	
25450	4	3	141.230536727808	
8891	2	34	1091.16923558115	
15725	7	13	459.605297585765	
9893	5	49	1557.87703579193	
8557	10	38	1231.41473820033	
19838	4	12	415.475818298513	
20931	9	7	292.777678246041	
8099	1	48	1523.3820530788	
15075	1	37	1181.31292074049	
28661	6	32	1049.99019962269	
18572	2	35	1141.99908373039	
26090	1	12	432.299696408352	
10948	3	22	731.410590750822	
9578	1	37	1194.12561464781	
27818	9	47	1479.59640076365	
20762	6	40	1284.16389417097	
25414	3	47	1508.66555794546	
8362	8	40	1266.92847549307	
26471	10	21	714.707364400247	
21235	10	30	963.916142845487	
22307	8	39	1260.93702870465	
10123	1	11	406.032041947372	
8429	1	16	565.311833063751	
28760	7	45	1431.28411221843	
10371	7	18	627.009153136522	
20259	10	43	1379.23768148722	
10218	8	13	466.790888824868	
20400	1	24	793.003221486231	
17504	3	35	1143.05606969775	
12229	10	42	1329.11162523977	
9997	8	31	1015.03873283744	
16686	3	32	1036.27277429973	
9908	8	43	1358.31729397099	
24429	6	3	159.865083768901	
12653	9	4	194.723833741026	
9568	3	20	683.069391903965	
12895	3	41	1303.53738625699	
26703	5	43	1377.21709170249	
23035	8	39	1237.25500559306	
20484	10	9	344.63316154882	
20237	10	33	1076.02758878657	
22159	7	48	1515.10109159867	
29092	8	49	1566.12170243921	
14410	6	39	1249.74580528668	
27169	10	18	608.580684274705	
17172	7	13	471.693330664045	
29725	3	9	324.831007795795	
12142	5	45	1446.72987599239	
29829	7	32	1039.72724709647	
8166	1	15	526.159243977703	
29932	10	28	911.013392447966	
8154	2	34	1107.62433375587	
19403	1	36	1162.93029358747	
12025	8	50	1571.85807040513	
17909	10	22	728.653559428013	
8962	10	42	1335.19849478044	
15276	8	18	605.857402517394	
21871	8	19	628.321185367331	
26919	7	31	1010.86788265541	
16895	8	46	1452.17705671311	
9105	10	49	1548.68492947364	
11602	10	34	1099.77445675981	
23673	2	13	460.325983381051	
20085	3	46	1452.20129550071	
11971	6	2	114.951466785256	
15442	3	4	185.726309430658	
28475	10	20	673.982402437358	
21317	1	19	651.545506981921	
28337	2	33	1079.40178090679	
28103	5	27	876.527008859686	
20179	1	50	1580.62650791399	
22540	8	5	211.448466242966	
12998	2	1	109.673469900002	
13764	10	13	450.074202851427	
24048	1	47	1487.88855405892	
13445	3	42	1345.83593710597	
9836	9	12	439.910339508164	
24883	3	28	915.566027777067	
23555	3	28	902.703427943728	
28659	1	6	235.315822472477	
29871	9	35	1134.40667369142	
26728	4	18	620.061012832476	
17112	10	42	1353.27597438976	
12362	2	21	696.896825720042	
25649	4	14	498.098232791805	
11185	7	47	1507.41439908157	
29868	7	46	1473.34248071226	
26202	10	43	1386.45922356586	
29083	6	32	1031.21152434089	
20751	7	13	459.52533896059	
20583	5	3	157.211989386572	
29004	10	23	755.216200889654	
17098	7	13	446.349209047085	
22868	7	43	1385.07794887995	
17602	3	11	395.948232075175	
23422	6	50	1576.25313202676	
20373	4	35	1134.77510821762	
18233	9	4	193.920406938493	
8984	1	38	1214.79433850143	
29487	4	14	502.854374844047	
25830	6	44	1397.71092822669	
29318	10	40	1273.28550081387	
25661	2	13	447.328095085606	
27775	2	6	243.200238236785	
21132	3	16	545.532736063717	
10301	4	24	779.564926205	
8305	8	33	1077.95086385587	
26596	7	24	792.856090736043	
12668	10	3	163.969516346217	
25679	6	30	982.817622322038	
29553	5	30	975.288155272272	
8224	2	40	1290.29137474033	
24620	3	41	1325.6177574236	
26857	8	26	855.552060182929	
18507	6	11	397.770383021687	
23376	6	31	1008.62391664117	
10947	8	42	1346.49848237005	
15816	5	43	1363.42915766101	
24839	7	32	1034.10306270891	
12515	5	5	207.537067703687	
9609	8	8	312.383828718394	
14725	9	27	887.523178871499	
23130	9	38	1220.33398264103	
16205	9	21	699.876441946196	
9549	7	24	799.315019473114	
15315	5	28	905.410307024331	
28210	4	43	1365.09925719588	
9424	1	9	324.595521020049	
15088	4	2	134.125970776252	
14156	9	48	1511.63542203216	
14694	8	7	291.060828888351	
24245	6	9	325.98993256967	
10232	1	41	1300.77168927564	
11984	7	14	479.849053099681	
20801	8	12	437.604894245791	
27731	10	46	1461.12117287755	
26666	2	6	252.73291774687	
26210	7	37	1190.07573615297	
14841	8	5	231.364089656325	
23922	2	41	1318.5333065868	
22085	8	15	509.4635352257	
24567	4	23	760.486389976221	
19998	3	41	1302.48970721964	
14224	3	2	128.39390201885	
14541	4	34	1084.23718368832	
23718	5	13	466.920614646245	
20144	3	32	1029.59844346605	
8258	7	37	1190.79714886416	
23777	2	33	1067.30756585827	
22598	9	30	987.324315434007	
12589	7	8	309.754649656711	
14248	8	43	1371.34595055661	
22076	2	23	759.817344229583	
29479	8	34	1087.25727079774	
17325	10	7	270.470546125653	
24977	8	17	590.187749355188	
12045	10	2	132.951518172841	
27427	8	42	1347.45165313941	
11740	10	32	1043.88521876367	
12210	6	39	1240.12242903939	
19208	9	31	1014.46566900912	
22658	10	25	833.355342835819	
23668	2	22	738.730119959791	
20398	7	6	252.33409431406	
10938	9	23	771.756793433687	
22040	6	22	729.298222702601	
26373	1	50	1589.51968546469	
9960	6	28	925.768704323922	
17447	2	14	497.947165937138	
25052	10	16	536.649210144137	
20774	5	25	835.890998894298	
14947	3	6	236.422746217075	
20450	7	38	1212.06506800468	
16281	6	41	1315.56975612211	
20419	10	41	1298.07353247799	
26192	3	36	1151.89743874217	
22150	1	37	1185.03347165186	
12721	2	36	1171.94008062218	
17831	5	38	1215.63925825788	
23825	7	11	412.394404826869	
20767	5	46	1475.81186355828	
23827	8	6	254.302108331724	
12707	7	26	857.287955161784	
29341	10	22	746.801655342244	
17497	2	40	1281.88077237545	
28405	4	15	519.714878331737	
23595	7	36	1166.17258834009	
12102	5	8	293.514418477898	
20789	2	7	289.378506974028	
10034	8	45	1447.4171448906	
27781	8	44	1408.16965470471	
9159	6	14	505.28126460746	
20365	8	5	226.190517389304	
27267	5	17	591.241660616939	
23262	7	11	384.067637577684	
13951	2	40	1276.10819238988	
11950	5	1	101.75627001643	
11167	10	35	1130.15561290558	
19727	5	29	956.637108585163	
18466	8	12	434.938960985718	
12504	4	14	477.400929181558	
27901	3	4	183.82973914213	
27917	1	23	772.849982927018	
20070	8	18	610.658355714129	
29601	5	5	231.433316539709	
22308	7	3	153.331903439635	
16495	4	6	239.280882551931	
8930	8	32	1044.24758810748	
11557	4	44	1389.18373831975	
26592	6	22	718.573107383481	
23907	10	31	1005.15427770333	
29057	10	16	561.011437550658	
25440	5	5	211.812394881534	
27499	8	21	711.490813936801	
10017	5	43	1364.31056548111	
19629	10	26	840.163560677396	
28763	3	50	1576.06738767404	
10814	9	50	1591.92846461755	
9673	5	17	570.453321938614	
13674	3	9	332.04191510195	
27794	5	36	1163.12563436251	
26204	1	43	1376.00526698679	
21473	2	21	716.390197349894	
22967	9	19	650.530021046535	
10569	10	22	728.479555439427	
12066	10	11	410.609734286838	
19296	10	1	90.2322288277709	
17760	2	21	700.823407387744	
21748	8	31	1011.50211854442	
16435	2	1	101.965340088105	
27485	4	35	1130.14116872574	
27022	9	2	134.877858746274	
16099	1	8	295.302972037021	
17839	9	26	860.700297272159	
23598	8	48	1534.99347564531	
24831	7	43	1371.98212441615	
8812	2	33	1081.45212540471	
19044	5	9	326.629599447655	
18807	5	17	595.368338802535	
9730	3	38	1208.54886893581	
25883	8	10	360.433995779806	
11794	8	5	201.925000232609	
28990	10	14	504.330680158143	
15945	3	36	1170.80539959055	
27634	2	15	522.262867187272	
15549	9	28	927.158217154051	
20071	7	10	373.468869725926	
11311	8	35	1114.6997034525	
29060	5	25	826.931095135832	
16410	6	35	1143.90407690029	
19227	2	41	1300.04080471585	
19169	1	1	109.827805398883	
17182	4	19	639.702290966968	
28505	6	21	704.595193483213	
23377	5	27	871.813326623204	
13944	4	21	701.395662194768	
10520	10	33	1067.43954179224	
20669	4	5	202.319961880483	
17227	8	47	1482.1788002747	
15524	1	45	1420.82358225287	
23279	5	3	143.099674611864	
27845	8	35	1138.45747516419	
29370	10	2	112.745469563056	
12058	4	43	1367.21839823165	
12981	4	37	1188.43193865774	
21311	5	29	950.276418957057	
27295	1	9	345.708465513638	
29685	10	29	951.112097609375	
18524	7	23	776.497338291489	
26692	6	50	1592.32844106496	
28199	8	43	1358.71143527269	
29410	6	42	1329.43778822638	
16127	7	33	1076.56012581501	
15209	7	30	961.904453002803	
16939	4	50	1571.60791932214	
17857	7	32	1041.2006341299	
10218	8	29	951.674586828647	
27284	5	36	1145.58479775935	
17402	6	5	208.267153859263	
11450	7	44	1401.32133828538	
25976	5	2	117.140864560912	
8075	9	17	575.532525375268	
24826	6	46	1473.89231225191	
29762	1	46	1467.59804164413	
19532	7	11	401.924535372259	
13166	4	34	1100.31336332686	
13895	4	34	1095.17556777931	
11983	4	37	1190.70777855381	
23185	10	50	1588.88697064896	
9143	6	28	913.597813450544	
24329	5	11	384.542582623913	
26480	4	29	959.132163524224	
24018	3	12	444.450799172954	
22914	7	23	774.544756549664	
22687	3	36	1145.44919432395	
11247	9	25	821.976520615619	
8094	8	3	169.179530669553	
10731	4	22	737.112281926494	
9324	7	50	1582.37346093281	
12630	7	36	1171.98644823022	
23967	10	20	661.449751640414	
28332	4	31	1022.35677211655	
24547	10	12	418.202365161014	
15708	9	25	834.602654070874	
26672	10	43	1385.1926416276	
29274	7	50	1570.60301648947	
25171	6	19	633.267679583872	
29332	7	40	1277.79783796416	
13068	1	22	732.987274161068	
8605	9	45	1430.6126924933	
24293	3	42	1349.72107536612	
18066	10	48	1521.85474403289	
21425	3	50	1594.05280802122	
15680	2	3	160.857461989325	
16305	5	43	1383.68271769196	
11508	8	36	1167.5671492366	
14916	2	39	1264.56516291227	
22318	5	6	245.147427918924	
21209	7	32	1045.29386285939	
16701	8	3	168.118575330879	
16713	1	46	1455.10085117775	
14012	7	23	755.00068695983	
28207	10	30	962.22512696042	
29575	6	46	1462.89952484095	
20405	7	40	1287.78585844104	
15751	2	14	479.579271748466	
22150	1	30	964.986989053426	
21814	9	10	382.015369265347	
20011	9	44	1416.45525867886	
12354	7	25	829.631398706525	
11047	6	29	952.021103460351	
11183	3	8	294.562304902152	
12516	5	36	1163.21133682654	
20177	5	19	636.280705629047	
23984	5	25	819.871586644962	
10522	9	21	694.78409244436	
8089	6	6	237.330160214254	
10335	8	22	719.289658181038	
26026	7	3	162.405400016534	
27061	10	12	431.321518882793	
20372	1	16	547.045683742988	
8857	6	44	1417.37772981514	
18393	9	16	537.72050439274	
14901	4	6	238.274278155656	
26573	5	36	1163.87673808442	
11904	2	13	462.687838591024	
17551	3	30	965.079355503004	
8970	3	10	363.593337183629	
11248	2	30	990.862038857705	
8663	10	50	1577.88204508735	
10335	8	36	1157.41135770334	
14336	2	48	1524.03210275063	
17319	10	40	1291.8184190671	
15708	9	47	1494.25488560193	
24723	3	41	1316.88559705247	
10730	3	47	1506.44906468058	
15515	3	2	140.131645156132	
17458	3	16	555.302840320069	
19137	7	36	1146.81679562983	
29217	9	30	985.613369879133	
17363	2	20	685.61602743604	
22220	4	9	331.252310318524	
9165	4	46	1461.34257928531	
9025	9	47	1503.35587545454	
23149	9	16	558.591589032948	
12136	2	35	1135.15877046397	
16845	4	12	438.643407206351	
23477	6	32	1037.77210239217	
11203	2	29	940.985875344363	
14905	9	23	768.898625247599	
22251	8	31	1010.23698902234	
25505	5	18	625.275504731236	
18970	4	3	162.74202790239	
16122	5	21	693.972343976596	
23644	2	38	1221.07289158789	
23244	6	2	117.723121362609	
23971	2	8	297.28018256709	
19729	10	24	803.950848804764	
17440	8	10	379.022786756522	
11429	6	28	905.09801985002	
21064	9	35	1114.49991624546	
27013	7	20	681.393651869797	
16478	9	30	991.153330407642	
14085	3	45	1438.57321359151	
16086	2	40	1272.22004100318	
23411	4	32	1027.98900070972	
17513	1	18	602.743885835048	
26275	6	40	1268.95645122461	
15942	4	28	919.395108576582	
23756	10	28	913.422521964378	
17921	1	19	634.652447288228	
13332	2	40	1282.02731989418	
22138	5	36	1172.47286255121	
8557	10	23	776.792030137401	
16852	1	42	1345.70549144675	
16505	4	8	295.793373424464	
26177	7	49	1556.03515052983	
24998	5	19	634.364628938196	
27063	5	40	1279.68268912271	
20663	1	1	108.717967620454	
26513	9	1	104.044431384674	
21888	1	48	1527.30725311083	
14231	4	32	1022.60746183927	
15017	8	8	301.963413610106	
17497	2	19	647.645056065007	
18880	5	18	612.135852972109	
15773	1	45	1441.29007484824	
22745	7	20	677.846075090508	
13350	10	9	353.181994014039	
10148	9	40	1279.16247568986	
23290	10	40	1289.16888211349	
11931	10	29	936.180796351368	
17098	7	6	256.280053563546	
18463	2	8	321.718775779809	
9866	8	46	1471.11345363367	
20339	1	1	84.2223755662434	
16124	8	29	940.098979910882	
11101	7	1	102.769365693801	
16647	10	8	311.135834451362	
18856	6	35	1130.60258832323	
11103	7	18	612.414884628921	
17085	2	23	769.686955981742	
24859	3	4	198.37699381559	
25599	6	1	107.563353379985	
29307	4	5	214.246177959371	
14465	2	42	1328.20966912816	
11111	6	33	1052.80264218003	
20242	2	30	985.949997764989	
27398	6	29	948.266852529844	
25900	6	31	1005.27951816343	
27359	9	3	161.687970832776	
25024	6	39	1262.91555362889	
28938	2	35	1124.26815968206	
13887	2	9	350.304819136069	
19331	10	27	881.053588465347	
22521	2	37	1187.19266313463	
13905	4	39	1258.78619003053	
19433	1	23	769.189916797536	
14170	9	27	870.928157526501	
21696	1	22	740.084188031072	
11715	4	37	1186.69892586148	
25792	8	48	1524.89781074454	
23538	2	31	995.77445721057	
15554	7	39	1240.23263288673	
20524	8	38	1224.25363985088	
21132	3	41	1298.47165093686	
21420	6	34	1105.74726633064	
29551	2	28	930.7540867714	
26885	9	28	905.678576503731	
25522	9	42	1341.48311588051	
13353	3	29	955.694393513582	
19730	1	48	1533.26578483603	
10531	4	11	403.228794486834	
26408	3	5	229.080100799482	
17408	7	34	1096.30308299153	
27635	8	29	934.357475402931	
25800	3	44	1408.93025929524	
21586	7	31	995.044108459281	
11845	3	3	167.717235650736	
8571	4	28	919.435386936849	
21596	2	36	1159.33321079208	
20985	9	15	535.34007708325	
19694	5	42	1329.57922256066	
25653	4	29	947.902475850611	
18248	2	37	1197.47450485708	
29176	8	1	106.253328484601	
23427	10	44	1411.91263666931	
16732	9	47	1505.97523442748	
15146	1	32	1040.66518731446	
26204	1	10	363.920790499039	
28753	4	12	425.436185535712	
23449	4	6	250.909063113345	
17873	4	25	831.8412081673	
9058	1	36	1171.05164642029	
20789	2	49	1543.90366246174	
21470	6	20	687.517073884381	
20618	9	43	1373.91249877117	
20765	3	16	558.144360928863	
21222	1	14	483.309713529101	
11090	1	15	515.77452702251	
12214	5	8	302.462402797519	
21993	3	5	202.048555408627	
8068	9	3	160.271421261258	
13117	8	38	1206.78373664933	
14110	9	2	129.585124649846	
25032	4	5	228.422185996744	
12410	9	29	939.686759142059	
14966	2	30	975.188058882574	
20588	7	26	854.001736144536	
9455	5	49	1546.69611306242	
26029	9	43	1378.26240383939	
29403	6	9	343.74208157125	
11184	4	20	681.472681146801	
21505	6	49	1551.49277058965	
17635	4	37	1180.75097723899	
24887	2	22	731.358848778232	
22412	9	7	275.318588183875	
27672	7	2	127.871981359959	
27119	6	2	122.758128029647	
24746	7	37	1198.00031136628	
10297	9	47	1486.55901426755	
11107	2	37	1199.77203190316	
10341	8	47	1490.08889945694	
24520	1	18	621.757786004691	
17244	9	31	996.046930344797	
21925	1	24	784.785330400237	
19654	3	24	781.424576668732	
29000	10	25	832.177148066544	
20707	7	7	285.17643833774	
29176	8	14	488.786009107151	
15615	9	36	1160.44497663176	
23669	7	28	930.785898366378	
16641	7	17	591.734394930179	
26370	2	39	1251.94270862823	
13282	9	21	696.972984139329	
23488	5	32	1037.28465538345	
11450	7	13	455.068655821992	
14954	8	5	202.79548591133	
15252	9	27	898.317351200766	
26315	8	32	1049.05231886034	
28897	8	23	766.566569342542	
17568	2	15	516.724577786738	
25048	5	22	731.973498282942	
24934	8	34	1093.96907425205	
11291	6	17	585.658386659649	
25725	2	3	161.694103964462	
8276	2	36	1169.43638196654	
19190	1	27	880.348437577648	
17791	6	50	1590.3006691813	
22933	7	27	892.54481368351	
29169	1	14	492.198485700506	
29059	7	41	1326.04051741121	
15801	6	15	515.386232899216	
28659	1	27	885.309402162819	
17014	1	19	629.215512754962	
10351	8	21	702.690370894359	
26413	3	8	311.95965595169	
24420	9	35	1138.51363525657	
29319	10	7	290.736806304537	
10109	10	29	944.799794249609	
17545	5	32	1046.99760932801	
21625	6	4	187.509611075516	
27002	2	23	770.011620544834	
27480	1	13	445.215727037385	
29932	10	13	466.251136430656	
12833	3	15	527.476505473012	
25563	7	42	1352.00768664107	
19823	7	32	1029.52997251858	
22252	10	29	934.519786450323	
25739	5	5	223.466321855535	
29351	5	10	356.29019295624	
20496	8	3	152.523102272545	
8427	9	25	829.554630159193	
29465	2	20	673.705809169312	
16732	9	15	511.433742023741	
24880	7	32	1049.83443648081	
26168	3	16	547.798533620219	
29937	3	14	476.11982520489	
18013	3	2	116.099399345042	
28366	10	28	914.352826380335	
23447	7	38	1215.34894843369	
18112	4	47	1501.07613909108	
27194	1	26	841.876478885243	
15153	10	31	992.63162465423	
21118	3	50	1596.58752340665	
11659	1	45	1434.40445922055	
14292	3	14	495.399665467161	
21375	10	41	1306.42499276736	
29526	6	21	702.727195873264	
24089	8	50	1594.28261324497	
25478	5	24	805.324999431765	
27371	3	28	916.555020565426	
27812	4	48	1512.05867960679	
10394	3	49	1553.51755695116	
16381	2	1	82.0547095323236	
23327	2	20	659.056958267026	
18966	1	42	1346.7129572419	
9916	4	10	366.757771245557	
13238	5	21	707.717937821391	
9101	5	2	138.181881186637	
18153	2	11	409.686417323391	
25217	8	5	219.906409447969	
13472	5	49	1545.82865112733	
15110	8	45	1446.83434732577	
22339	7	18	616.25462072727	
27594	9	12	419.675383427961	
29400	5	17	576.485887252021	
8946	2	45	1441.6804237299	
11235	3	13	453.875660139078	
28505	6	37	1179.38107627415	
11289	6	6	234.89183727414	
15745	9	45	1435.8398307468	
18050	7	34	1102.41423591152	
28228	1	30	976.383979924202	
9320	2	42	1329.45084581592	
9931	9	36	1145.92147023693	
11130	4	29	945.633132190273	
11488	4	43	1377.3799958906	
28463	3	13	448.62820363074	
23477	6	19	631.846677210111	
23311	7	2	112.076840005851	
22793	5	2	125.58269387371	
21178	6	11	406.802776645312	
14638	7	29	940.237173205352	
29950	6	31	1018.14132242377	
15980	8	32	1039.73517239081	
29087	1	6	240.464422665753	
23824	6	27	876.037073208036	
11432	4	20	671.651099636988	
10908	3	46	1452.37678375671	
16492	6	41	1303.12147923891	
9959	8	6	261.040762374662	
10348	10	43	1368.4018873835	
22339	7	50	1577.9175181584	
21622	9	17	584.666409056944	
26808	4	33	1075.44253898572	
24744	10	49	1555.24748796376	
23137	8	31	995.042131559477	
17710	3	13	456.377003926959	
21786	10	39	1256.91213997868	
9790	8	29	937.918571968525	
22307	8	19	653.719241737257	
28207	10	29	932.549332628283	
29248	2	35	1123.34611959911	
8228	4	45	1439.39077597083	
21147	6	30	969.485168684966	
15093	4	44	1414.1407846539	
16215	9	18	615.674699682591	
8099	1	8	304.06671113524	
13450	2	16	536.133239295396	
22083	4	41	1313.42382607675	
29118	3	49	1569.3329613513	
17322	9	48	1518.12956761482	
12856	5	3	155.87126061128	
8289	4	1	106.105041180786	
18083	4	10	364.103723449681	
9265	5	44	1413.10363280266	
20962	1	20	685.591477921974	
21984	9	15	508.693024901996	
8350	9	37	1176.51944833646	
23186	7	6	259.210960762208	
14972	6	41	1300.44881404398	
14634	3	26	850.029324092916	
23276	1	18	601.498876382363	
10733	4	46	1476.25959703525	
18199	2	50	1573.85107489948	
12979	6	3	147.437943363301	
16044	6	35	1124.49671775312	
8247	6	13	471.717570867258	
16619	7	9	334.008306830194	
8241	8	37	1190.67398227317	
15334	7	49	1550.5910006308	
16010	2	31	1001.00299196364	
18724	8	24	791.716063652055	
15895	4	40	1293.92810524159	
15792	9	33	1058.35759826859	
26087	3	24	793.033361245428	
12587	5	27	883.456657046199	
11522	1	34	1100.84639723452	
11265	8	2	128.656153738804	
22414	10	38	1225.59438773691	
26559	7	38	1224.78972298316	
26590	2	19	651.970362072797	
9441	7	5	215.517860341593	
15778	9	5	218.952957679961	
18549	5	42	1333.78851788761	
24829	2	9	342.911194759845	
12781	2	40	1292.53062677222	
20364	7	49	1551.81247697762	
13161	2	8	300.562685607263	
22713	7	39	1262.33890618307	
9505	4	29	949.656010041785	
26518	5	16	566.349106657481	
28793	10	27	879.857555590504	
20707	7	33	1077.70117921648	
24224	6	39	1237.46975792454	
21318	10	44	1403.68991764434	
11893	3	11	411.050456245919	
9495	2	39	1247.08652256387	
15874	8	46	1465.53970107135	
25174	8	28	902.047225321665	
17904	4	10	369.644066900781	
25365	9	5	223.957128815333	
29395	1	50	1570.05840430505	
9265	5	29	945.459257022226	
22928	8	43	1362.83282544596	
28613	7	19	648.329969387655	
23923	3	24	806.413503962762	
21210	3	13	461.943155369695	
20326	6	19	647.747442912193	
24385	8	36	1171.07036220425	
8729	1	18	609.646975756458	
18377	7	37	1184.74508068745	
23988	8	13	460.036871163192	
14184	2	49	1550.92506059954	
26592	6	19	634.421237779046	
11616	5	22	728.478451971188	
18389	1	21	714.511463751323	
26248	10	13	462.545918702402	
14458	2	5	222.47107914764	
24805	3	41	1310.93988013963	
11964	5	13	454.907316591082	
10369	8	36	1172.6842407755	
20954	8	6	251.154885259995	
23123	8	20	671.669400647129	
21350	4	8	321.017972231385	
10090	4	33	1064.24189397331	
27117	10	4	201.145436373141	
15041	6	41	1314.01488443558	
24441	4	2	136.458347317045	
29274	7	39	1254.66768062425	
13940	10	13	461.982904999509	
19303	4	39	1236.37013448233	
14238	7	39	1235.30669616317	
27770	9	25	826.608928417139	
9609	8	29	935.950320836133	
15562	4	33	1080.83259416783	
16642	5	20	681.911957767751	
15670	1	26	870.058603319367	
20144	3	13	456.120132234003	
11328	8	23	765.45854849995	
19544	10	35	1136.49769079708	
24060	7	28	910.587471402524	
17922	7	30	984.065034065426	
24606	8	22	729.49232340301	
24107	2	22	732.691930426607	
14647	1	43	1364.91092935433	
24544	3	4	186.31223549429	
16615	4	28	928.932494990962	
15253	9	15	523.279941437431	
23044	2	17	588.991305953353	
28010	10	23	769.178453893018	
26771	2	49	1548.50453754352	
25743	6	34	1104.61544341623	
18366	5	6	234.599820931721	
23574	4	15	527.139908730583	
11264	8	24	796.959826125279	
9278	4	50	1572.80224355534	
23251	9	30	978.389003657917	
14231	4	21	704.441284790841	
11595	3	10	378.590931472644	
23258	9	15	527.184533014514	
27738	7	34	1092.39861952718	
16138	10	11	405.48480805265	
16298	9	31	993.079762287941	
11057	4	24	789.087457204744	
16714	5	30	973.276841274126	
27738	7	49	1549.43838452429	
10664	8	38	1233.42794274605	
9434	3	21	694.974739763408	
28783	3	36	1153.58864361122	
20055	9	2	126.566494203436	
19661	1	45	1444.45286043196	
21253	6	1	86.4257864683987	
18089	1	33	1057.01253064769	
24585	10	6	254.442189342548	
12866	1	36	1144.31984518856	
21878	7	7	268.619206710076	
23618	9	35	1121.66256185698	
12821	2	48	1538.97747022052	
21571	10	16	556.107042877053	
24140	10	29	957.929658479024	
19154	6	27	872.21294138218	
12294	6	27	870.734942998148	
15846	4	36	1147.46704136369	
19472	4	16	565.489226731234	
9090	4	15	513.478367455992	
17013	7	5	211.754691066106	
23002	6	33	1080.70687523145	
17704	9	10	379.469019686556	
15549	9	5	218.990494710855	
19495	4	34	1108.03035061249	
9101	5	41	1303.52295410983	
27873	9	6	245.617318528526	
14310	3	3	157.52920076136	
25495	1	8	318.274015485437	
28343	6	2	124.099071269901	
13827	7	17	585.102663349874	
27455	9	50	1590.98527177749	
28245	4	49	1540.40486619827	
17879	10	43	1359.41508915248	
29794	4	44	1415.47254483005	
27724	6	16	552.884292748237	
21696	1	8	313.957755227554	
17958	9	30	969.691297826213	
25116	10	16	542.424811749917	
29577	3	28	924.725593461062	
9922	10	49	1542.07875107512	
11788	10	2	127.602912768537	
11311	8	50	1580.15763158917	
17813	8	30	982.820063542025	
27800	6	18	608.340619415203	
8439	6	15	531.139681698354	
18833	2	32	1039.4115334374	
27812	4	5	228.334241913787	
17362	8	31	1020.66127299362	
9269	10	39	1254.97159163233	
23030	5	8	301.663676529035	
29615	4	26	858.017766688959	
21210	3	15	507.590535556707	
25806	6	10	355.609089748752	
19296	10	26	841.52215020802	
23910	6	16	548.731509292839	
8219	4	29	933.958923059496	
13688	5	16	555.984245052554	
19075	1	2	125.558292998727	
21256	10	12	423.043540093602	
17268	10	40	1278.83554190343	
15538	8	48	1528.89658570704	
8105	6	25	818.738515162253	
23122	2	5	210.343118072647	
19208	9	19	639.217181838684	
21943	9	7	277.63393493259	
13028	10	37	1181.25769565872	
23598	8	6	259.562381068041	
9367	3	22	740.634498047007	
28180	5	14	485.045365730787	
26782	5	19	638.255186154626	
25014	10	47	1501.04364517193	
16268	6	20	685.042229613775	
26785	4	39	1240.76363327017	
21888	1	17	571.399616380874	
15320	8	3	164.15177829757	
19546	10	34	1100.54924364227	
21569	3	31	996.648956144531	
24769	9	38	1210.64987529565	
27217	4	19	656.890668914137	
8100	2	9	344.111420672439	
9560	9	1	97.2830766147389	
26664	7	22	736.867927767741	
18991	5	20	663.302423853102	
24116	9	45	1422.43539474087	
23838	8	42	1327.08489666092	
22731	10	36	1163.39473622078	
24736	5	39	1264.79577644951	
10316	1	18	597.892938944461	
10892	4	29	946.741035537208	
24903	7	38	1218.92536968874	
12431	8	43	1357.973510175	
11291	6	28	924.133004827487	
17102	3	4	199.381271656315	
16281	6	39	1245.89005155763	
10753	7	1	93.1821653680793	
24918	8	28	908.864397606284	
13472	5	46	1449.81451351653	
10901	9	12	423.602881703341	
12799	10	11	410.706684482613	
17186	7	29	949.881986039636	
12501	4	26	859.849152369354	
18299	10	34	1087.69974386678	
18661	2	18	615.615907262832	
9487	8	21	696.716405477708	
8141	5	11	400.6200313571	
13259	8	6	252.975537075184	
19011	9	26	866.826902286535	
18108	1	43	1384.20947336788	
24698	10	23	757.37037191045	
12407	5	32	1048.18226565057	
11076	5	48	1537.30996691497	
23335	9	29	945.334369756903	
19026	6	33	1068.66762408459	
20476	9	3	158.932119421164	
23934	8	39	1261.55246528869	
15061	9	27	872.028657939298	
14062	8	6	235.436091309151	
14527	5	11	387.907723331781	
25197	7	28	912.132285177769	
25659	2	21	714.239198711812	
17509	9	48	1516.4619192092	
16906	8	39	1261.66944212358	
24102	10	44	1393.8934625098	
21754	10	26	866.119996042047	
12574	2	27	880.281675979626	
26103	8	19	656.910640344448	
22608	3	16	565.66095795746	
13450	2	50	1594.87358171254	
15794	3	16	558.217451012795	
16714	5	26	855.287380691286	
27008	6	39	1250.73473012575	
9259	6	19	653.04607444119	
20498	1	27	879.943190813038	
12707	7	41	1307.0086828745	
10070	1	34	1084.26226830308	
18917	4	18	609.583332747958	
18841	7	4	201.252020504909	
23719	10	49	1566.58601837539	
26376	9	34	1101.81536338377	
22524	10	36	1154.10935958573	
24084	4	10	376.567833934244	
19323	5	47	1480.58630308164	
8490	10	45	1440.52256703401	
28044	8	47	1498.55876988664	
20179	1	40	1281.61540277377	
12799	10	14	492.639140418097	
28223	8	46	1455.4653807429	
12018	3	2	120.449152235151	
20119	5	50	1584.33758626894	
25184	2	25	821.153507428781	
11826	1	23	753.428306297133	
19755	4	35	1141.90679018474	
18108	1	34	1111.47059652557	
11402	4	41	1296.4674857708	
13191	4	32	1033.42006683043	
24180	10	37	1198.17971024577	
12648	7	40	1293.80628135698	
10493	6	42	1349.49591122079	
28241	6	44	1416.43472949808	
9654	6	42	1343.70939101265	
24930	6	40	1287.31457911772	
29019	7	27	871.953320573994	
9873	6	28	905.992022355083	
22218	5	47	1502.08299121916	
23784	3	44	1397.44753552482	
23940	1	30	964.263892473776	
16472	6	3	145.391178943865	
22544	2	43	1361.65894121009	
26170	10	20	674.669851118079	
24720	9	22	731.969132540733	
14218	10	23	750.77663743439	
19545	7	7	268.850072933757	
22770	7	27	886.092359948015	
26904	6	43	1358.02292559204	
21885	7	12	417.671364777568	
11470	3	2	115.875616127567	
13640	3	45	1421.14687508957	
17357	7	47	1495.33469262316	
19436	5	37	1184.50459326827	
9669	3	13	467.642535561529	
27246	5	24	801.445259601551	
16869	3	15	525.211805722309	
24207	9	1	90.5359954436012	
28728	1	42	1337.06394358401	
20287	9	4	181.859074394153	
13359	3	4	188.827939941002	
21323	3	35	1141.57547791562	
23855	8	37	1183.47570504224	
12718	6	9	353.588616044069	
27885	10	47	1486.08255805731	
14321	6	28	915.777051390976	
20398	7	13	451.756109284123	
28938	2	5	230.151288877312	
19983	4	43	1358.10597237111	
14542	4	46	1466.79478046801	
13238	5	34	1104.61451336025	
17201	3	19	654.594280726553	
29860	3	48	1538.43957581485	
11838	5	4	181.111234361823	
29517	10	11	397.351510299999	
25599	6	12	427.247961474232	
26710	3	4	173.806439532808	
26770	4	32	1045.77930111707	
12600	7	29	932.368453728207	
29409	9	3	150.376869994391	
25822	6	16	564.578233363376	
27121	9	9	335.81443023673	
23647	9	42	1353.44767093353	
11779	5	29	958.796120993232	
17402	6	31	997.544450702865	
13911	5	43	1377.03283515621	
20557	9	44	1398.47158873383	
21456	5	6	244.991317952513	
10814	9	32	1028.79219393655	
24216	2	18	622.264131411102	
24360	1	26	842.102773395415	
17390	7	26	861.417325130392	
25969	10	36	1168.92807877107	
21149	2	44	1400.22391682501	
14738	7	40	1288.61959558382	
23656	1	45	1422.68841455816	
27250	9	16	561.915473901627	
29689	2	34	1088.07032516602	
16049	3	24	788.58729306077	
9475	3	44	1416.19208114976	
20899	2	10	379.020528150266	
15114	4	2	118.698784056445	
23832	7	35	1127.9863875769	
23201	2	47	1491.22814512403	
12045	10	28	913.056851417318	
10835	5	33	1061.28133540101	
17288	8	47	1482.70729927472	
8925	1	44	1394.22345826133	
13971	8	26	867.153082968273	
25442	7	2	120.394574087297	
20345	9	21	707.638820068742	
8084	5	33	1079.43250460524	
18540	10	23	758.167541715394	
16422	6	40	1266.68707358962	
29896	10	38	1217.28084103078	
24877	5	46	1453.01350970427	
27781	8	44	1388.12780698209	
25021	3	8	304.679584049005	
12667	2	29	956.044165341204	
10947	8	4	189.049722901103	
18829	4	35	1117.30546265715	
9700	10	7	286.76479133161	
13225	1	24	801.359094940759	
23907	10	25	815.841840960012	
10821	8	21	704.692007072592	
22980	1	8	323.197188229858	
28967	6	34	1085.66620195548	
20338	5	5	218.215658989835	
9176	10	14	492.491638778007	
27427	8	17	574.663095741842	
14381	4	46	1465.33248757261	
13212	9	20	685.736114366788	
12522	1	9	337.192008056302	
10657	6	35	1116.17637257845	
26628	8	43	1371.35634184412	
29138	2	15	525.879449306931	
18153	2	24	807.828042659829	
11891	9	46	1462.2195258095	
9757	9	2	125.739269575914	
9434	3	48	1536.26311530185	
18813	3	47	1494.32553588148	
27583	2	1	84.2481304724925	
24705	4	30	977.838234984241	
10020	9	30	988.397619849256	
26846	10	48	1514.62531134236	
20285	1	43	1362.67026879018	
27873	9	4	183.249783414998	
23223	5	47	1502.24100518145	
23317	5	7	262.943075794234	
29443	1	45	1435.60608587954	
12226	7	2	114.560607576072	
28981	2	9	337.235889852623	
13644	6	5	212.026159824816	
18452	2	20	679.537570159667	
13636	4	10	378.886618492606	
14170	9	4	172.255736818656	
29214	3	28	917.339689115686	
8207	8	11	392.14454661689	
22911	9	26	866.536138051439	
22976	4	20	669.859663187461	
18075	5	50	1575.61513344553	
8467	3	42	1344.49164028489	
25971	3	30	981.731819483327	
24116	9	10	372.489987226431	
23185	10	6	255.062086514692	
13082	4	1	101.902705701954	
28749	7	25	822.240496548936	
17637	3	39	1241.99116913694	
11701	2	47	1495.3307317455	
27428	4	23	771.401391723846	
25593	9	22	725.185467044444	
24528	7	48	1525.90828117258	
29038	7	6	258.940314473091	
28122	5	31	1019.78105003935	
24951	10	8	294.724187019618	
8429	1	34	1113.05733218466	
27382	8	28	908.92655634737	
21820	9	44	1412.9614750915	
17444	5	28	901.216529617653	
16804	2	29	942.021738282415	
8319	4	5	219.94740481486	
17896	5	37	1183.42519677404	
23053	5	49	1555.2725831956	
16298	9	19	656.885552898462	
28350	4	16	540.102488165769	
9512	7	38	1208.09659771998	
14705	1	16	553.709954541973	
28207	10	39	1257.65443789663	
21823	7	25	817.289754085843	
13822	5	40	1279.10060502547	
22967	9	38	1208.53976019124	
24461	7	14	495.683496042939	
25508	8	20	675.683387758063	
26945	1	33	1055.87960638845	
15714	7	49	1560.64798185632	
12335	9	5	229.833895596598	
12470	9	21	702.516310989166	
24871	9	20	685.348247757809	
14389	9	25	813.335533334564	
20820	4	47	1492.72260564041	
21519	10	18	620.429772241241	
28169	8	16	541.258614278053	
25021	3	1	86.9102734359495	
20197	1	34	1091.54168407039	
27686	7	24	790.420618835101	
29332	7	4	188.652326403489	
14404	1	3	158.295575379532	
9907	5	24	792.245109785462	
16388	4	13	464.813383140049	
29846	9	26	865.829286307948	
26565	4	26	863.329180471287	
20870	8	34	1104.37821402418	
27254	3	34	1090.92801699924	
22530	4	48	1524.51439976902	
9290	1	15	529.912258372601	
17137	9	13	472.189936671494	
25630	9	44	1389.21905708929	
22295	3	11	404.846266584865	
27490	2	45	1432.38749906066	
8702	3	19	646.965488794709	
23468	6	36	1148.19275115998	
10113	10	36	1164.5860586523	
25827	6	14	504.701415051101	
25211	6	8	296.230126720029	
24091	6	36	1162.8616315326	
21569	3	8	309.501971001505	
24140	10	28	930.22489341452	
9055	4	24	803.060708084638	
25688	1	33	1059.13306818303	
22705	7	3	144.89029142302	
9262	6	14	490.541021195492	
11057	4	8	303.57830858956	
14336	2	20	679.625941756939	
24665	10	31	1008.49392397725	
27969	1	11	401.591966041174	
29250	4	40	1278.68879053681	
18405	1	37	1176.51492333809	
10637	8	16	543.730899125212	
16305	5	46	1466.46493406336	
24721	8	12	431.45016176228	
18954	3	35	1129.80102234045	
19980	5	43	1361.46484475651	
16692	1	27	872.841054756586	
16529	9	49	1551.4604677779	
24655	2	14	495.771424554182	
26202	10	4	184.161546167061	
25420	5	31	1004.7554790437	
19166	3	23	751.168987989039	
19572	3	18	605.967348015852	
10444	7	36	1168.45804518483	
13031	7	12	440.614838507313	
19928	6	10	377.670044404301	
15734	7	26	852.960748697147	
13843	2	6	246.370044539855	
28785	7	12	424.529854480424	
11118	9	33	1055.84371358894	
13702	7	2	116.557199226952	
13248	6	44	1390.68014671592	
14826	6	48	1528.68005253779	
14108	5	16	560.918647833596	
11590	2	26	858.427432988969	
20561	8	29	955.234867294894	
25237	8	42	1333.11204160243	
13433	8	11	399.923091717029	
29035	2	13	455.288265112456	
27057	1	19	639.750871881727	
18906	2	14	504.752272267245	
9665	3	3	162.43409302199	
23785	9	37	1202.92243372785	
12267	1	26	851.223467835795	
21648	8	27	895.675013333408	
26904	6	28	925.488157964073	
18536	5	16	538.381332521504	
24741	6	33	1080.93733729838	
23324	5	35	1117.16446645426	
22221	9	43	1386.72790640347	
13059	4	10	371.745003895715	
20207	9	16	553.240947273206	
28408	7	44	1400.45870216585	
27735	7	33	1058.70008536554	
20935	6	28	904.746491957803	
13822	5	6	259.055905425481	
12258	7	7	277.093360068786	
21167	6	47	1490.67502299821	
24398	8	41	1304.27545291571	
15609	4	4	192.870976791191	
20246	4	32	1050.61755989241	
14739	8	15	513.255897217084	
