idEmpleado	idDepartamento	ventas	importe	
19823	7	35	1127.1484467793	
26895	9	26	844.922546690759	
24920	3	15	506.952447792027	
16808	8	44	1401.45010219954	
13520	6	36	1173.58341945968	
20475	5	15	533.387283707684	
29730	8	2	121.23478410823	
24718	8	3	166.962004716956	
22540	8	26	858.837721449713	
13827	7	19	653.373337357013	
8663	10	38	1231.46619846647	
14453	8	7	282.459445429248	
17258	4	36	1149.22967439016	
13526	7	37	1187.33214038766	
25016	5	39	1256.19390743607	
13784	3	27	871.130491416497	
12142	5	28	929.425576836535	
29177	2	17	567.698314230749	
13880	1	39	1262.23406112857	
29693	9	9	343.903975721404	
9502	6	10	358.152245710675	
13326	10	40	1290.854578135	
27051	5	5	215.709774631872	
11657	9	50	1577.14479169675	
9466	5	50	1592.18828431898	
26400	1	29	936.147399980644	
18137	7	9	324.654216470502	
29461	6	30	986.423725386347	
13766	5	8	302.380948580048	
28520	7	16	551.560321260039	
13713	4	17	578.474984661897	
14634	3	35	1129.93611403272	
17497	2	37	1193.27907260194	
18788	8	13	464.811668128153	
11847	2	29	932.105584802155	
21324	5	11	412.589725783369	
19754	5	7	262.419309179494	
14827	10	22	732.221081448822	
23337	4	47	1482.57953761266	
14804	8	48	1509.82811092857	
15285	6	29	947.34445146627	
13650	9	9	348.442865474356	
27371	3	2	116.00050339289	
13405	1	43	1384.62705434515	
25995	4	45	1417.78009935179	
24969	3	26	851.673166179877	
17099	7	33	1065.45618043535	
21505	6	16	541.606945722181	
20677	2	32	1029.94948934296	
11653	10	4	181.456595147707	
12330	2	11	407.369848902975	
17052	7	36	1155.38670724043	
18250	8	26	844.49066380248	
9433	3	32	1030.6083787934	
9475	3	6	253.945040448543	
14091	2	45	1436.2938686443	
18518	3	21	709.212772058888	
20942	2	15	529.807656095274	
8013	1	44	1409.26181788056	
8377	9	8	317.436019479034	
24940	4	7	288.733067237182	
14518	10	22	734.811058721883	
22442	10	46	1464.58105613691	
14081	6	11	387.277400189674	
11009	4	3	154.898352695116	
18955	1	4	181.530084433747	
23767	7	21	689.180372827305	
18061	6	23	764.418006262005	
20413	1	9	335.226555585501	
10947	8	28	923.604181652704	
11291	6	21	688.711182237003	
14399	5	7	277.204495387713	
28444	3	20	685.118776618093	
10571	5	42	1352.4059502	
21324	5	31	996.559524255134	
15882	5	1	89.709380236319	
18810	9	39	1254.85407474211	
16287	6	12	431.082720286717	
19889	2	6	239.364692344966	
13599	10	25	820.515118139105	
28456	6	46	1470.69121954529	
18256	1	43	1383.04727074832	
21499	2	49	1556.47423604339	
18522	8	4	200.924353432341	
11417	5	5	224.190472357064	
10731	4	32	1023.08827742147	
8558	10	10	365.445450230243	
22221	9	6	242.670693808548	
12916	4	7	290.86662767961	
28760	7	34	1095.81171615786	
9842	5	41	1303.37695372448	
26806	8	42	1332.61165308422	
22150	1	28	922.95926356826	
9771	8	39	1245.14351813362	
29465	2	41	1301.09504369139	
13060	4	7	292.533392744387	
10594	7	14	483.861809337447	
17331	6	42	1328.72310320322	
18408	6	41	1309.72870165004	
14958	3	41	1316.25001491804	
14204	7	6	242.492793352573	
15649	7	10	381.038174173347	
20354	5	7	286.38039013668	
12177	8	4	186.345307690252	
10335	8	34	1092.7454129107	
26483	3	5	210.165353515262	
25215	5	16	550.267930622337	
13986	7	34	1092.08471360248	
28665	2	2	114.048854538262	
10183	9	6	244.235660212224	
16931	7	6	261.439793902188	
21065	7	10	358.130051772171	
18096	10	10	370.442963750308	
26294	5	20	668.746699741458	
26548	7	13	446.744799933743	
24752	1	15	505.685796488861	
17432	8	23	778.336822678492	
27224	1	42	1343.65670270457	
12516	5	6	243.08692783261	
18501	6	22	731.810075273649	
10178	5	44	1416.0846342035	
21692	9	15	526.509679018757	
29679	7	16	553.551378582395	
15538	8	25	839.414839427646	
26362	1	38	1220.22722792822	
18859	6	29	956.099529152782	
13599	10	29	954.245231819453	
14982	8	32	1039.97525848447	
15295	1	2	131.310906508617	
13774	4	24	784.026131510747	
23937	2	38	1205.84757089887	
14503	9	48	1526.1309715389	
17806	7	22	721.354018636678	
21151	6	15	523.114677426924	
23541	5	20	658.022324786532	
27039	8	36	1169.65304537194	
27002	2	37	1176.66688061164	
8048	8	46	1450.12892835314	
25540	5	21	708.178940521636	
14707	9	1	94.0251188418014	
16970	7	16	552.82034679913	
11052	10	27	873.360736627765	
15882	5	5	208.621839270285	
8273	2	2	126.630967467386	
28862	2	28	914.371922255667	
27746	3	32	1025.24690195231	
9991	5	32	1042.16868933391	
18970	4	9	334.212563826802	
26053	5	27	878.398718199878	
16887	5	27	875.409247202524	
15069	6	35	1114.1965700659	
13594	8	22	740.20510663288	
15698	10	36	1165.63617537061	
14212	3	20	657.91862637639	
17016	9	47	1500.16538071454	
29706	3	41	1315.98311433382	
9697	7	45	1427.48679559095	
19237	6	32	1046.96555070903	
17022	10	16	566.11807976203	
25879	8	5	216.645883757922	
12600	7	26	855.920121695809	
29844	3	34	1110.29267213787	
17794	1	32	1040.77380709386	
10514	7	28	930.022723027516	
19868	4	19	638.388089313353	
11550	5	9	335.308822363293	
18132	8	39	1236.77603313549	
10918	3	45	1447.32828632338	
28766	9	1	90.724374954926	
8045	2	27	877.091754561798	
23907	10	28	929.018915877221	
24177	7	28	928.207894325353	
9502	6	21	715.477762182931	
14713	5	5	229.061808990809	
12201	4	6	258.989728474519	
20082	10	18	622.723897575738	
8819	2	11	397.887839748472	
12214	5	15	506.920411115009	
25941	6	48	1525.04291717198	
25032	4	7	274.980325975912	
21993	3	48	1513.93083981887	
13567	7	21	700.032667992652	
14436	2	6	241.576540284593	
25196	4	26	855.901659306093	
20326	6	40	1269.82956144485	
10594	7	16	545.642464265992	
24989	7	12	440.49479616829	
9609	8	3	143.435392260289	
11538	1	18	622.949296712386	
18491	9	29	942.039210452716	
20382	3	42	1342.16624978099	
8560	8	5	209.701329902607	
28862	2	30	964.010848591109	
29029	7	17	571.533056763715	
26537	4	25	838.104997145992	
12325	8	32	1042.52767466126	
28705	8	45	1432.5869295339	
22992	10	27	878.59911624277	
20188	8	34	1088.24287815403	
16736	5	20	659.063099892374	
21460	2	44	1388.47086881682	
13159	1	37	1194.84040301053	
17370	8	9	323.488188871875	
13332	2	1	81.3069636380798	
16461	5	49	1546.3903313253	
21304	6	7	265.988675740542	
29678	3	1	104.727344449948	
23784	3	31	1016.5743663798	
9694	6	14	478.928897901871	
8289	4	29	957.4414831388	
22512	8	31	998.095274585344	
27298	5	31	1000.56638447594	
22386	5	35	1121.92263353706	
22273	5	10	371.137753786118	
13642	9	8	302.715043939052	
10011	3	6	235.887453703157	
18440	8	29	948.716131853273	
19980	5	7	264.872147787768	
14531	9	39	1260.19316158266	
23258	9	4	172.74562504736	
15788	1	47	1494.814026195	
25990	3	36	1173.3406408752	
24833	5	28	904.378989610997	
29720	5	22	748.68516450221	
18944	7	35	1134.92550478081	
10020	9	24	799.317585974614	
9712	9	49	1564.19704573424	
13661	8	5	223.944705419217	
12544	9	30	990.956811844817	
20669	4	25	816.462053813255	
11517	1	24	790.136968041834	
19048	4	35	1119.2887235057	
28734	5	31	1018.67753296098	
10186	9	29	945.979817279605	
13944	4	14	486.509457159093	
17581	10	11	399.090436808341	
27734	9	13	456.544479120776	
20627	8	6	240.269576646513	
14539	4	28	909.51132798079	
14164	10	34	1083.84088570431	
19345	9	15	520.915119816044	
12754	5	32	1023.92042978849	
24360	1	39	1264.50649435842	
23493	7	39	1265.50781357359	
29024	4	49	1543.94393586737	
19848	5	12	421.599865305051	
19318	7	20	687.778696365551	
10232	1	20	672.873094804992	
28240	10	9	348.818012824663	
24017	3	20	682.217543442835	
24154	5	4	173.81154280799	
26087	3	39	1247.71478174614	
15393	5	38	1218.40595466011	
18066	10	31	995.497253106673	
23672	1	23	764.24907369737	
26938	3	8	295.130227941615	
26960	7	10	370.461413399531	
24826	6	37	1174.80302436967	
23432	8	16	546.381458857274	
22531	10	25	827.072745350689	
16620	5	8	301.791630006298	
14660	9	47	1480.78263903073	
24995	4	1	105.61755453498	
22759	5	39	1262.46684408862	
26495	6	6	247.304515096966	
8462	4	47	1478.80655107964	
21703	3	50	1581.88885151497	
11941	3	6	255.94281625745	
19064	5	47	1484.62829662702	
12719	7	47	1503.62460713071	
19191	5	43	1379.34297458238	
22325	2	24	788.44655520676	
29330	10	29	955.360819806979	
14205	4	6	256.352275878355	
24721	8	39	1251.83050523132	
9215	5	16	550.893596406511	
16686	3	48	1508.83414651679	
23440	2	39	1238.87117603741	
12628	1	24	804.741228634837	
13588	1	24	793.325639475754	
12460	5	4	191.538889609063	
12504	4	30	971.323950929252	
19610	4	46	1475.12669259455	
8154	2	11	388.739268401982	
12754	5	22	722.650511005265	
23199	5	35	1142.4221862957	
25856	7	47	1500.8827688456	
11937	1	1	103.180279854303	
17881	6	6	261.730743582235	
21442	7	7	271.379229217479	
13703	1	1	108.62902340881	
10789	9	27	881.74145475111	
17558	4	40	1293.88811778924	
18954	3	3	162.438582630101	
20917	10	26	862.049255698011	
16616	2	19	640.132480785312	
9966	4	31	998.302875253513	
21283	1	1	82.0396502698025	
21178	6	34	1098.20329847662	
19613	2	3	145.137384787732	
12799	10	12	439.711013790085	
12136	2	15	511.835880108101	
27692	10	24	788.244798177967	
11339	9	13	445.193405693953	
29566	5	28	902.874568860454	
28115	3	30	985.36498760123	
11651	9	10	372.353961939157	
28183	1	32	1042.05367878175	
11796	5	42	1343.66674787536	
24154	5	8	293.355477290859	
27582	9	11	386.296081424829	
11694	1	22	731.59023736212	
26427	1	13	450.061795734829	
18994	3	42	1353.05581938152	
10926	3	21	715.533855741627	
14129	2	28	930.467679077046	
12805	5	1	85.6559464361779	
21141	6	41	1316.878286133	
18969	1	18	619.81633308335	
13159	1	21	704.882328801268	
24370	7	50	1577.92378223404	
10716	3	49	1558.70857166066	
10906	7	50	1594.21207267522	
10517	4	40	1293.24906740955	
8769	8	46	1474.9955837219	
18389	1	17	577.601519831271	
26400	1	34	1094.55843741752	
18909	9	27	872.922237176878	
17244	9	31	994.303020180344	
26364	5	21	691.698024446004	
9669	3	36	1152.590721153	
19331	10	47	1506.79449624698	
12203	4	5	220.667877560792	
8565	6	22	739.603843847105	
16005	5	12	433.614625685669	
27599	7	40	1279.70300950096	
21554	3	7	263.079152751285	
19436	5	34	1109.9332869006	
14075	9	34	1085.86469954153	
29952	1	42	1337.28552340403	
9754	8	26	850.068224356541	
22941	4	16	538.829090063846	
18467	4	10	359.513531978947	
24888	8	49	1568.37526629138	
27588	4	47	1485.08314779265	
8403	6	30	977.038786046691	
16822	10	15	511.679659016281	
21907	9	49	1540.83229840772	
29689	2	32	1046.90472688847	
28733	6	48	1531.58157662097	
23044	2	19	634.476534349134	
19772	10	40	1281.42458912052	
27672	7	33	1062.22331718645	
28200	5	13	473.320969675351	
14925	5	3	167.213602553687	
14804	8	14	481.002442129423	
27041	9	15	517.623807432886	
18444	6	34	1094.99573076842	
14489	3	17	570.197821972052	
9358	5	11	405.273049029183	
25368	7	47	1490.80655018371	
20453	7	34	1099.43172476228	
29094	4	2	127.750658601406	
17677	10	22	731.968723429352	
15511	5	22	740.764756137861	
25002	1	14	479.501585177845	
10108	9	17	590.922359801327	
17994	4	41	1310.45795188772	
11644	8	31	999.441193695851	
21255	3	32	1035.83084624067	
15644	6	22	747.388526325761	
24128	3	17	575.722659535577	
23909	7	8	311.01358659147	
26377	5	27	882.530809679316	
14215	1	46	1454.81410444473	
9024	3	35	1119.0946921702	
11429	6	40	1279.19503968172	
20021	6	1	105.836806383839	
15511	5	44	1408.1659196169	
27377	3	17	577.956797675209	
12700	6	3	145.921860814989	
23520	3	36	1153.7261390098	
28444	3	45	1426.0175102884	
23488	5	33	1062.72144355938	
18664	10	2	137.22149009687	
25322	3	46	1471.16613203248	
21237	1	15	524.571179060531	
20775	4	42	1347.34690788544	
20188	8	19	652.390241293418	
20584	5	49	1552.61218355625	
19874	1	26	842.079202068075	
29318	10	23	768.083421982864	
28597	3	18	619.735464928548	
10514	7	23	760.591650512345	
23422	6	45	1446.47897322033	
27560	1	42	1350.63649959426	
27627	1	14	491.07843146244	
23710	9	38	1227.54480854959	
26559	7	28	907.610510153515	
21873	9	34	1085.5815626148	
25217	8	13	466.116426245364	
25365	9	24	801.221707128557	
18476	6	18	621.391104711867	
14218	10	1	91.0738806478092	
25602	9	26	864.193050295204	
19926	6	2	138.753874813558	
8261	4	32	1050.41100252905	
8063	8	6	259.692507507136	
28312	7	18	618.506865230625	
20987	10	19	648.118910383488	
9129	2	24	801.807402447708	
10299	5	14	491.787001049047	
25320	4	40	1286.82981115153	
18404	7	50	1592.24102429684	
17963	7	9	339.351188214194	
21609	6	12	417.080411173906	
12579	9	40	1273.41421447388	
12136	2	20	665.029215042027	
19967	1	20	674.747233332483	
17250	1	26	869.598624105378	
22936	10	49	1554.93040611731	
14749	4	26	843.575451915886	
24008	3	22	738.067710594306	
28505	6	32	1046.82901013961	
26549	8	7	273.75164417259	
23647	9	50	1579.3051043429	
17571	3	49	1555.98719460703	
18765	3	36	1150.42193607912	
8633	8	32	1036.05183645899	
9899	8	4	184.177604850464	
19353	2	21	708.016260707758	
10569	10	2	131.650231132121	
21906	4	24	798.226296230325	
19100	5	11	402.584357002091	
29319	10	4	191.840371429846	
28640	8	29	944.700153686432	
13060	4	18	612.335034297935	
25911	2	44	1414.94362964059	
28070	9	7	278.528393264175	
26081	2	50	1598.46761528331	
18221	2	14	500.755129503438	
25819	4	9	344.878671553395	
21718	1	24	808.840042654816	
18526	1	1	84.2713309099299	
22386	5	25	830.804781108538	
15821	5	12	430.292201019028	
20161	6	33	1081.25361083134	
20506	6	19	627.494440631706	
9102	8	14	501.240462298151	
8451	1	34	1109.39856204642	
22583	2	3	157.222285120386	
10394	3	45	1426.04921642041	
20982	7	19	632.797575217112	
8663	10	2	118.011886048136	
16247	5	35	1130.65115649749	
16511	1	38	1222.54097432948	
28733	6	3	143.153996534252	
9107	3	37	1174.56209457226	
16744	4	44	1417.32223647522	
10923	2	27	884.887945952307	
16215	9	4	182.766680206529	
24258	9	47	1499.98906644992	
17344	1	25	823.640671048146	
23972	5	15	514.329260380161	
11397	7	49	1540.10264967573	
11811	8	23	750.157171315587	
11597	8	40	1293.56070481872	
11598	3	30	964.245454149435	
12636	3	47	1480.400652867	
23227	2	31	994.651034527761	
8827	1	44	1404.74537687597	
11876	8	46	1458.47058483328	
13950	9	13	466.500821777853	
9770	8	20	676.279618049171	
16468	10	13	448.843494601941	
29862	4	40	1290.05173456392	
23209	9	2	114.73540926107	
12673	5	22	733.796379684376	
24397	6	8	296.024229031067	
18612	1	45	1443.45944315356	
16461	5	17	578.051493511559	
17539	7	31	1008.49275397532	
13769	6	22	729.181473780974	
8142	4	48	1526.65327441257	
18945	3	1	106.955319730078	
26882	1	27	881.967044287346	
9486	3	34	1098.85265591501	
19635	5	23	760.214410182189	
8578	5	27	871.9332005046	
8538	4	17	569.299397100368	
29812	3	27	881.546157152181	
26480	4	32	1037.77293972567	
23559	9	50	1597.62139316537	
18316	2	31	993.640447311867	
28456	6	47	1495.70093507678	
24600	10	18	600.766063053518	
23324	5	35	1121.23800050525	
9127	2	10	374.510782274655	
29553	5	3	144.1686812342	
16099	1	3	160.647609792951	
16501	3	22	736.731496200306	
15707	9	4	197.008156681903	
10113	10	22	747.093787764708	
26596	7	34	1106.58942777039	
16212	6	41	1304.65318517045	
22657	6	8	298.751700287104	
19368	5	32	1039.54839464256	
16072	1	49	1556.51795716794	
12876	7	40	1269.1683914462	
23602	1	45	1440.59942193357	
12866	1	37	1187.80556506841	
20772	7	31	1009.35761684988	
25905	10	29	958.537865541195	
22119	10	50	1573.86279332166	
12063	2	11	386.836452440748	
15325	9	23	774.273926231206	
17504	3	26	850.807592668947	
10126	2	27	896.987396635575	
20874	3	14	487.373940650082	
8019	6	22	738.135605388384	
28579	1	39	1251.30451540058	
15808	7	18	613.346294636534	
23532	9	4	172.312253644835	
13930	6	30	991.101255766629	
29193	4	4	193.104877375581	
21685	7	13	446.972437150298	
22873	5	46	1460.84919166791	
14085	3	33	1072.86037446599	
16172	4	24	780.578682972388	
16911	2	46	1448.07743154842	
29861	4	6	248.81373405867	
8982	9	42	1340.22462698641	
16281	6	20	669.627698450176	
21482	5	5	215.376619238116	
24434	1	24	786.727946953256	
22844	6	13	461.043336829656	
22404	6	9	341.398966210614	
9405	7	38	1222.59204601058	
23896	2	8	302.000089242123	
8219	4	44	1408.20361944297	
17215	10	45	1442.41864964479	
20223	5	35	1142.33469874707	
10091	4	34	1091.04601873599	
23967	10	32	1031.33377857103	
9132	1	30	981.493832031961	
18344	3	46	1472.1885403023	
25171	6	3	159.235074184479	
15089	9	1	103.758599843717	
12079	4	20	686.803994871119	
16468	10	24	801.427008845577	
25549	6	42	1349.95847038457	
14105	9	8	304.250603869674	
16227	1	47	1487.13684162457	
23932	1	31	1006.03307584582	
27520	6	15	509.343094392374	
27443	9	5	203.385201563772	
13970	5	1	104.695903037067	
15641	7	42	1355.99253199808	
27657	7	31	993.484550394809	
17331	6	29	937.68074802015	
21324	5	12	437.902508619196	
22714	1	49	1566.68802017657	
20900	10	26	855.939274195553	
15826	3	45	1421.09095989777	
21256	10	40	1271.7856878749	
21071	3	45	1447.58093808199	
16082	7	12	419.7299183997	
12749	4	25	823.161246303078	
27012	7	26	867.134846368402	
8715	3	48	1525.79311561109	
24106	8	15	512.874960020592	
10350	1	38	1228.21554665836	
22418	5	20	674.987307393452	
8885	10	20	679.170321207107	
19022	5	27	895.716955743598	
19893	9	4	188.96981665351	
14634	3	35	1122.30027590054	
8749	10	22	740.978475073808	
9399	3	1	89.6074237346684	
9486	3	8	320.916337073276	
15832	8	10	367.737362965819	
16351	5	45	1437.09059182419	
23149	9	13	466.056379594866	
22861	2	50	1579.15167412681	
24371	3	4	178.118961163852	
29844	3	49	1544.563130189	
8008	7	46	1453.08778536184	
8978	3	39	1263.59462260436	
13574	10	41	1306.03352484574	
16698	8	20	663.342745389483	
16019	6	12	436.347433792589	
25701	2	17	585.406434212535	
22108	1	8	309.107495615775	
26658	8	30	964.319341221973	
11298	2	32	1050.30111082378	
9337	4	46	1475.73062946821	
23534	10	10	366.395424551515	
11565	1	40	1269.95505883822	
16874	1	43	1359.54809069612	
17275	7	35	1133.91289394997	
25682	4	35	1132.4586219026	
23041	4	29	936.0738278814	
12864	8	25	836.623753475316	
16269	6	23	761.010879260027	
24591	7	10	368.552048824985	
15242	6	5	201.742923726208	
29839	5	38	1229.26329647622	
15355	3	27	887.966520417466	
29721	7	4	190.316120102217	
17054	3	11	400.373277738864	
28867	6	20	681.084925663231	
13133	3	30	963.717427963259	
9930	1	42	1346.38510826341	
11355	7	23	752.568213321533	
25884	8	19	649.943385054331	
23827	8	18	600.811916795006	
26326	9	37	1180.63164058171	
14637	5	27	876.787600068742	
8219	4	41	1322.97199873392	
12878	10	42	1327.22255768591	
11204	7	50	1594.49315272015	
13034	2	23	756.13529579534	
22140	10	35	1117.12772145734	
9962	5	7	283.792100978918	
27968	5	36	1169.4456818185	
8918	2	48	1527.46852580806	
25659	2	31	999.108051042588	
27818	9	41	1310.66796617148	
9869	9	38	1228.86921038333	
12757	1	31	1019.98632627539	
21311	5	45	1422.57439210199	
19608	10	46	1452.34521706232	
14476	7	30	981.430384377684	
18859	6	16	555.694529784701	
10793	10	24	788.457715170671	
10944	3	32	1031.66353508442	
28109	4	20	680.466838348874	
15245	8	41	1305.04550033484	
27576	4	40	1290.59962530183	
18827	2	50	1576.37603743764	
18745	1	11	395.299833712773	
15077	8	19	645.121264944375	
19334	10	36	1153.27850250214	
28292	6	30	985.660247106878	
19341	1	50	1582.25781972625	
16517	6	33	1072.63000582933	
13920	5	25	839.021325949124	
20382	3	36	1156.53928229424	
27800	6	11	394.375956167642	
13608	1	15	529.489194028773	
13122	5	10	375.098988886503	
19887	5	34	1089.60782448277	
20123	8	49	1546.9830601043	
13229	4	2	112.325533010217	
27800	6	35	1139.41974122982	
14392	2	13	456.323326107265	
9733	1	45	1418.94610642406	
20448	1	19	632.831652496397	
26573	5	37	1191.56519744152	
27147	1	12	441.083523016928	
23863	7	24	802.63487268362	
9964	3	48	1518.59533030474	
25914	6	39	1259.09731003414	
28403	3	23	770.329793826831	
8534	7	17	577.798885636869	
23800	3	25	828.73970860091	
28588	4	50	1582.28704358558	
14533	1	27	870.69057847871	
24196	1	49	1564.11049815086	
22685	10	38	1218.27984996991	
9321	2	48	1520.34507844613	
14846	3	46	1475.58614024687	
19937	6	37	1186.18797476692	
23435	2	42	1346.59596129628	
23142	9	31	1011.92272397313	
26112	7	32	1029.37188777578	
15695	7	37	1202.8567932932	
9014	3	5	211.467474350458	
14464	4	8	301.534281252667	
23712	7	4	176.815675989173	
12258	7	23	768.447199858933	
11209	3	45	1442.56876874835	
9090	4	31	996.292010003837	
19816	6	24	779.380016354555	
14062	8	22	724.887337388884	
9310	8	11	412.966567619222	
26724	4	47	1505.36215695802	
21509	2	29	949.104851367466	
25538	7	31	1016.27478855489	
10113	10	11	412.134389063406	
29611	2	38	1212.71742866035	
12477	8	2	127.635185852477	
15985	3	4	193.480302893315	
9063	1	28	929.516102284899	
26756	10	26	853.741164754024	
27056	6	14	476.70450340803	
20323	7	30	986.023954910237	
14780	9	13	462.948708675312	
19145	5	14	487.861361470009	
8154	2	25	833.518111125342	
15320	8	34	1090.34296224375	
14760	8	49	1568.33074747041	
26901	7	37	1192.42878414338	
20663	1	23	776.09610619773	
11845	3	18	609.144115582641	
16461	5	14	499.512848639634	
16572	9	47	1503.41984971586	
23397	2	7	280.387098808022	
10374	1	21	700.402809037083	
17717	8	4	190.047853454038	
12522	1	26	853.466532814068	
10963	4	40	1287.47863207361	
24441	4	11	411.297371243731	
18575	3	34	1094.74952145235	
9101	5	40	1272.63632315799	
27772	5	29	960.066103935273	
25420	5	18	602.303320300907	
12499	5	16	559.717293679583	
11401	10	2	125.442456437947	
10291	1	6	244.832318017647	
18498	7	28	923.377551642888	
21312	9	21	713.182192218109	
28848	1	46	1454.41578992382	
20994	7	38	1231.97610908746	
25410	9	1	85.5624213095579	
11518	1	46	1472.70989259365	
20871	4	43	1362.10583735355	
16989	10	9	336.671872482017	
16751	7	17	572.854796542253	
14647	1	18	615.218220565104	
12763	6	2	123.34793286554	
18208	5	25	819.908084617885	
28277	5	41	1323.60611288045	
27880	6	33	1068.01617012732	
25733	10	20	686.472713745419	
15245	8	24	800.11645238852	
11522	1	9	330.139984604968	
21393	6	8	300.195903806107	
14964	3	6	250.235900771914	
13507	3	8	305.37448874925	
16811	5	15	509.546717903366	
18491	9	41	1304.97505815	
17504	3	9	328.702042330383	
17244	9	28	906.226935100847	
19164	2	36	1158.66785624934	
21596	2	48	1525.23879658675	
14129	2	41	1316.33781460875	
10977	1	21	698.730781440963	
15475	9	39	1256.8797791269	
17660	1	47	1493.67506081875	
24670	9	46	1474.40118310712	
25113	9	15	506.306661230655	
17820	8	12	417.506252237366	
21186	10	8	323.029043452362	
22048	3	48	1510.14055948245	
22596	5	13	457.160770025645	
21118	3	4	193.914957546589	
13018	1	49	1560.45267505592	
27288	5	23	770.533684888172	
29822	4	22	736.434222988987	
9889	6	22	737.407011286079	
9875	5	39	1246.74797723384	
16018	7	41	1307.53230226577	
8230	3	3	165.184588471979	
14287	1	3	146.699920588499	
13594	8	2	113.558448196183	
27430	3	49	1563.87251919316	
20338	5	29	943.281201116406	
12995	1	14	488.276807706932	
13985	8	16	552.519870769475	
27876	4	21	709.926119330305	
14223	9	10	382.1074164948	
27329	2	11	389.481392907669	
9139	8	45	1420.0679676887	
25198	3	42	1335.28560011428	
27417	4	38	1218.40249349289	
28661	6	13	464.480149887726	
24508	5	19	628.188854822977	
22051	7	3	153.308252838118	
23319	3	3	160.32362472281	
19623	3	6	236.372077984909	
25555	10	22	743.375055912591	
26101	9	20	679.792093355112	
28609	6	20	679.179735723501	
8395	7	22	740.817037457981	
8758	4	38	1217.04127163488	
26331	7	14	482.401832380519	
14133	4	33	1080.57706942809	
13434	9	36	1157.87561064487	
26750	7	8	309.311943719774	
23869	5	20	686.20149484193	
12835	7	10	369.687309549045	
27145	8	35	1129.66221891794	
15613	1	35	1113.80167778293	
8680	3	36	1167.96747746317	
27485	4	26	862.798740669526	
16845	4	50	1597.44275588423	
9519	10	6	243.517453858404	
29680	5	25	839.527014512349	
10987	10	35	1125.10940805315	
25905	10	49	1561.36627739359	
27867	5	13	453.05661349234	
18546	1	7	290.453973734031	
27722	10	24	784.35990835743	
10330	10	26	863.748941488447	
15377	1	36	1172.29376661232	
8956	1	4	196.825268322986	
25034	10	18	597.438284548669	
14971	3	17	587.743443338081	
26729	1	10	371.738065989566	
10126	2	50	1592.68062013792	
28694	3	36	1165.72610272361	
17215	10	47	1487.14442221781	
28842	8	21	690.210060165361	
26501	1	17	580.062145004078	
14205	4	50	1594.03195537349	
16078	3	19	646.955883878728	
22064	9	21	708.352566542268	
17988	9	32	1024.367551014	
25032	4	15	529.658648953614	
20154	10	38	1231.15661581566	
18122	4	16	563.295449765071	
8712	2	43	1385.40559047153	
19303	4	6	258.964863987158	
20845	8	46	1466.31837592754	
28505	6	12	420.23880978126	
11964	5	26	852.445197576864	
21325	2	27	875.679715124741	
27171	2	9	332.100490225526	
23798	3	16	552.486859444756	
16078	3	38	1220.95973760866	
17574	8	8	300.962696029322	
23405	8	44	1388.66184031063	
26416	10	19	628.198844784963	
19146	9	4	198.95734732922	
15691	9	43	1383.31546449257	
14346	3	15	532.92108217856	
20046	5	47	1495.43218499768	
14860	2	44	1415.43079423505	
28768	5	36	1168.52327084566	
21150	1	34	1100.2160033119	
27831	8	47	1484.96354783185	
17207	7	17	572.833626090006	
29330	10	26	866.137544655305	
25693	6	8	316.631323581855	
25815	6	35	1120.47539211832	
13359	3	14	482.542887331239	
25479	1	15	519.452158752574	
20039	7	18	613.73953277885	
21784	7	36	1173.93552208968	
8641	3	8	295.842856790797	
17182	4	30	969.090189341963	
14512	7	25	819.149902844406	
26118	6	11	389.868365558734	
12668	10	47	1493.95279223749	
22980	1	33	1078.07082762852	
23868	7	20	667.651023020805	
29464	2	2	111.489109746874	
11941	3	28	918.041532429886	
16818	4	15	523.510131707187	
15905	1	11	399.84856903546	
27434	6	28	921.145553198245	
16384	8	9	345.337794323144	
19199	10	2	115.256583893325	
13898	6	23	750.77832838091	
13578	6	43	1371.7179241086	
9171	8	43	1377.06426241298	
23360	10	29	938.945577432842	
22891	3	17	571.252712836141	
24306	5	24	796.746680511509	
11447	9	35	1141.11087319493	
29322	1	23	751.523698881047	
26806	8	27	892.921772307214	
27531	3	46	1455.84428016834	
16384	8	32	1029.44264564172	
10553	5	42	1346.19306798381	
17136	5	50	1590.46182367507	
27938	6	18	599.26804581623	
11094	10	49	1542.3335404053	
23863	7	12	425.842983809227	
14703	2	48	1537.69592245002	
28210	4	11	412.993038824291	
23621	6	9	341.940182345891	
25237	8	23	758.164968135844	
17250	1	9	336.644002653958	
19536	2	9	331.869548266693	
25093	8	33	1081.81279318492	
10454	10	33	1078.79347475189	
17956	5	22	734.246052547473	
27376	9	22	720.886519700702	
20873	2	24	795.664441471763	
18813	3	14	501.431972431686	
25055	7	19	657.390652567796	
11134	7	30	971.920662527867	
25450	4	26	848.674701810197	
19199	10	6	259.070450113653	
27739	1	38	1219.62575350871	
14646	3	16	537.57704219668	
11621	9	4	195.359216274395	
24384	5	16	544.913399473258	
8999	7	42	1343.41112970533	
18571	1	35	1143.5973098984	
23189	5	49	1548.19944591643	
27520	6	44	1416.99285226734	
9878	8	2	112.824648894754	
26416	10	36	1144.31915790975	
29950	6	3	156.168417034749	
19924	6	30	963.305622676064	
25187	6	29	960.425719917019	
26806	8	5	227.759724253677	
17302	3	34	1087.60900395345	
26145	9	3	148.382977204576	
29225	6	3	169.155569341572	
26537	4	17	572.198548620659	
19536	2	17	585.814209257166	
9641	4	50	1586.85553021117	
27147	1	20	659.205370852354	
22868	7	37	1187.1728261873	
26693	10	43	1378.61258123937	
15194	2	14	498.908780114217	
16616	2	10	369.905130923682	
27849	1	10	378.27078766109	
17655	4	7	284.699524885369	
17644	2	46	1450.36619313544	
27214	3	1	81.0822390397462	
10355	9	22	719.678900763243	
24026	3	4	174.133046313251	
19921	9	48	1521.00110977935	
16479	5	20	687.169578358144	
17112	10	26	850.372195528062	
27641	7	5	206.567314475108	
11830	7	35	1132.88478147838	
17842	2	14	483.908829541835	
8154	2	33	1077.42014093204	
16242	6	20	682.431854103893	
16063	10	13	474.098612551623	
14204	7	13	464.793592907858	
19436	5	15	524.947330078551	
8089	6	22	725.34031924109	
12852	6	24	792.324844744208	
22016	2	6	255.701131231944	
10159	10	4	198.507170508852	
29157	8	4	198.367754834875	
12365	7	17	586.486328293796	
14628	1	38	1233.27751574725	
25614	1	22	727.281464267188	
13013	2	11	412.276403090114	
15243	10	3	165.192103947137	
25724	9	13	466.106453270701	
29528	10	26	861.819171599028	
19754	5	37	1199.8650792613	
29131	1	2	112.452927321407	
18255	8	23	758.964460957313	
8571	4	41	1296.45043616018	
25387	7	6	255.008268549577	
10174	4	32	1045.14034204424	
16505	4	29	938.897785013028	
9063	1	4	177.833252780993	
22469	2	44	1415.91061322759	
13328	2	31	993.145748131511	
8584	4	32	1050.1861115965	
9564	6	6	235.167307255402	
8581	5	10	356.13604431792	
10238	2	4	190.053524388957	
18292	2	1	101.192409778569	
22408	4	49	1554.72422247507	
28894	6	39	1264.47414766274	
24589	2	21	691.735428409528	
25834	2	47	1489.76669451677	
12055	5	4	191.715596705543	
17940	8	37	1202.06193730331	
9868	9	5	214.258040773802	
18848	2	16	541.83250694621	
9215	5	20	666.287736495159	
19165	4	9	323.207648882273	
16208	8	6	251.39796041483	
25648	4	6	259.903032826215	
16255	2	41	1298.21319659157	
11315	3	8	297.088677388192	
29248	2	29	953.800774772559	
14798	7	11	387.402497673129	
14906	3	1	88.9409423661143	
28343	6	35	1134.89465650865	
10091	4	45	1425.35040675912	
14698	9	39	1250.50711626676	
18090	1	4	174.114387153701	
23073	1	13	453.920320521072	
25269	4	24	787.458393381656	
24961	3	28	902.411872382468	
8615	10	39	1237.29151205965	
11398	7	35	1135.20082753859	
24008	3	10	366.960340126865	
23053	5	21	709.036716850957	
24785	10	42	1332.19457110958	
29942	9	42	1342.13873314771	
18555	5	1	100.533823976542	
17691	3	45	1442.37112619093	
27331	4	1	88.3142304459187	
18909	9	16	565.293918515227	
20470	2	40	1278.55329327218	
19398	7	33	1062.80731660445	
15070	8	41	1320.54097468059	
25960	5	7	275.42540943037	
23501	6	10	354.390856565158	
29244	9	39	1259.75723429572	
23644	2	33	1065.6070384875	
12047	3	36	1170.6204203752	
13872	7	4	172.676724462154	
23611	1	33	1053.2427872779	
22878	9	1	83.6103081347469	
17593	9	26	865.237309218029	
27918	6	39	1240.68458842145	
8443	7	47	1480.7445753928	
28067	4	16	542.109838455035	
19720	5	20	685.743250458382	
21436	6	32	1041.24516923039	
8718	1	21	700.272650746756	
13859	6	15	530.785637558804	
22892	5	16	539.546408122194	
16714	5	48	1527.07802262487	
20006	9	37	1180.803901954	
20942	2	16	557.015754281085	
25830	6	44	1389.32355602706	
16093	8	9	332.475182457117	
11830	7	19	656.514769166948	
17393	5	28	915.101597176446	
13188	10	34	1105.22132392285	
16084	3	25	809.637935836631	
26315	8	28	924.149003347451	
24302	2	8	302.673824905732	
22421	5	11	409.026834223898	
16722	4	6	251.588802380296	
29176	8	25	812.919278076347	
24860	1	18	618.535384116012	
19795	4	47	1490.99345816811	
22586	4	20	666.861522992543	
9878	8	44	1413.51553293574	
13819	10	26	860.503799943488	
20850	7	6	245.593172463399	
16301	6	7	264.900077779265	
27638	9	18	603.493966778505	
15511	5	10	361.243596058918	
15125	2	42	1334.21560610375	
23887	4	27	898.801564247721	
16053	4	13	452.05420284162	
12675	8	47	1494.51623911714	
26243	2	14	486.215764734063	
11941	3	6	246.926878395922	
24060	7	22	726.451320651197	
8145	7	10	380.893563917323	
22908	3	31	1000.26117322979	
28984	7	30	991.585488632128	
17386	1	36	1148.76782232372	
22395	8	19	638.215895890359	
29914	5	4	177.749391318182	
29118	3	17	585.791562323361	
18956	3	48	1531.21741865353	
13237	5	49	1542.95022697325	
9577	6	41	1297.87608739821	
8769	8	12	424.655637119271	
10440	2	49	1560.38571456465	
29367	10	12	440.982484538566	
28777	1	26	848.527721114702	
11001	4	25	830.568962372173	
27273	9	40	1274.58347391085	
20671	7	21	693.648506837733	
26372	4	15	507.765310345108	
27278	6	29	942.209191276789	
9113	3	19	651.116380286923	
26866	8	1	98.881727465839	
23034	3	38	1227.72963629464	
26854	1	45	1439.76885080327	
21690	1	10	365.192465095405	
8990	3	10	354.646330342929	
21519	10	31	1003.58405584636	
9052	1	27	899.560305895079	
21574	4	25	822.800148177333	
10644	6	17	570.521991779339	
25931	7	47	1480.4209796155	
16904	6	23	761.998530049808	
10885	6	15	508.885832442383	
20982	7	29	938.294445526923	
26010	5	3	163.186615185433	
13031	7	18	623.255439430129	
17542	1	28	902.412651675945	
26750	7	31	1017.44134559177	
25936	8	21	702.820980056571	
26533	6	6	254.703382185988	
20184	3	15	520.78599279783	
21287	7	30	985.201895844751	
18261	5	22	735.644104339017	
28491	9	46	1470.56530596249	
23084	3	36	1162.62771254528	
29607	9	45	1420.93753534413	
27862	5	8	304.514363214613	
14964	3	6	242.511482239939	
27321	6	34	1112.71587494422	
28408	7	17	583.646643731579	
29187	1	38	1224.21809033687	
9584	1	43	1358.40569600389	
29034	7	33	1066.75092877203	
8938	2	36	1144.00657345727	
25243	8	37	1195.810498109	
18665	9	21	707.569593185358	
14807	1	23	753.163927622681	
10821	8	36	1160.49232242652	
9132	1	21	706.393023536724	
28879	6	27	874.121491980795	
18825	3	38	1234.631840044	
26326	9	27	878.189085423103	
19831	2	43	1362.99141414603	
10854	3	32	1040.69542687419	
23731	3	3	142.529247357756	
20732	5	18	615.877557348403	
24393	9	48	1515.76980467689	
19336	4	21	702.091269037729	
18426	9	10	357.795869353132	
16849	3	8	305.272281684574	
24363	6	48	1528.15631069623	
18988	1	9	337.14212831908	
8008	7	50	1590.82752678116	
26081	2	9	333.061928159121	
28981	2	14	501.423198478959	
13024	9	40	1265.91448444217	
21465	2	30	963.237623126822	
9882	2	43	1357.16433033215	
22308	7	10	357.14113825799	
9762	9	16	544.254929751276	
18717	3	2	130.131967128316	
16749	6	26	841.072573606424	
24528	7	43	1386.84443095086	
9105	10	8	319.153504445755	
29964	2	29	946.303901442468	
19158	5	5	202.01528361161	
9649	1	40	1295.24760127778	
24622	7	30	964.879258985109	
27376	9	42	1342.48394741792	
11752	2	33	1055.61702200007	
17717	8	46	1470.09151180745	
11047	6	42	1341.92032924943	
18402	10	11	391.048322055046	
22089	7	45	1428.69948807578	
25117	3	18	620.071542141992	
20950	8	39	1242.59690737473	
27605	3	38	1222.21048169872	
12784	7	40	1294.94867746483	
24819	5	44	1408.03605860473	
28880	5	18	626.750155196874	
10657	6	47	1505.16773066724	
18300	7	37	1202.42309417688	
21703	3	47	1484.71561288681	
14815	6	27	887.443593259642	
16804	2	19	655.490333035351	
11576	3	30	967.075962017791	
22349	1	43	1367.57816922272	
29075	5	25	813.689000612911	
27162	9	22	722.583374978315	
22381	1	48	1529.89601366683	
17879	10	42	1344.33197005854	
13216	1	31	995.999597290531	
29726	3	27	883.351184168528	
17509	9	6	242.138093785447	
8157	1	25	823.98952485248	
29897	9	13	473.559266437571	
26969	2	34	1091.34465447224	
24836	5	35	1123.83790970027	
18629	9	4	174.391525431718	
25995	4	49	1540.51396374615	
16468	10	28	920.629956070627	
9472	4	19	630.890545691778	
21709	3	29	959.607321619805	
16255	2	28	902.178847353057	
16185	10	12	435.180769877127	
17630	7	7	266.235981446801	
9907	5	49	1546.09380626403	
13496	3	6	242.128038705386	
27375	9	41	1312.99038601713	
16054	1	26	858.826291104232	
27201	6	2	123.704002743449	
22617	9	40	1268.28894566199	
26431	10	49	1549.12827172742	
10556	3	42	1330.39098306112	
14815	6	19	639.087199084036	
24089	8	15	527.708872951432	
25948	6	29	956.356960719618	
8534	7	17	579.400837691222	
10185	1	39	1263.6631714104	
26823	6	50	1579.22793942468	
17444	5	12	434.437114388886	
27815	10	16	561.558600664865	
26688	4	8	322.295884006794	
14559	5	44	1412.5879337511	
24831	7	41	1311.28505194154	
15104	6	16	554.091914516916	
19827	9	16	538.569145080898	
29077	4	5	228.910228269599	
17904	4	20	684.709963223296	
16492	6	5	226.512275704421	
8561	8	5	231.252252902487	
25792	8	4	178.372571998449	
23288	6	37	1200.55715203311	
22705	7	46	1467.52209485859	
26819	7	41	1306.12019912625	
17278	6	29	954.277184975463	
23906	9	8	322.81577255708	
27899	6	20	662.536765533749	
19067	8	15	532.262823382515	
24169	3	13	469.25435158855	
27475	2	31	1020.98215575376	
12644	7	38	1205.45013051734	
11219	5	34	1100.69861459578	
28884	7	46	1463.75708387408	
18853	9	47	1486.19201092338	
16976	4	3	156.043024396544	
26277	3	32	1046.87132556311	
11219	5	36	1152.96020110741	
18355	2	37	1203.05089470141	
20924	1	10	376.280651901048	
25855	8	35	1117.20230571795	
15680	2	17	591.943816781018	
17918	8	46	1460.17473828987	
14751	9	4	195.163586007042	
8035	5	37	1186.07684935726	
14542	4	12	439.071355405762	
20035	2	11	388.594661684984	
14891	7	36	1147.01938786871	
19699	7	37	1190.89379541152	
10822	3	47	1481.08885536021	
25330	6	42	1327.6668363659	
24750	4	44	1397.18357799444	
15794	3	36	1157.41807548209	
11009	4	36	1166.47811031271	
15636	4	21	707.574038201745	
17675	1	49	1545.331430745	
29171	2	3	147.731793628881	
25800	3	3	161.606176868829	
24550	10	1	104.270783934868	
20120	8	40	1284.81001410857	
23623	4	7	284.893100394352	
8216	2	10	373.820195185868	
21070	9	2	127.138014308707	
20985	9	27	874.408819821854	
21403	8	19	638.24578367092	
15256	8	25	828.986983871547	
12520	8	33	1060.85998606908	
23017	5	13	458.538800132712	
28716	3	48	1526.39592282772	
15677	3	39	1235.24202754499	
17285	7	34	1107.2205889538	
17520	2	30	985.608943973486	
21168	9	18	625.859333568187	
19945	2	11	388.429311322248	
10235	10	21	709.309969986468	
11167	10	39	1239.30843612147	
22107	1	8	318.19783370858	
17066	10	34	1085.39356602607	
21324	5	10	361.445245501327	
10900	2	29	947.048843720485	
23649	8	19	645.682523290479	
25133	9	23	775.796384688372	
17125	10	33	1071.64297012223	
24782	8	19	651.173968022305	
26688	4	22	741.587515222648	
27434	6	38	1223.79857775932	
14749	4	2	128.032055035248	
24137	9	48	1534.22050428308	
27106	9	25	836.183045672338	
29436	7	49	1540.86058017838	
25901	5	1	88.3112307676632	
14598	7	30	965.265148694285	
25789	6	35	1128.68941717254	
28760	7	48	1518.24088059284	
18890	4	4	171.387551506696	
18561	1	25	823.382110532085	
12361	2	16	544.805802472311	
13212	9	20	665.765918468016	
29612	10	36	1156.91780233612	
24829	2	12	437.089865485714	
25487	6	30	978.211369336681	
13688	5	48	1530.05586155227	
21630	5	38	1220.62346504099	
26779	10	49	1555.65176786652	
9022	6	13	453.868266406408	
15994	4	12	422.057892392416	
16807	10	26	851.324244426249	
8089	6	26	848.988764159842	
14300	4	16	537.168140326239	
9021	8	33	1068.26560208028	
29807	1	41	1307.13359703642	
11076	5	20	662.338227602811	
22883	5	44	1400.1609313675	
19186	3	23	757.221940214383	
23636	7	22	719.127490818094	
21568	2	34	1109.09671570598	
24820	10	28	902.177225063637	
14032	6	33	1075.9640462864	
26372	4	5	212.821304599206	
9181	10	31	1014.4472059116	
10525	1	24	780.954928836299	
14373	7	35	1126.63948178601	
24528	7	38	1222.35575446037	
24261	1	50	1585.53534264934	
27628	9	38	1226.93079677733	
9778	2	5	221.955440259518	
11522	1	46	1456.91952680094	
11376	4	21	707.618452975349	
12142	5	8	297.041759815552	
13382	3	47	1485.92785945438	
20184	3	23	774.502633649159	
9893	5	39	1252.43191524056	
23727	7	48	1528.47576368995	
15759	8	48	1524.35538001561	
17675	1	49	1568.8374743838	
18402	10	21	715.626661738207	
12528	3	36	1155.17291964738	
14827	10	35	1115.99120225571	
19480	3	7	277.305701615897	
18122	4	11	399.529622830232	
20119	5	13	452.474333333072	
21311	5	27	879.043290875407	
22455	10	33	1077.05236395684	
25630	9	43	1367.91744359206	
15146	1	8	313.726983141958	
15065	3	32	1025.97300316485	
29318	10	36	1165.10421732678	
18134	10	13	451.467476958161	
26475	3	27	879.113389774744	
28114	4	20	662.290835800716	
23967	10	48	1521.20488546845	
19691	2	33	1068.84175618591	
28659	1	15	532.944613868811	
18131	5	5	222.470596424523	
13922	1	39	1256.13493664942	
8084	5	46	1451.57188755068	
24825	1	11	387.700107091898	
26158	3	38	1235.08812239165	
25788	10	11	408.720971089192	
26902	10	8	311.91282614689	
20364	7	16	565.138365591475	
25589	5	5	223.7057914509	
27655	7	19	631.94700434429	
24944	10	19	651.240280871857	
16634	6	10	373.762968431117	
10998	3	2	134.701681795857	
17112	10	22	733.862463912863	
18228	7	46	1475.80555135189	
23595	7	24	788.38446583058	
19438	10	1	83.5008290798873	
25467	5	49	1553.9237960586	
24645	9	43	1386.18602280793	
11943	4	27	878.658344670505	
25860	2	44	1413.29168176897	
24313	8	19	641.972872578526	
25002	1	47	1501.91163796089	
19684	8	2	129.587117829168	
23689	5	46	1454.43831086831	
13756	8	42	1351.80835950738	
24638	9	7	280.957793612479	
9841	8	19	656.851222932735	
16413	4	34	1085.45204984278	
10821	8	45	1428.5050632006	
24590	3	38	1234.75092401484	
18003	4	49	1564.72297398593	
24969	3	41	1305.66087746325	
18256	1	24	799.487301371753	
23185	10	43	1386.00516726542	
28147	8	9	348.220443366198	
8102	2	4	197.265586833128	
11313	8	11	407.926554646309	
28941	6	48	1520.08479725573	
18638	4	24	787.270231166515	
24449	8	49	1565.39287546901	
18944	7	45	1434.39125723876	
28878	7	8	308.768541882172	
24641	1	9	327.096286531117	
20052	9	15	505.81208308498	
24487	1	33	1074.15447516095	
23677	7	6	259.025301346101	
20802	3	10	372.11053925199	
19318	7	40	1289.29866597489	
8506	5	39	1263.08301112758	
23842	3	27	875.612560694857	
9014	3	21	708.367039742119	
8871	4	5	215.018862660517	
18318	10	7	270.183411515403	
8146	4	22	719.652932099836	
14192	5	37	1180.497723846	
13703	1	42	1354.22329868852	
29916	8	44	1401.98476972151	
10123	1	15	533.261796223587	
17113	8	47	1483.27976288427	
11920	7	5	207.763177476713	
21097	8	39	1255.06160321415	
26533	6	33	1079.68631574869	
9622	6	11	395.200728250295	
24929	10	31	997.196080329454	
20524	8	20	686.517306885923	
23847	9	20	668.102090967867	
19666	10	29	935.214380424104	
21978	8	29	947.857296647438	
24350	5	38	1207.58510798569	
16496	3	20	671.118878997452	
9768	8	40	1275.57427443358	
10570	5	2	113.838998802863	
23623	4	20	678.915791641416	
18752	6	28	913.265469201498	
24434	1	50	1578.90042453022	
13082	4	11	413.204330696354	
13712	4	39	1254.81535142978	
13819	10	38	1223.77503474419	
22412	9	13	460.283835707365	
10963	4	36	1172.78305816128	
27298	5	48	1508.84725436049	
18970	4	30	967.552556957841	
8650	7	45	1422.3690387152	
28120	1	19	632.892502505748	
18555	5	18	606.383884272717	
27973	6	45	1429.70411132542	
22651	9	35	1115.47746594785	
25052	10	3	159.834369271917	
8068	9	7	285.507443419428	
15470	7	17	593.997144677675	
13211	8	11	395.280817111619	
13018	1	46	1474.66475842272	
27406	7	2	116.805034371468	
24585	10	20	659.507053689802	
18771	5	11	390.331272254852	
19770	8	12	434.704941490062	
26102	2	48	1513.56781363188	
15694	10	28	929.900206201663	
10387	3	45	1419.29477619906	
12961	9	14	486.05238419308	
29634	10	28	923.810920921998	
8768	6	32	1024.25324260455	
20867	6	3	161.713557989203	
23821	6	20	671.964132130129	
15923	1	37	1200.03828626128	
26340	8	20	674.528040939257	
17506	7	35	1136.1030710191	
10183	9	29	956.917942313905	
14066	1	22	740.752507569619	
27359	9	26	847.293393149643	
27135	5	4	179.407947258748	
16111	10	6	258.209734977321	
29724	8	3	152.977960516223	
8925	1	11	390.496704722986	
10638	9	8	298.915923116224	
27214	3	10	367.509046256314	
20744	6	39	1257.3172770335	
24467	2	43	1362.30822574455	
21424	4	13	470.812196056737	
16816	8	26	856.813195560506	
17907	4	36	1152.62462502002	
23020	10	26	855.380011152187	
10164	1	22	742.349853228009	
24785	10	21	693.587963308016	
14810	6	10	355.838061885833	
24723	3	44	1400.90951601086	
15877	9	50	1597.03396443139	
24825	1	1	99.4087379516143	
25905	10	18	602.934196946646	
20249	9	38	1224.19548304016	
21985	10	14	499.636517064477	
24497	7	11	404.915145228112	
9537	3	44	1404.48025854513	
28541	10	50	1574.23145151428	
9534	5	9	328.972137239283	
24217	8	16	564.594011755937	
20197	1	27	885.838998968638	
14947	3	25	830.40490658507	
16722	4	32	1032.85421624447	
10771	9	48	1531.85584333346	
11248	2	10	373.601040306315	
23664	3	6	238.559523633942	
10457	5	31	1019.0818617023	
18866	1	32	1038.21405026979	
25946	9	14	494.589197418927	
23324	5	5	217.071082134299	
17154	6	44	1401.6867979065	
19924	6	41	1326.30832964848	
29958	8	12	440.591130573578	
8490	10	1	102.822225998539	
29074	5	23	777.387664456567	
13751	8	5	231.25958788733	
8230	3	16	539.088010144927	
22481	6	19	642.481580638551	
14739	8	29	933.42775917306	
18153	2	3	148.43090976981	
10512	10	10	361.903389376543	
19900	7	33	1068.12559468119	
24718	8	11	396.126070244296	
25052	10	44	1399.12877025042	
27141	8	20	677.494076507862	
12640	3	35	1116.69433306749	
29138	2	12	433.983745367259	
16016	2	35	1116.55702452946	
15115	5	12	427.656876085166	
22326	2	43	1374.49280203064	
21135	10	13	453.72947643219	
16425	6	4	178.746509001938	
18783	7	3	141.524567483703	
20314	6	42	1334.32191136029	
23025	10	33	1081.67004728768	
11790	5	15	506.912370448426	
14693	2	11	409.454009500078	
11486	2	16	538.956352723276	
16054	1	16	563.212155254191	
20197	1	31	994.065101386078	
25628	7	45	1436.29814944989	
27555	2	41	1304.13580295822	
18575	3	7	278.998765889089	
21558	1	5	218.766979751534	
22552	10	50	1599.22271810436	
24326	4	9	350.725634782913	
14841	8	39	1258.81760737804	
23456	6	17	580.111970948107	
16269	6	15	526.807818583589	
27640	9	9	348.376929177147	
8855	9	46	1465.82713508319	
18201	8	26	841.99867790658	
19608	10	22	720.803692341225	
26280	6	6	260.541227469473	
9172	6	7	282.690622379394	
8978	3	45	1417.71340428745	
14869	2	15	514.278836340773	
14382	10	38	1233.72544599405	
10766	6	29	934.361766825599	
14501	10	26	856.906707238828	
25948	6	44	1404.57577826668	
17133	3	47	1502.52483717283	
26168	3	21	690.557174184619	
17301	8	22	720.09639538829	
27713	2	43	1363.34160570211	
13490	5	41	1302.94028890456	
11579	10	39	1264.78376216478	
20669	4	21	706.269219213291	
29326	1	18	621.152178710863	
13707	9	9	350.475294008141	
10391	9	45	1421.80557838725	
15689	4	1	80.1316574216502	
12142	5	3	159.26942538436	
11421	1	49	1539.36265778698	
21951	7	8	312.132760319921	
16554	8	20	657.767586418319	
11838	5	26	869.126828792098	
16018	7	6	257.359090492762	
11094	10	44	1399.90605214606	
21418	3	11	406.768441724949	
18913	5	46	1457.87672568945	
19610	4	46	1453.87177441915	
17159	8	20	669.749205945874	
22348	5	3	159.279946908019	
27495	5	47	1508.66566694745	
14133	4	38	1211.73079852561	
12063	2	33	1057.94281666071	
19816	6	47	1480.98334001423	
28867	6	35	1131.63128898089	
23664	3	39	1263.95664300022	
25701	2	50	1592.63353410765	
12043	1	23	775.72856350603	
13558	6	37	1204.59458589768	
19407	7	41	1306.30544801536	
13081	9	37	1189.4893231194	
26537	4	48	1533.77331227705	
19018	3	21	693.578628773605	
25016	5	36	1158.9023705008	
13502	8	13	455.425374049426	
16812	1	10	376.282429199797	
21222	1	20	685.941872618134	
27284	5	19	632.548388164746	
19208	9	49	1558.95979223724	
24985	9	6	256.332524575448	
27520	6	15	526.571350789895	
19311	7	46	1465.69547766154	
12390	2	23	762.72925252222	
10232	1	24	781.441034554244	
13016	4	49	1548.40846714955	
8275	5	38	1224.92303596107	
8271	10	19	628.586575495352	
16634	6	9	336.919745848011	
22096	2	45	1433.81939384798	
11785	7	18	607.59332510065	
11930	2	31	999.029981549378	
16172	4	49	1550.70400384753	
8016	3	28	912.77563122696	
25381	4	18	611.2772272766	
18104	3	25	811.430728440839	
20056	5	5	231.610807176498	
24199	7	9	324.997472243848	
29950	6	43	1383.80042215055	
19436	5	37	1174.6379302324	
29083	6	29	957.195535710638	
26823	6	10	357.841759900489	
25914	6	22	726.077014881222	
9664	7	14	475.537071523972	
13154	9	13	452.963977368997	
27242	8	12	429.873334667586	
15289	4	10	378.359448042866	
14292	3	49	1564.18895764471	
11566	1	41	1310.2244582913	
9767	1	44	1401.93371644334	
15488	2	34	1103.62362294627	
21932	2	41	1320.82656910681	
13259	8	28	905.328337524705	
23360	10	47	1494.91198218191	
18043	3	14	493.416681370426	
14901	4	38	1232.70859611812	
15600	2	2	122.970189285916	
25360	10	15	529.001546003391	
11964	5	10	356.501782106469	
28852	7	48	1532.57487286468	
26045	8	47	1506.70825301982	
18840	7	21	715.370067504873	
24196	1	42	1335.71378825964	
20745	6	29	941.909169658045	
22107	1	20	677.001260797028	
28352	2	11	387.275466465985	
16427	6	39	1238.78531927186	
20219	8	21	700.997681050095	
20732	5	3	162.301401497005	
29010	4	12	427.471642059959	
12832	8	8	303.814566872928	
24360	1	2	131.284956955949	
19358	2	28	902.141450467585	
20170	7	33	1057.91045793235	
29171	2	20	681.764256526606	
20900	10	47	1498.49076467496	
16619	7	44	1400.49433590867	
12396	9	33	1070.15840613756	
13237	5	11	389.765275153222	
10385	9	12	431.567699886657	
22321	8	39	1250.04901910669	
29367	10	39	1260.73407831636	
28040	5	28	918.362117204052	
15683	2	15	534.986029404675	
16522	2	11	410.195770901719	
19166	3	27	886.766755993835	
20237	10	4	173.701644024673	
18595	3	2	135.792021665625	
28384	6	14	499.358949856534	
17427	2	30	978.568631158475	
14430	10	23	768.460539154923	
22586	4	41	1302.60926117311	
18737	10	49	1568.49569013738	
13102	4	46	1451.22554928587	
10212	6	40	1267.92967721258	
10837	7	8	321.825468205766	
17704	9	18	622.127971640848	
19729	10	43	1384.16784522318	
10388	9	44	1398.53581072694	
14223	9	3	145.688510903012	
10043	3	24	791.088015395723	
23244	6	40	1277.36176699277	
13127	4	47	1481.88755614771	
13531	6	30	962.75281623134	
25620	2	37	1178.11914957041	
29202	6	32	1052.33866599032	
15670	1	14	498.685118639229	
27863	6	45	1447.41787959236	
27702	8	27	893.1477256553	
16054	1	17	594.925916695467	
18112	4	45	1432.21426020945	
25444	9	19	652.811783148354	
29762	1	5	219.236270850169	
8286	6	48	1524.93408221981	
22804	4	10	362.525853757991	
24618	4	9	325.974174703459	
26980	10	44	1397.00795030082	
23449	4	27	880.727758854967	
19386	2	18	611.713398756326	
23491	10	44	1390.23450480319	
13445	3	8	293.573822441312	
8289	4	37	1182.99329760624	
14559	5	7	281.63873119356	
10994	2	24	783.73277033853	
12574	2	39	1259.01110290504	
8403	6	18	601.20530569982	
12312	5	3	162.789266818571	
16095	2	32	1050.91590118171	
15661	4	44	1389.98078071977	
21485	1	12	439.938788320841	
25227	7	29	956.362793034112	
14542	4	1	96.3264906854958	
13248	6	40	1271.62259541062	
25450	4	9	324.07676425021	
25260	1	39	1240.47968449093	
17308	6	50	1572.68725211392	
23644	2	43	1378.84652216865	
15970	1	49	1555.60930097271	
24578	5	29	956.866879834266	
18190	8	29	957.857104911402	
29934	5	13	468.081637354606	
8707	2	9	326.283764432317	
15217	9	26	842.644296010325	
14079	8	47	1504.43303316107	
23441	9	36	1146.35437094902	
18081	8	4	195.648756006569	
25326	7	36	1163.37299032294	
29548	9	2	123.561607917567	
17735	8	36	1168.69969552788	
23360	10	31	1021.95550250912	
27514	3	15	524.817517904945	
29089	1	42	1341.40021278588	
19402	3	26	852.454446466851	
21507	7	1	88.3013059237512	
26413	3	46	1452.1146884617	
26808	4	38	1208.09471778949	
9854	6	33	1075.72303579921	
19831	2	23	778.154785809179	
27825	7	41	1303.7417133263	
8402	8	19	656.913843870588	
21551	4	30	969.549399171746	
13964	9	32	1047.76921745751	
28352	2	2	137.437098872586	
17897	7	15	533.20893733446	
13376	10	39	1238.56312366136	
13121	3	44	1415.88776952396	
8468	4	30	981.189187737736	
13104	3	47	1495.15950659996	
14181	9	10	364.454397728878	
22643	2	11	389.838601644076	
8146	4	16	547.127652534809	
9642	1	45	1441.39864932811	
15517	1	48	1523.8608790207	
16444	8	39	1253.85629384492	
13964	9	31	1002.15286744859	
15440	6	49	1567.290058009	
18082	4	12	420.349001595913	
28839	5	10	377.205698032494	
25661	2	39	1237.37839938951	
21465	2	35	1143.36234689847	
11035	7	32	1037.83231537688	
26788	4	2	119.227658901004	
9329	3	47	1482.21620565384	
13540	2	13	448.025278210652	
12130	9	48	1515.1212704159	
20830	5	38	1214.96258024823	
10887	8	26	843.872044218645	
8136	4	39	1263.32128948687	
19954	7	13	471.96207578851	
21854	6	2	112.384966701448	
12077	3	17	576.964216314705	
25656	7	20	680.691736359471	
29893	7	9	331.867587646408	
15311	8	10	379.953035963677	
27691	4	50	1588.30770573966	
8731	3	31	1020.31241989709	
25495	1	7	268.846665559731	
14079	8	11	389.435358675865	
15980	8	9	345.869909499711	
29228	4	42	1330.46660142507	
29839	5	25	814.459568268833	
16247	5	40	1268.21348372298	
27168	6	43	1359.10721018869	
10570	5	26	858.861093883804	
18127	7	16	554.82784997431	
21523	7	20	683.418868576837	
10791	7	44	1417.53933376518	
26884	5	37	1198.59815262193	
12952	6	20	686.148438475164	
23053	5	47	1484.8246304527	
27376	9	26	867.745716193573	
8154	2	23	778.517337766717	
25448	7	35	1140.77638641967	
22892	5	6	240.379366427837	
10345	10	38	1219.08152849371	
8116	5	28	930.321740270742	
29698	4	36	1165.55301180368	
25325	4	40	1289.41182066193	
21596	2	18	618.087666918564	
14231	4	1	103.600543413125	
28371	2	19	652.015725305311	
14056	9	41	1317.86789825087	
22577	3	34	1103.19743081145	
22458	5	9	332.06943102743	
28181	9	44	1412.87438532937	
19955	6	46	1466.43591617534	
26931	1	37	1189.5310616817	
14458	2	38	1223.90784305702	
14940	7	39	1265.54858810527	
20372	1	50	1581.8404475515	
28760	7	43	1378.44339244927	
16111	10	2	110.913642920048	
10541	1	2	111.335788532782	
12743	6	47	1506.91179796444	
12361	2	11	408.902778629634	
16869	3	43	1369.6188316539	
22752	1	10	360.120448712316	
23621	6	21	703.355111770032	
22198	9	47	1493.19742823634	
28295	10	28	911.702401839058	
26953	1	44	1397.42324648305	
21595	6	39	1245.27389159672	
25860	2	19	657.172851011703	
14912	2	17	587.137445335806	
8325	8	26	844.639250507876	
10923	2	44	1398.44687854799	
18121	9	35	1139.9153499398	
12465	3	4	171.488221218571	
17897	7	23	760.871507469971	
20677	2	22	737.985965468914	
18269	9	46	1454.75940809341	
26406	7	17	579.434844897797	
23649	8	43	1371.3476917573	
29753	9	8	322.269366086586	
16599	6	23	758.450876119757	
16959	3	34	1096.59167001797	
28643	9	6	245.016052911531	
17632	10	34	1107.03777916126	
18677	10	32	1045.98670855443	
9722	5	21	688.391933798972	
13652	8	34	1093.88780689514	
11888	2	7	273.631490708157	
13555	6	48	1533.04956451666	
19874	1	21	704.307990923667	
22160	3	4	186.381238003439	
12507	9	25	836.832073273525	
27738	7	22	747.181549233935	
15255	10	38	1233.86458845523	
28247	10	45	1431.4765877982	
20800	6	46	1449.46269683981	
25542	6	19	650.201291558427	
10708	6	16	542.197900033648	
17453	8	44	1396.21439242559	
18002	5	41	1306.38526507951	
27919	9	8	306.177296930075	
25539	10	31	1006.74183370859	
19812	5	22	740.695047239165	
25198	3	17	596.059985475643	
10409	9	34	1087.43018051955	
8712	2	1	94.4275067813822	
28605	2	11	406.520566235539	
23131	7	34	1098.04284046313	
16252	7	16	543.036335587053	
16937	10	18	607.562622636353	
10997	4	5	207.081039458085	
25603	7	27	879.008547551468	
17116	10	9	339.565951162747	
8542	4	44	1389.0664224462	
17411	2	25	828.460921844682	
18344	3	28	912.311108611669	
11893	3	37	1204.60277874237	
29958	8	26	853.082669551057	
12147	5	39	1257.3684032156	
15404	1	27	884.805494437369	
20757	5	45	1417.81459494392	
14956	6	37	1203.79175577489	
19036	3	41	1312.22432708006	
19964	10	49	1552.86486008804	
22273	5	14	480.756207332367	
27672	7	1	87.8071772343513	
11383	10	22	731.265329314054	
14096	1	47	1506.05076148456	
14372	2	9	340.011633420368	
26471	10	28	911.408810630165	
29034	7	3	167.784673910488	
26480	4	31	992.561508059763	
9850	7	24	783.220452472205	
9389	6	3	144.962426677794	
23623	4	1	96.0920691565108	
23592	7	42	1351.70904241116	
20086	8	12	435.8966227788	
20338	5	39	1248.95606743589	
11891	9	1	99.6075986417046	
28957	7	32	1031.55920177305	
16800	8	10	361.871367563434	
29093	10	50	1595.84496643201	
8819	2	42	1330.5951551211	
14096	1	31	1005.48694188031	
23697	5	17	577.226951465582	
20354	5	28	907.372690451971	
27552	7	17	577.266122110778	
10837	7	29	958.115126787738	
19920	5	14	485.403666610552	
27559	8	18	599.165479186534	
29678	3	9	324.859918097435	
16535	5	44	1397.11862200737	
17493	4	27	884.82949681805	
27605	3	17	591.408897988223	
17963	7	47	1488.57067013559	
23328	9	21	702.385541155183	
23673	2	40	1294.51750662854	
14126	3	24	787.830187151129	
21854	6	4	195.303778143275	
11470	3	33	1079.6230032852	
15750	2	30	963.162177467329	
12825	10	14	500.469804750974	
26118	6	25	838.031207042761	
18888	2	38	1231.62752495689	
