idEmpleado	idDepartamento	ventas	importe	
27366	8	36	1160.66184530065	
23899	1	26	853.79065661402	
24723	3	19	637.55660299098	
13234	3	46	1465.4377162575	
9841	8	4	198.289331439086	
24329	5	24	787.390974232643	
12329	6	20	668.935542157355	
20129	2	50	1592.83788170332	
21828	1	19	640.84574028889	
22035	2	19	634.28639806541	
13712	4	25	839.469367321334	
26554	4	49	1541.9773480771	
14218	10	44	1414.90272274935	
20123	8	43	1366.1225841968	
11954	10	48	1510.54383925653	
8074	7	7	275.233095230178	
18322	1	11	398.712320215401	
20575	2	3	169.416942675326	
29862	4	3	170.127123226471	
29267	2	39	1242.38787906356	
18522	8	34	1086.39396651014	
21141	6	36	1169.07581115564	
8280	8	9	327.903860364064	
22662	1	5	227.325018638431	
21592	2	48	1519.33173362135	
19205	7	22	733.321612297241	
21795	10	15	533.430124322618	
22439	8	24	782.258770345831	
27875	5	4	175.843412883507	
11918	9	24	782.74255163164	
27643	1	20	674.689807684482	
27405	6	23	773.665775793449	
8832	5	15	512.189731016844	
17845	1	7	266.657276985542	
8697	10	12	423.980271380385	
22349	1	29	947.93508231078	
15743	9	30	978.631832496557	
19166	3	49	1562.8317830166	
26507	8	37	1188.64368918754	
9507	7	26	863.001073851716	
20909	9	21	705.483969554996	
25639	9	28	928.278003841768	
19573	7	25	817.283974856736	
21490	6	4	173.879306658115	
23611	1	3	146.966850192736	
19021	3	49	1558.77414980846	
22513	4	20	667.562125524302	
23885	9	42	1334.61957811127	
27032	3	25	825.204269972259	
18404	7	49	1569.14979128593	
25902	2	46	1458.63931355003	
10855	2	29	935.132709618254	
13688	5	25	825.559843678754	
19164	2	33	1073.29223187328	
16816	8	45	1436.5625635146	
21754	10	50	1591.58603414501	
19098	10	18	605.886796249955	
13038	1	14	490.231584352549	
15524	1	49	1546.10598263615	
17208	7	33	1064.96771914184	
26055	3	9	333.960849910025	
27247	7	47	1486.67677181152	
20464	8	47	1496.99446881981	
27044	4	46	1458.10318865725	
16975	6	49	1559.59659038093	
24606	8	3	145.803591527885	
8455	5	34	1109.78761706026	
17200	6	38	1228.24544576381	
15887	6	31	1022.14231281641	
13127	4	19	642.608756945752	
23003	2	27	896.60126273362	
19684	8	12	435.880537198801	
12530	9	17	580.773253487783	
11391	5	28	907.126049374755	
10204	1	18	616.90390950856	
18366	5	6	238.115962668376	
11764	1	12	431.791836298905	
18807	5	6	234.02455370595	
22120	1	3	160.358168445694	
21485	1	49	1560.55758381288	
28245	4	3	145.759486772939	
9691	2	24	798.810546211344	
10015	6	49	1557.05450037357	
13390	6	5	206.693621597576	
16529	9	28	924.103238081608	
27406	7	42	1339.55709806623	
26805	6	49	1548.1059321147	
20557	9	32	1038.89749914356	
26375	10	12	430.094713470943	
19889	2	12	432.394237235372	
24259	7	12	422.048286060825	
13675	9	17	568.400248144008	
21678	7	1	96.7258003804487	
16907	5	5	203.675970045699	
23185	10	18	609.040223941691	
9349	2	25	818.807197743471	
12163	10	32	1031.28353502196	
17994	4	29	959.180786199486	
11757	3	5	214.282716277187	
16959	3	1	81.1632586648517	
12715	1	15	528.986532748205	
15794	3	32	1039.3166797605	
27265	7	11	392.477265294864	
25795	1	7	262.595513026507	
28387	6	23	752.548528552311	
18880	5	34	1102.75877635123	
18327	10	12	434.359456130471	
25513	1	48	1518.433794304	
14512	7	16	536.38832236472	
18945	3	40	1278.44660084622	
14725	9	39	1239.79419784611	
16701	8	13	451.862242544006	
21027	3	11	409.873415906855	
26770	4	50	1585.54839882327	
16431	4	31	999.208232368905	
20417	6	35	1135.15030369868	
24940	4	48	1529.62227143795	
13426	10	43	1370.30084722224	
18592	1	18	613.999950575642	
27055	9	8	300.0394923147	
13320	7	4	197.697659413189	
10271	1	3	150.890117916693	
29726	3	27	878.150732292864	
26487	5	20	669.748075581038	
9653	4	8	300.560470884927	
8561	8	11	408.201014589612	
20931	9	12	419.154736818352	
16378	10	13	457.097283442084	
27308	1	10	378.085825433063	
25542	6	44	1398.09671176509	
17127	8	24	806.832427646421	
10097	3	33	1072.61105009942	
16951	6	1	99.7418374287625	
24571	7	3	159.194909780843	
21718	1	34	1111.57105106468	
28785	7	21	706.442807012444	
24769	9	14	486.333280916481	
9536	9	43	1374.45898734706	
15017	8	33	1054.14509304526	
25168	5	45	1421.34446173038	
10984	7	30	985.197641935757	
10417	2	1	109.672137810696	
20778	3	17	582.509176778844	
27057	1	23	751.64811262472	
24859	3	24	792.600039389264	
22707	4	50	1570.18604351682	
14086	1	6	238.526832237154	
29225	6	2	111.177401557182	
23387	6	24	804.467737676794	
25175	8	33	1073.88992024301	
27006	6	27	889.184926305518	
26373	1	39	1260.98268779972	
28922	3	12	425.180835623844	
23621	6	48	1514.24322396249	
20049	7	47	1483.46559925166	
13535	8	13	458.096414831512	
28922	3	6	241.165947467632	
27746	3	41	1322.72918971383	
29139	8	49	1562.03504214158	
10498	9	12	424.347513962699	
21210	3	23	763.604039532879	
13287	8	50	1577.26217268839	
17283	3	38	1220.34796887094	
15285	6	22	738.291610599631	
15311	8	16	551.614173199802	
16050	9	6	247.183147746689	
10521	8	12	432.120405115243	
12579	9	9	330.678506126012	
28166	8	16	553.977347758588	
26857	8	10	372.765425356461	
27927	3	22	728.8170227822	
15664	10	6	235.163284090889	
27599	7	11	396.155754176972	
18822	8	24	792.655488845266	
22107	1	28	914.841850378943	
15600	2	3	168.025521602493	
23335	9	36	1168.38094113785	
11963	10	5	206.502619668144	
18799	1	46	1477.14803619177	
14703	2	9	330.374427368107	
24553	8	6	249.674182352458	
24302	2	11	387.97733526117	
9827	3	39	1252.62954576529	
18228	7	28	904.195905190052	
16367	8	17	588.91178545957	
18678	2	36	1145.8497398467	
22076	2	22	727.430214475575	
25444	9	4	185.498613466275	
18191	3	7	275.72931052918	
10716	3	22	733.474636233167	
25493	10	16	545.276859544812	
18911	2	23	763.604091202656	
9635	5	44	1412.42394520548	
20047	5	21	709.797579082566	
17996	2	22	737.740422197497	
13081	9	31	1007.93546924737	
14503	9	14	489.32416893976	
26420	2	45	1444.21756617921	
21288	1	7	280.033939424918	
16989	10	18	625.416891642575	
9176	10	38	1218.06563840158	
27133	10	47	1507.84832611114	
24064	5	36	1157.20005379859	
26518	5	15	511.702312320332	
26487	5	12	425.072897460811	
9899	8	22	734.021642214629	
23972	5	29	944.826933622745	
13107	2	38	1232.52534677858	
24412	4	20	679.401373583545	
22422	3	44	1395.44007764917	
19826	5	27	889.715473693663	
18391	5	2	114.663327799488	
8538	4	45	1445.58115352205	
18442	5	41	1311.66061477347	
26735	9	6	254.673331610241	
18876	9	13	455.626704271709	
28643	9	11	404.632626923096	
22800	8	11	396.152063680883	
10274	4	5	229.379825140061	
16651	7	31	1005.7644333531	
9818	4	35	1119.75293327111	
10914	7	9	326.621791648968	
19398	7	2	134.949195596831	
16974	9	45	1420.50271152542	
29422	6	45	1427.48856581165	
23251	9	49	1565.21293157954	
20338	5	12	422.739338885406	
15587	9	40	1286.35817509441	
14402	8	2	134.915066647769	
24718	8	47	1506.90638113157	
28400	4	40	1278.70135266273	
27559	8	41	1324.16337495864	
12715	1	48	1526.46868024323	
19729	10	29	931.7311445492	
15046	8	21	712.308788966531	
20339	1	9	341.825856241316	
15450	10	25	830.777281462577	
28972	2	25	820.927233444959	
23556	5	16	559.123007729241	
16394	2	46	1454.89014324494	
9308	3	7	281.022806223958	
16813	2	34	1094.904867697	
20670	9	34	1106.09723988273	
20453	7	14	480.289232880012	
18153	2	45	1443.7591625395	
13040	2	15	510.613531745325	
19874	1	28	918.022937680605	
19293	9	4	180.76333043201	
21534	2	15	535.124247472325	
21204	2	10	362.113717925788	
17712	4	20	683.302842324275	
15670	1	4	173.172105258877	
29034	7	40	1294.83774103915	
27162	9	27	874.26950607182	
27990	8	34	1105.66395837146	
17549	6	30	971.443846752608	
18425	4	46	1452.89913051431	
20283	6	42	1336.69734227317	
28770	1	20	684.213746508683	
17390	7	13	459.859965881268	
10904	9	11	391.282303329223	
19331	10	39	1258.46875852834	
14439	4	37	1177.61028013081	
17630	7	23	772.494992451973	
29052	1	4	196.738724986435	
20707	7	36	1165.55209873503	
28643	9	4	188.194647556261	
19572	3	17	593.850008972851	
14064	4	20	679.351825806942	
9485	4	48	1512.84747536892	
23718	5	38	1224.84942280913	
13715	10	37	1183.70539347814	
17735	8	45	1437.02905595164	
18149	8	10	374.489681895119	
13845	9	24	804.74162712914	
10494	4	1	104.848065574117	
8937	6	25	820.524551766237	
18845	4	39	1254.65996271682	
28129	4	50	1576.74354898592	
19596	1	31	996.875034066325	
20073	10	22	727.189993898938	
23683	9	8	321.976008453395	
18630	3	25	831.233927622081	
9002	10	43	1372.80134872198	
17014	1	28	903.603538807297	
9029	6	37	1185.52924740386	
28010	10	1	109.325633919484	
22644	1	22	732.199174171406	
18388	5	45	1426.06718617774	
21943	9	42	1340.86494221392	
25733	10	14	488.926725727006	
25467	5	34	1094.0799391894	
27739	1	5	216.713486936276	
16494	8	4	179.263041847974	
8483	2	35	1143.60783991572	
29999	10	18	622.554047695619	
15137	1	48	1517.29458756619	
21718	1	11	413.602247430758	
15208	1	10	363.550507893577	
27242	8	10	358.207063804477	
15598	5	11	402.418884189063	
19104	1	11	404.172928707755	
15798	6	34	1101.41150462507	
24799	1	18	622.276772103401	
29605	8	22	737.264295116656	
29680	5	34	1099.59744884614	
11352	9	9	336.143049307234	
23912	9	31	1000.34805914403	
27628	9	3	149.52787894268	
12589	7	33	1080.81589279734	
27932	10	5	230.919294986371	
27643	1	7	278.239167797491	
18796	3	43	1359.95379328726	
20179	1	40	1287.33871244236	
12881	2	42	1332.66997198233	
25044	5	3	149.306294875828	
19338	2	15	507.234830906258	
28185	1	44	1404.80893140883	
21703	3	46	1468.89145364468	
26819	7	18	611.209477582578	
27267	5	35	1136.22646481554	
27012	7	33	1055.99547338485	
25256	7	23	767.782822795111	
29195	5	29	938.486883593019	
18934	9	34	1103.92074964192	
23972	5	5	210.769483619728	
17761	4	32	1046.99190654186	
25656	7	42	1337.76601410367	
27028	8	25	830.8818419794	
9577	6	6	262.187579433521	
24105	10	4	187.553478007928	
10226	9	14	486.92230433548	
24397	6	30	971.109454823243	
13410	7	41	1298.53648518144	
28597	3	20	674.456149877261	
24693	10	11	403.017065191184	
15847	2	25	820.564503828326	
20665	2	7	288.957155518679	
11018	3	21	715.537053605326	
21984	9	44	1404.00608996116	
25018	2	28	929.386198096623	
27620	1	21	708.977574775451	
16726	8	20	662.671295228727	
26222	6	12	425.251293380396	
14621	3	37	1189.94564722755	
12465	3	7	290.687557929516	
9635	5	42	1334.12614590215	
23019	6	15	529.374774493917	
25378	8	13	446.593069865644	
29679	7	33	1074.30154503989	
14579	10	4	195.319216789361	
23163	10	4	192.485656157362	
29128	5	16	544.710793786082	
9126	2	42	1352.341030311	
27400	1	25	821.980598988934	
20166	9	29	946.423410804208	
25295	5	39	1236.39010591264	
8438	10	6	242.92462103205	
9797	1	35	1118.35602246148	
17555	8	18	606.494811496928	
17091	8	2	132.605542304276	
21652	1	18	598.377035203565	
8855	9	6	249.466217164633	
9912	10	47	1487.34029950916	
18168	7	30	973.262414789415	
17492	4	42	1343.99699065089	
27731	10	28	907.129712974247	
9907	5	3	141.417308105816	
14110	9	21	692.882562565097	
19251	9	31	1009.65290679115	
20542	6	28	928.741791047501	
17881	6	8	298.277675387579	
9549	7	23	769.271877803501	
29937	3	3	144.885363683517	
13104	3	40	1281.82327948596	
19586	9	15	507.248890040093	
21880	4	13	473.324178156128	
13354	4	12	422.531529414715	
25021	3	42	1348.54123636547	
20566	5	27	893.233191712402	
15770	8	14	476.643337717579	
24303	7	18	597.617132047944	
13238	5	30	971.172944238024	
27792	3	42	1356.58029693951	
12197	2	3	146.86836264416	
29346	6	50	1595.06782185057	
27381	2	49	1542.2115105494	
9881	8	38	1218.76842451225	
13674	3	16	556.555886192506	
13774	4	42	1328.03273907305	
24884	7	23	766.62695927854	
21552	2	20	657.639882796276	
13302	4	23	770.601133057196	
9716	1	4	189.042242108398	
14965	6	42	1351.40054765688	
15179	7	11	411.009162893057	
10933	10	16	539.511357610818	
14270	8	23	775.330995719568	
19320	2	32	1051.98887859098	
19100	5	45	1445.94865657666	
8100	2	30	983.557844955268	
20376	7	40	1272.70883779633	
13480	9	45	1436.49221192882	
10457	5	32	1036.9401630745	
16745	1	5	225.55975399239	
14724	7	47	1497.04154140178	
9705	10	32	1023.21377835386	
27877	9	14	479.825430102565	
21978	8	3	150.517750825043	
9809	6	11	394.731708948841	
11222	6	16	553.09923264808	
9311	3	27	893.858576497929	
16849	3	14	494.383384666584	
29601	5	8	305.122830749081	
9640	4	5	209.851473779348	
17509	9	35	1134.98841025633	
8126	1	38	1227.20409096554	
15821	5	14	492.885920225124	
28763	3	45	1420.471936865	
19212	3	30	978.194592938849	
17299	3	44	1401.78548010149	
26806	8	40	1288.361288462	
8769	8	37	1184.86142191331	
19189	7	30	964.849823492044	
11298	2	8	323.025947512605	
29235	10	9	351.101908251225	
8209	7	35	1127.67654233038	
14030	5	20	660.229635695103	
22035	2	11	393.484816026634	
26372	4	29	950.814116592898	
11674	5	49	1567.73753242928	
26005	7	41	1297.99318243656	
12042	7	30	970.542650823734	
18233	9	47	1502.5925797888	
27552	7	48	1509.67534675713	
23488	5	24	803.934499921247	
12058	4	23	761.124920119124	
16093	8	48	1534.23278116353	
11052	10	38	1211.02054294712	
25110	7	6	249.826821242378	
14901	4	19	651.854043496705	
27132	4	35	1142.38608044683	
26854	1	36	1148.2506736872	
13556	4	6	241.824177243665	
18943	2	26	854.933506424974	
27062	3	46	1472.76838278061	
28329	4	6	243.256498129692	
11430	10	16	545.478302308115	
12458	9	50	1579.19076832905	
26031	3	8	296.412137400551	
17344	1	24	783.805071927516	
14081	6	2	126.625437385694	
8480	3	29	954.85905885457	
23269	8	3	153.794285652132	
11763	1	2	124.163176475169	
18934	9	40	1295.19655649327	
15276	8	3	167.847415883023	
10531	4	16	551.642388436777	
21053	4	24	793.914215561894	
25724	9	46	1474.45784574116	
16978	5	13	449.364999071399	
13432	6	12	442.984142658759	
11402	4	3	166.340614075931	
25846	5	24	799.703634232145	
8642	8	12	426.994176519566	
9247	4	26	855.10605021152	
23784	3	48	1523.31592567419	
21725	8	17	591.79080487778	
19169	1	11	395.447483991947	
24045	8	31	1005.9169738581	
18075	5	13	453.863490137208	
18778	1	40	1292.97130980202	
18362	7	27	881.865377278005	
8325	8	39	1250.64511562262	
13922	1	11	406.340549442144	
9338	8	9	339.39939965466	
23019	6	5	220.1106147748	
16501	3	32	1023.03724466964	
29907	6	4	189.91631706707	
24741	6	13	450.257564731994	
21537	7	4	187.845410121533	
21585	4	20	662.198240022267	
19125	4	20	681.038867366053	
24580	10	4	177.072678626083	
19544	10	6	247.009044665382	
11067	6	48	1521.11209504358	
20658	6	12	423.13412358199	
20744	6	27	896.748365171602	
11315	3	46	1458.42940331364	
8778	6	8	294.478790263868	
24458	7	21	716.087084038224	
17445	8	7	289.482531682347	
13667	8	25	820.318565601631	
14368	5	42	1336.56269720595	
28609	6	44	1400.46182217098	
9931	9	7	288.869900837946	
25032	4	33	1056.0454663709	
25835	3	12	428.547039455058	
8726	6	44	1414.8300007241	
21684	7	50	1599.82745621345	
13506	3	49	1549.45245710642	
19028	9	39	1251.46569325191	
14032	6	5	230.030818316169	
14781	10	19	653.273794470948	
29367	10	45	1442.54864726334	
28705	8	34	1090.8337621255	
16626	2	26	844.760060107689	
25559	1	41	1304.21394323195	
14713	5	42	1347.45373620999	
8565	6	43	1384.76377682051	
29366	5	36	1155.08594171847	
24423	1	22	744.810171213378	
23128	6	12	441.726071369707	
18860	9	12	423.6566508299	
26634	5	43	1366.61243561963	
29725	3	43	1387.16675904913	
26103	8	43	1361.94527529271	
22662	1	50	1589.26793544985	
11866	1	19	632.694589566763	
12954	9	15	505.882081475985	
23540	1	15	511.97192662953	
23070	8	21	706.567560502592	
28179	5	22	733.361401564144	
29039	2	4	180.968693728079	
23268	2	10	369.829889819878	
23237	2	6	244.380958454861	
13644	6	16	552.652744200385	
24792	4	36	1145.30268007205	
19532	7	46	1450.18329345164	
19677	7	4	197.470648604199	
24397	6	27	883.353933283758	
25330	6	44	1391.56357531974	
17838	9	38	1208.20724394555	
28173	5	4	190.088860853617	
26170	10	14	500.805107625576	
9881	8	16	536.379716869621	
15658	1	15	512.167421706099	
8632	3	1	107.765072895105	
13869	7	9	334.52403136274	
29694	2	23	756.175282539881	
19546	10	23	756.352034935892	
24600	10	22	718.920180350039	
19148	6	36	1149.29462896161	
14454	8	3	153.665626493127	
22298	7	22	739.392848545403	
19190	1	50	1571.27691282485	
14490	5	45	1447.75646031264	
17535	9	14	476.661914771731	
19188	4	50	1569.95026158632	
19878	5	1	93.2950631218474	
14129	2	15	526.924625545239	
18865	9	33	1066.77753092105	
27278	6	44	1395.85244988829	
18355	2	30	988.947919248113	
21512	7	36	1167.85552958392	
9121	1	28	922.884896603825	
20909	9	18	598.104291687768	
24619	9	2	129.06212458809	
8976	9	10	363.44390465107	
27640	9	40	1278.16768880848	
11286	1	18	618.181017925116	
12025	8	41	1299.45738003564	
14585	4	46	1454.03064978031	
24551	4	38	1229.98308760579	
12229	10	17	581.40984353675	
27090	2	43	1363.52236639872	
9407	8	35	1136.60292726783	
15877	9	9	331.63721051609	
28972	2	48	1522.85154320432	
12226	7	28	910.232718750011	
15484	5	29	954.999337343033	
14680	7	42	1334.1802023976	
25868	7	42	1334.74390408711	
17520	2	46	1476.51930702688	
16774	1	42	1349.53004654009	
17113	8	44	1393.05174627949	
16509	3	36	1157.27293154098	
20723	4	20	659.695775071017	
11398	7	32	1041.57584518268	
9964	3	11	398.552976995033	
10454	10	11	396.62449814222	
23947	5	3	155.990829428654	
16080	6	37	1175.35241848573	
13095	7	45	1436.88823032979	
24561	9	40	1270.54602305896	
13605	1	44	1416.5764023627	
29401	5	50	1595.71112543145	
29314	2	8	299.259324697433	
25044	5	18	622.233331269693	
10113	10	37	1177.92021102175	
16804	2	48	1538.27542518185	
11079	4	13	463.105297118009	
26224	7	42	1344.32116824403	
11981	8	19	656.356342554258	
28247	10	5	217.994264614766	
20950	8	33	1056.89465490025	
29528	10	26	864.889530569729	
19467	9	48	1519.31154135583	
15680	2	36	1172.25578295638	
14012	7	30	975.87048214668	
21932	2	15	514.673985557013	
27106	9	37	1196.11924979655	
16726	8	16	553.810371567407	
10245	2	22	739.717542836311	
12045	10	22	738.295725778814	
12385	5	24	792.744423147638	
18835	8	42	1332.03362683395	
19055	4	48	1519.33314286141	
28406	3	39	1239.41787270802	
26361	3	43	1374.80378330443	
22424	10	43	1365.61196506285	
18021	6	48	1538.40851661675	
15125	2	20	687.486279405414	
15801	6	49	1564.89092765604	
17534	4	29	961.543190666262	
14512	7	16	542.190188496462	
29432	6	5	204.104961549912	
26111	4	1	97.142419450517	
28555	8	49	1559.43706454683	
15496	9	23	764.833441174046	
28666	5	43	1367.81124096728	
29539	6	28	917.3436025704	
22533	9	41	1309.4038792464	
24137	9	12	424.931332182573	
12878	10	30	971.957293568159	
14487	8	17	571.894040225024	
8561	8	50	1589.85903415357	
23053	5	23	758.387561532849	
25269	4	42	1338.52504241212	
9434	3	10	372.635391639841	
11796	5	18	608.162215709762	
22511	6	39	1237.96139018515	
18327	10	34	1087.43999211464	
12159	6	3	145.705363035996	
19347	1	47	1483.87899143802	
15402	4	24	800.50524834567	
14047	2	37	1202.18045786125	
24920	3	15	515.634875649416	
29093	10	23	778.592504550979	
9432	3	16	557.801599911322	
29720	5	3	164.542775528758	
8470	2	3	156.377982570034	
19317	1	20	659.841451989413	
15470	7	26	847.429547965261	
22140	10	44	1412.3082459589	
21244	9	50	1599.8669085651	
24732	1	43	1375.61901771259	
9893	5	43	1379.430240588	
22421	5	40	1294.813151888	
14739	8	40	1275.8040761183	
19021	3	29	932.78969335034	
15945	3	26	847.747111119212	
19471	4	49	1559.874476809	
8491	9	14	487.422341782331	
8965	3	38	1208.0592411794	
19517	3	37	1197.33038298661	
22298	7	47	1486.71537055015	
23922	2	5	208.879039384834	
13240	3	43	1367.76024926815	
20175	2	6	246.40168555379	
29927	4	24	802.88538899407	
22729	6	19	653.646065301097	
28456	6	6	260.808100449298	
26988	2	29	946.782481068178	
23397	2	26	846.641567594671	
13013	2	5	207.650574877695	
23893	4	15	530.96852450211	
8647	1	18	621.780916369418	
17954	8	3	161.011936218018	
13354	4	6	241.037942320592	
15241	9	29	940.009730635215	
10388	9	40	1288.4700859005	
25661	2	28	918.549914899538	
24224	6	33	1081.63546463551	
23585	8	20	680.290665645288	
24317	3	40	1291.43325839724	
26532	3	9	337.502150580986	
18221	2	16	541.974331281136	
18153	2	18	612.623086223669	
24920	3	30	972.090385003058	
28572	8	24	796.27502251243	
27704	10	7	290.42879356557	
10479	3	33	1063.57440964485	
13732	1	3	142.720966293812	
10440	2	32	1039.8456982895	
27371	3	43	1360.41510459055	
26554	4	40	1278.08691337616	
19586	9	20	680.01765033231	
21174	1	16	537.646121856592	
23731	3	10	366.548608451406	
25579	9	28	913.789877795517	
21123	3	33	1073.30141847641	
16964	3	22	747.874626381264	
29093	10	18	612.190818997189	
16695	10	42	1354.91621091725	
11183	3	34	1110.89671022766	
21874	3	47	1495.56988212074	
25855	8	41	1313.05897092123	
24897	4	1	80.7879803705905	
11091	3	40	1284.65767108121	
23339	7	36	1148.89838406299	
15656	2	25	833.838101343176	
15942	4	41	1298.41830436998	
13450	2	35	1133.7752095674	
18104	3	12	415.794345483088	
11581	3	39	1244.31960744984	
25381	4	48	1529.19719621967	
29514	8	16	558.239012173488	
23441	9	44	1407.13167613704	
14381	4	48	1516.62598278216	
15026	6	29	939.828232405627	
24169	3	32	1024.74103926902	
13221	6	37	1196.25595316117	
15606	1	14	475.669864265094	
25946	9	32	1050.12666304136	
10579	1	17	592.456595428501	
15118	9	37	1190.07165565624	
24673	5	4	198.087134155485	
13302	4	47	1506.93678277868	
19403	1	34	1086.22646300412	
8372	5	15	529.56366150154	
25613	6	46	1450.9508741698	
19732	6	3	164.134794512826	
17471	6	44	1394.46332776661	
15143	7	28	927.248064525075	
18459	4	46	1466.7083121588	
16185	10	18	620.595459519231	
9003	7	11	386.359095902349	
18149	8	42	1326.71925371826	
13391	4	36	1169.39395541763	
28440	3	44	1395.8633762765	
19628	8	18	624.443179659752	
12755	10	16	541.186350910546	
8372	5	28	927.965415142461	
29307	4	45	1423.19200094007	
29334	7	49	1562.43692116925	
14043	10	17	592.01048919559	
18051	10	48	1529.79920007745	
23078	6	42	1326.92662081072	
27628	9	44	1395.52609083966	
17208	7	45	1431.21790837088	
11134	7	24	799.847901202667	
11421	1	27	872.885974195267	
29002	8	18	621.020139074428	
21499	2	32	1026.72037604578	
16582	4	47	1489.0488385265	
25221	9	46	1477.04546531525	
8642	8	9	352.20476211617	
14884	10	36	1162.06415595583	
11523	2	26	842.459615488751	
23932	1	48	1520.82505457142	
26005	7	43	1377.48274796525	
8317	5	44	1406.12218814256	
29326	1	17	594.56151736647	
24957	10	25	835.094009579669	
29267	2	41	1297.94750989319	
10988	2	23	749.70330683035	
26534	3	47	1503.95497660337	
28992	3	7	286.52714504233	
19654	3	16	549.086033324285	
11845	3	21	703.724147930613	
18866	1	38	1222.83810031732	
8365	1	25	831.519758455232	
29346	6	8	317.737720719417	
26287	1	4	200.76260650566	
12354	7	11	395.385052745875	
22933	7	16	563.554688358472	
19953	9	9	348.290538018705	
9953	5	19	652.477863325029	
28331	7	34	1087.68974187211	
8154	2	1	80.4461062329105	
25948	6	39	1260.2724555788	
10047	2	13	471.160513344761	
28100	8	4	191.41069193902	
13620	2	39	1255.00855463325	
27117	10	42	1329.71576029887	
20853	3	20	658.064899974533	
23667	10	35	1143.1146554384	
21571	10	13	447.742951720833	
29529	10	32	1038.19922599858	
12067	1	50	1589.66284684356	
10409	9	9	348.390697403061	
26984	9	25	824.294939946521	
10282	3	16	564.259638229506	
26786	5	39	1248.56890084621	
10341	8	1	98.3806283112525	
21323	3	25	818.320991517194	
19035	6	49	1546.62483354408	
12874	10	4	172.871405562792	
11107	2	5	205.244491046874	
13021	7	27	892.733614338904	
8219	4	21	688.055512592222	
27489	3	41	1323.27205503512	
10282	3	26	857.840587486439	
23441	9	23	771.801942909044	
13784	3	7	288.379808053551	
13104	3	49	1568.32814274744	
22352	10	19	635.148253475851	
29706	3	14	500.257532568768	
24920	3	21	711.335323299903	
17571	3	31	1005.49415016803	
13851	8	38	1208.75492729654	
18382	7	41	1299.72689879114	
11794	8	3	154.374414083722	
8909	2	26	842.01350925584	
16529	9	9	340.55259899262	
23042	7	30	986.32223462049	
29763	1	40	1294.71149620354	
24417	1	29	939.552962733224	
21672	6	34	1105.3782492808	
9235	8	22	719.882609918659	
8439	6	38	1206.58865139195	
10238	2	35	1136.21202488253	
29021	5	26	848.327919043753	
12995	1	16	559.42318648073	
11189	7	12	435.333450527551	
8632	3	14	478.543160370804	
15725	7	9	347.260120225726	
27523	4	20	669.168819873207	
14464	4	4	182.381978194407	
16099	1	37	1177.06406122868	
21924	5	18	616.929854814396	
27288	5	6	255.419132455913	
27657	7	15	527.233372278155	
13680	8	7	274.956127533203	
15426	1	31	992.390593640688	
24839	7	48	1537.00040054368	
16185	10	38	1213.31992585832	
15070	8	31	1019.60874902998	
10922	4	32	1046.62874657969	
18316	2	43	1361.38761755144	
9260	9	1	102.916646498682	
16964	3	22	722.85712286963	
15638	9	42	1336.40762842093	
29654	2	2	112.70507583055	
28406	3	13	460.907919547012	
19827	9	19	648.66379861192	
21873	9	23	749.920525862798	
23268	2	41	1322.24612897367	
17933	1	30	988.01630185359	
16854	10	21	712.058393690762	
26819	7	35	1123.60949531366	
29324	5	20	687.071870810851	
27481	5	20	667.493156281995	
17666	9	34	1085.36188112822	
22072	2	40	1286.14496294695	
13772	7	36	1151.84348770969	
27026	10	16	554.944135991365	
12929	1	10	378.417401005708	
14533	1	12	416.468492381493	
18080	9	44	1409.83664768275	
23652	6	41	1301.06802252171	
9384	3	49	1565.97943360264	
23399	4	11	397.875554374361	
12876	7	35	1134.27126207122	
9871	8	13	468.564295353631	
10371	7	32	1033.33579484063	
29548	9	26	852.493526512987	
23697	5	47	1479.41828655052	
10631	5	46	1449.62291561515	
19751	4	11	403.552198448941	
28734	5	43	1373.00230876217	
13072	5	10	355.102747173562	
19104	1	47	1492.92421615353	
16381	2	42	1343.99063172936	
21984	9	21	696.965963419977	
21880	4	16	563.731528522322	
24882	4	44	1399.8043964616	
17133	3	25	815.622843213204	
9203	9	4	178.515266933718	
25901	5	43	1386.66965191563	
15598	5	42	1328.62263450801	
15613	1	18	625.01399125206	
17735	8	40	1281.15251801962	
14725	9	33	1070.32358450364	
20854	7	2	133.454565915025	
28740	5	48	1529.85798400354	
24433	5	37	1187.92597617392	
14224	3	32	1041.87149114994	
18292	2	17	588.811164586251	
29632	4	45	1440.547105931	
21589	2	33	1062.05626455231	
9235	8	28	914.902524852614	
10978	3	20	683.140256648483	
17339	3	39	1236.79209889695	
24612	5	2	140.319595029726	
9842	5	2	136.937212896038	
28967	6	11	404.981568495269	
14638	7	7	282.136366349708	
29575	6	39	1244.14078047692	
11578	5	32	1027.57212470638	
24648	5	44	1396.17027209893	
18536	5	27	870.502239312279	
29487	4	46	1472.62321335851	
18562	3	20	664.464103404649	
9031	2	29	939.056084928594	
13985	8	26	848.506748140094	
16952	9	24	794.147654657321	
8811	8	28	923.502524552635	
20850	7	13	468.395917708239	
28810	9	24	802.41343442463	
19104	1	42	1352.03909124808	
20873	2	42	1339.32129277816	
8462	4	7	279.90213407199	
29712	8	19	629.798840465862	
20232	6	3	161.214013174742	
26972	10	23	756.05403126965	
24061	9	10	364.826915583027	
9778	2	28	927.551969870716	
25600	5	33	1080.8166961562	
20086	8	16	538.706311350086	
13462	3	45	1445.40981866671	
11067	6	44	1410.62203536305	
12719	7	30	970.607121964268	
20203	1	1	89.0758096841517	
19727	5	29	941.495933896627	
16061	7	16	538.099783909554	
24615	10	40	1271.96249052508	
8578	5	9	336.132117256584	
15887	6	40	1283.67103669963	
8088	4	19	640.028750523938	
10781	6	6	238.749960027053	
24746	7	37	1197.6680301119	
19481	3	36	1171.48206273628	
17363	2	23	750.943142227336	
19862	2	50	1590.4993798167	
20575	2	16	538.120395195726	
23369	6	23	752.390777893546	
15511	5	21	696.688414614968	
25798	4	5	211.26749957505	
8457	8	27	884.947817774931	
21818	10	25	815.710329346224	
19980	5	9	344.423451621283	
12628	1	19	653.475573441701	
13225	1	43	1386.39773016162	
11392	6	3	168.508014682917	
22771	9	41	1322.73497177415	
9847	2	21	715.000390780624	
24728	3	2	133.341416182621	
19811	2	36	1155.57808572221	
10209	8	30	984.265563760076	
12843	2	43	1372.11029731301	
18062	7	33	1077.42959862455	
20934	1	24	801.319670193512	
29916	8	24	785.434469126833	
12752	9	37	1182.16230603967	
8105	6	50	1585.54823673589	
16911	2	47	1499.89511734801	
24303	7	46	1463.54740367436	
10575	9	41	1322.96816950802	
26900	10	14	480.956301019041	
17112	10	37	1176.54425761502	
14300	4	16	538.015537400737	
13350	10	39	1239.831487853	
19641	9	45	1428.3671671843	
23777	2	19	643.663474397577	
10355	9	6	234.371061136188	
12784	7	6	247.839230041876	
14490	5	35	1128.95899184465	
24829	2	19	639.299460649164	
23650	2	38	1223.09361797902	
13328	2	1	83.6632533761036	
20987	10	40	1268.13850096806	
8275	5	24	796.284470295666	
15531	9	7	275.868878381266	
8615	10	41	1322.99598200386	
28470	5	37	1180.98636704543	
21385	5	25	837.146461921347	
14969	9	37	1184.20939180265	
13308	9	48	1520.56779500123	
25550	10	38	1218.76096212247	
18736	5	45	1423.09939312893	
19999	5	38	1218.62107434246	
29043	4	24	780.554031534378	
18536	5	10	379.405472939557	
14196	10	26	867.918453210927	
9370	4	23	761.320361402501	
22432	5	14	476.348359918384	
17207	7	13	466.047593609452	
25876	10	36	1168.78083618767	
15425	8	1	84.9511430808115	
11402	4	19	638.225277847715	
22015	10	27	888.843374219185	
17213	9	30	973.720245106947	
12572	1	42	1330.31119855601	
22987	9	41	1308.40356015992	
13869	7	10	357.694791945487	
21823	7	21	704.591963768281	
22633	7	25	825.1084062574	
26652	2	25	822.734255764044	
8136	4	48	1534.13695354673	
8327	4	36	1154.89574173228	
11679	2	37	1186.04139893597	
15604	5	34	1094.04195553346	
24449	8	48	1532.48446774319	
12878	10	30	980.602310383973	
8723	4	4	183.971796344953	
19289	9	10	361.145128328886	
22548	10	18	605.450791812246	
17239	5	33	1062.43848712297	
11276	4	1	81.17593899424	
26823	6	25	828.401774814539	
29861	4	11	395.685725545364	
26771	2	49	1542.97960867313	
12653	9	4	184.207207385547	
28228	1	20	657.856907890112	
16072	1	49	1557.92318327256	
15104	6	43	1357.46150586636	
23137	8	29	940.426014913445	
24102	10	19	640.448713973374	
9389	6	47	1482.34311299508	
22745	7	43	1358.0227012178	
10771	9	43	1381.79163643242	
11203	2	49	1560.17815565699	
15667	5	19	634.348317568353	
19274	1	20	664.8683401313	
17630	7	24	794.819879156919	
15100	4	10	374.418255861112	
23924	9	33	1065.97327173966	
17278	6	17	567.46531822135	
24022	9	32	1045.30119005838	
28151	1	16	556.394403277149	
16267	2	1	92.0380556639461	
8097	1	12	441.475136038603	
12540	3	50	1586.43084145451	
17366	10	3	143.865220390197	
27388	9	8	317.057994192959	
29035	2	5	204.579118809001	
23607	3	26	848.069563791188	
14337	8	31	998.803162555584	
11184	4	23	763.946656865974	
19164	2	14	480.175233073614	
22908	3	46	1470.89756810614	
28412	9	31	1003.60910648648	
28942	4	36	1167.60489719343	
26513	9	26	856.549368266272	
19044	5	8	322.539552302351	
19327	6	29	945.863765546057	
8508	5	26	869.5130377214	
18945	3	23	752.454290665898	
25440	5	42	1350.48037688736	
21186	10	18	600.233286079128	
15294	6	43	1364.16594885484	
21933	4	7	264.659692284027	
19893	9	29	940.391142768967	
9159	6	6	256.114252328926	
13287	8	43	1373.10410529985	
11173	10	38	1225.86324327898	
22810	3	16	539.693637965104	
16284	9	29	947.616127611891	
19147	5	7	265.782431227054	
19842	8	44	1409.55354048384	
13390	6	27	895.17185658923	
24920	3	2	117.985473590896	
12343	1	1	97.1372970645955	
24698	10	35	1124.78153571709	
18841	7	25	816.363719150593	
25034	10	49	1554.21058950676	
18864	4	49	1556.54876721862	
24622	7	2	120.34198699535	
21439	9	12	420.798913697153	
14241	3	45	1433.34406446356	
11859	2	17	589.391942075171	
20590	7	49	1541.62285235786	
24978	6	46	1476.5020571074	
28752	10	33	1082.16787992146	
29822	4	47	1487.12513311167	
28406	3	13	458.182529945943	
25384	8	13	472.57325846356	
20891	5	43	1377.79894930208	
14559	5	12	422.328787828949	
16768	8	46	1448.95611361086	
29839	5	34	1104.90521813971	
23432	8	11	393.518981073759	
26705	9	25	816.984941333991	
23494	1	15	525.067903979247	
21147	6	24	792.228454422312	
28665	2	45	1427.37836337992	
26576	4	34	1101.08399326964	
25941	6	44	1410.31658912558	
16234	6	10	370.761115090345	
23783	1	21	691.194750913975	
27661	3	39	1264.8854808439	
23381	1	47	1500.4534361793	
27176	3	25	813.020731328531	
12781	2	29	954.393116382134	
15508	1	37	1185.00337648438	
24566	7	45	1432.91209451524	
8350	9	30	986.471809421886	
28444	3	2	122.823361476335	
9697	7	2	120.185649115679	
23962	1	10	368.32896279559	
8542	4	30	989.314998327435	
21375	10	25	829.17105072605	
22928	8	11	411.655376968745	
17228	10	48	1517.1363124238	
26155	2	1	90.8413440039574	
28356	8	45	1422.54309649698	
28693	1	11	388.157635176628	
26658	8	46	1458.22326284751	
18479	3	10	368.98911921726	
23671	5	31	994.92157535391	
15693	8	25	833.289984815423	
23944	2	23	761.894688663024	
8857	6	18	605.287339782942	
23824	6	12	416.826317616192	
10232	1	11	384.648322344128	
26225	10	17	581.652875515471	
9840	4	28	901.000532256905	
25184	2	36	1172.06939308535	
23827	8	11	412.553081294779	
20789	2	30	988.985355770674	
20409	3	15	533.126596237126	
11018	3	5	226.232178093042	
21218	10	42	1349.58087190501	
16535	5	42	1329.60416278318	
27022	9	6	248.458583619659	
23192	2	21	688.938505895873	
22259	7	24	808.60212102933	
27560	1	18	602.108940725265	
14890	3	47	1497.16450343708	
12149	4	2	134.213038596424	
21218	10	33	1071.71072052406	
24780	6	12	429.749896987225	
27303	10	42	1337.6133001864	
13017	5	2	133.999825033359	
20237	10	16	539.641115283426	
18308	9	10	355.734167413662	
23682	4	50	1581.86360410501	
19799	3	27	899.848628910188	
23572	10	15	514.22655997529	
19705	5	30	969.685357925336	
25462	1	35	1119.22072820329	
26366	1	39	1242.86073042213	
25467	5	35	1121.32746990832	
24871	9	30	975.839539736435	
25806	6	46	1457.90476609855	
15738	7	17	582.990792180873	
26914	4	30	975.166096396356	
15691	9	14	476.194413712339	
11950	5	19	649.744794038006	
18433	9	20	683.350500968914	
14098	9	18	611.911562258337	
14156	9	44	1414.40241633654	
21443	9	41	1310.27028018156	
10061	3	22	731.200293345004	
25990	3	45	1435.20236655846	
23324	5	26	843.082820234393	
14544	3	33	1079.59017882105	
13248	6	20	682.051214185567	
24413	9	42	1348.67772880414	
9725	5	31	1001.90283810808	
10103	7	21	693.940975467647	
28575	9	43	1386.04869445136	
23266	1	49	1561.05875941043	
14012	7	8	314.776080620837	
23901	9	48	1523.21085482985	
15190	4	14	483.540087828199	
22720	8	32	1024.28138847662	
21109	7	16	551.287514749583	
27398	6	46	1477.18520233277	
20431	7	1	108.914154930466	
25187	6	18	599.789271410457	
16964	3	1	81.1519033467173	
18137	7	22	737.842833110058	
21628	6	32	1042.86772336944	
15033	8	46	1469.76462756738	
9186	5	27	890.265865814996	
27434	6	21	704.904708184723	
13718	6	13	453.74133216857	
28126	8	46	1471.69939668463	
23238	9	39	1265.46779143879	
12422	9	41	1313.77240949952	
25579	9	11	412.407707316991	
13287	8	49	1552.36414668726	
16849	3	27	893.814002468164	
10553	5	35	1122.30147633809	
8111	9	39	1257.30830418752	
18377	7	22	719.479616805669	
22731	10	20	686.413006841397	
8331	8	8	298.797458474896	
16975	6	41	1296.55829504903	
19353	2	27	876.143988592617	
16252	7	30	979.812389919447	
21888	1	36	1151.17090010604	
19092	9	34	1112.32372186721	
19256	5	10	355.744382457689	
29754	10	42	1333.17203375193	
20415	8	40	1281.8019710117	
28710	3	27	886.551389287483	
10822	3	32	1052.62868490658	
9846	8	33	1054.36467827035	
27880	6	36	1158.70940370425	
28247	10	14	503.878581646773	
9653	4	18	599.009211379573	
28040	5	18	620.83063910754	
15065	3	3	163.561229558457	
26561	7	18	610.759658911619	
13603	4	23	756.559583226479	
21833	9	9	347.402556812112	
28318	6	26	861.435665777622	
27734	9	18	624.936500743468	
27702	8	5	218.17811204967	
22729	6	21	705.848846652475	
16019	6	25	810.351817500941	
10177	7	3	163.209937365358	
17057	10	40	1288.13042860857	
27919	9	10	361.533268150656	
16701	8	45	1433.6845477641	
29868	7	22	747.244756942263	
18765	3	24	792.474604282749	
14470	8	9	345.902550642333	
18180	10	43	1364.06047102253	
9485	4	12	417.868381635225	
28740	5	9	332.490056274687	
21327	2	6	260.626907283732	
12763	6	25	832.770166337849	
20936	6	38	1219.97688149101	
28185	1	15	529.981003240673	
14531	9	38	1225.51911124285	
8902	8	23	767.123340911755	
14327	8	5	216.592593815454	
25136	2	38	1208.46389480329	
8331	8	45	1418.35331889724	
22686	9	31	1001.11264726199	
19961	4	14	497.334718414273	
18156	1	4	186.758387734535	
25013	9	27	889.893827852744	
22707	4	44	1413.39849593742	
25688	1	31	1011.53350757972	
23186	7	25	810.252772909707	
13832	6	17	591.541817426468	
14769	4	17	580.74872096104	
22987	9	13	452.077059993556	
17183	4	45	1424.97734106378	
15739	7	40	1273.86095773143	
17956	5	36	1158.38018299936	
15759	8	6	250.295141940143	
27243	9	6	249.460572418506	
14270	8	33	1067.96096274069	
13173	4	45	1424.19329325864	
11602	10	50	1594.21111430703	
27113	9	47	1499.48748598783	
24158	5	18	614.55721406944	
23323	1	4	174.076785004733	
9622	6	24	786.726134264248	
13287	8	40	1290.30420724782	
26627	6	25	820.841022069026	
10361	2	6	251.388525372086	
19237	6	12	418.382304095841	
21424	4	44	1388.06047276969	
24555	6	16	543.584348067448	
23482	10	3	160.778655670946	
18661	2	35	1131.04047198363	
18697	9	37	1180.27921590036	
14248	8	22	724.843071962168	
15682	9	31	1016.47260594017	
26958	6	11	399.82479315243	
13534	9	41	1304.73619939049	
28350	4	11	393.017099086669	
20896	10	50	1576.45154963082	
17098	7	14	478.236600755824	
22103	3	16	548.134772213239	
13819	10	14	502.151040184382	
14766	10	48	1536.99198403256	
17269	9	7	280.932786856281	
13729	5	43	1365.15382968129	
16444	8	30	991.983411028974	
25171	6	17	592.891040571449	
17954	8	20	658.629098543259	
9265	5	21	702.246724284369	
24877	5	20	662.475024397706	
28296	7	32	1050.5163090725	
28226	7	33	1062.02004049999	
15046	8	44	1401.32581798421	
22060	1	23	772.912226604723	
16626	2	8	317.105107827627	
19954	7	20	673.906680733853	
29765	6	41	1324.27653389251	
28983	3	8	294.38651299774	
9675	1	24	807.030511166449	
27724	6	30	965.917365665509	
26972	10	22	718.505302480657	
18497	3	33	1075.01619184158	
27108	7	38	1223.47303481003	
12555	6	9	346.668424842259	
12337	1	15	510.763161755522	
26788	4	32	1049.70824897741	
8405	4	27	871.797844093199	
14365	7	24	780.134269101608	
29897	9	9	337.388351791254	
29539	6	25	838.555389846934	
22376	6	16	545.558942549657	
27754	2	46	1456.44347333184	
17607	7	34	1091.50941310986	
10445	5	32	1025.95669250281	
25946	9	35	1126.07634209379	
12829	7	33	1077.33644580345	
26838	5	20	677.565230036883	
22685	10	47	1493.14399814845	
12544	9	31	1021.57230458296	
28424	3	10	378.32079621885	
8299	10	8	307.949981497577	
20201	6	37	1192.75942682883	
20705	9	41	1316.13557981147	
17493	4	24	805.585448371985	
14700	2	34	1093.06803899494	
22540	8	21	698.758615170959	
27455	9	42	1329.71465399941	
9653	4	14	487.366989295635	
23019	6	14	487.737964134541	
22844	6	12	422.565925206321	
29035	2	20	675.548259259922	
28071	3	34	1090.34968639275	
16888	3	37	1185.98658792022	
27408	9	21	690.534183965313	
25538	7	43	1359.73129827517	
18567	2	33	1073.11858037166	
12809	2	27	878.678005374352	
20165	9	40	1270.3235591903	
14219	5	43	1370.16962510076	
18083	4	11	395.44558070388	
11345	3	4	200.185566935775	
10874	6	44	1412.75677146984	
10011	3	11	401.240746752005	
14828	2	46	1463.69133443744	
18560	8	4	196.91608184805	
20276	8	37	1194.07283574067	
13582	10	50	1570.51062739012	
8566	4	13	455.369125481401	
28162	1	39	1246.83588451093	
18712	6	25	839.768662024182	
21592	2	50	1596.34145069697	
8096	3	45	1431.13253574405	
29005	9	27	872.814208414785	
17701	5	15	508.709714947599	
25014	10	22	737.967384167932	
29832	8	35	1125.74587565183	
11614	3	43	1358.8806120301	
22096	2	14	497.887586438045	
11758	7	26	853.600385847315	
27581	6	44	1412.00454658456	
20303	3	41	1319.993594978	
17750	7	13	464.430854797564	
28629	9	10	372.396304967066	
28609	6	48	1514.82242658493	
23855	8	6	243.007130587011	
9029	6	33	1055.20925615691	
27258	2	9	350.456885411617	
28407	6	14	480.975229144551	
16686	3	40	1266.22539422765	
17907	4	2	132.957761722132	
11183	3	7	278.658440429093	
27057	1	31	1007.24167084659	
19009	7	5	202.974373047694	
26950	5	21	706.126723879076	
17258	4	6	258.135229283075	
19098	10	14	495.193210027736	
14150	9	27	871.518680076822	
23532	9	46	1452.44424537404	
11664	6	21	688.669366523935	
27052	10	47	1498.99520325428	
18466	8	22	728.247987780836	
24060	7	29	954.345528518011	
21147	6	26	840.531104784706	
14689	9	39	1247.96930211036	
15671	10	12	426.224474509351	
22081	10	26	844.415723515868	
23209	9	8	297.535477977961	
15073	9	23	757.276872972621	
29159	10	49	1552.56679979738	
12763	6	8	313.985422623337	
23937	2	41	1314.23796834156	
11567	3	13	460.790418936308	
15834	3	14	496.723173342982	
26869	1	49	1558.1650785162	
27657	7	20	675.451985725878	
29464	2	42	1335.75471213821	
13290	8	35	1120.36046650277	
21244	9	14	486.418320167073	
9984	8	41	1300.68420385042	
20832	3	22	741.706825691139	
9980	1	28	923.61595032905	
24007	8	36	1169.53539824557	
29945	6	24	789.143731253754	
17677	10	37	1193.8781227888	
21323	3	19	641.110221595089	
25398	6	20	669.099779850384	
19433	1	41	1308.15816269636	
25334	5	6	246.687484535709	
8860	2	9	330.574485664523	
11486	2	8	322.774174140195	
16255	2	9	334.227195575008	
9438	3	47	1506.43636665607	
16772	8	44	1409.21821991411	
11659	1	29	954.605182593039	
18050	7	23	763.756558803728	
18742	2	13	445.648066459991	
24089	8	38	1223.89975001286	
16072	1	22	724.427002856707	
12876	7	36	1168.59795207558	
27246	5	31	998.591407071143	
22606	2	25	837.67377817895	
23563	3	37	1193.180012439	
10693	1	15	528.408429347169	
28284	6	32	1032.23997160431	
14862	2	12	418.719793380573	
11891	9	45	1417.86802149278	
8534	7	17	590.518497503604	
9203	9	6	244.809294531499	
18242	3	2	110.674738153198	
17477	1	15	522.380517144865	
22586	4	30	974.832743524962	
18229	9	13	465.100359909749	
18595	3	5	231.760041523613	
13507	3	49	1546.9625408328	
26343	6	19	655.379252925226	
15320	8	36	1158.71258953526	
11189	7	6	245.201797264256	
8017	9	39	1246.65298199591	
19236	3	20	686.859080515271	
16360	5	43	1357.12469465897	
8320	2	35	1136.25756081951	
28460	1	2	130.847993442252	
21928	3	15	506.702387308098	
16367	8	41	1309.79262565719	
12563	7	50	1579.75822704833	
12108	10	44	1407.80160168549	
28126	8	19	651.572199022198	
11401	10	35	1142.11799074994	
25593	9	27	874.408519712467	
9311	3	8	309.803919265887	
18214	7	4	191.854962125353	
14567	6	14	475.933463646068	
23020	10	28	917.820368091492	
14531	9	10	382.092796779281	
23785	9	47	1504.03304751219	
27749	9	42	1330.43593789005	
27117	10	22	721.126968898404	
9304	9	43	1356.90375964944	
26295	4	26	855.158329408224	
9803	9	25	823.242200102304	
29367	10	3	158.58128234678	
10296	9	35	1143.34886816486	
22356	10	5	216.012746382511	
10104	2	44	1408.19396851966	
22028	7	29	947.941430615234	
12057	9	46	1469.12683566526	
11989	8	42	1354.67632513245	
15743	9	46	1462.25567908131	
17554	6	10	379.225929667813	
16444	8	38	1205.04396926847	
10177	7	7	280.446269195735	
17432	8	50	1577.24676801695	
8350	9	2	117.567922341436	
19660	1	44	1411.47325741661	
12653	9	46	1462.33384625164	
19105	3	24	786.825784736697	
27400	1	23	766.477625130898	
25008	5	25	818.615803689983	
18036	7	32	1052.48174455598	
8891	2	18	610.918191695082	
29022	5	26	846.295822470587	
19186	3	32	1048.40050675366	
17332	3	30	970.400774819032	
9928	10	44	1400.87081888731	
17559	7	11	410.525555019512	
9241	6	17	578.899279878894	
20363	2	36	1147.27999181826	
9154	6	46	1449.66724474433	
21467	7	2	122.929493320607	
15153	10	28	924.943315035171	
13784	3	15	517.585620636859	
9042	2	14	488.298037614812	
24836	5	13	471.494652587685	
18726	10	46	1463.61688041297	
28527	2	40	1278.54341231219	
26917	2	50	1592.90869265465	
9893	5	48	1514.83524705974	
16288	3	21	698.508418788439	
19214	3	12	441.851195041952	
8894	9	4	190.63139138307	
9767	1	2	133.125276553037	
24449	8	24	789.316519940885	
14246	1	26	842.89206108213	
23809	2	40	1269.364550444	
19472	4	1	109.357650070152	
12413	6	5	214.608194108404	
20372	1	12	438.365541304632	
15497	7	34	1106.34711067488	
29908	2	15	519.758950527645	
15531	9	24	797.207262775492	
17875	4	19	643.958312759156	
29927	4	47	1502.51116520842	
25621	2	11	384.422015093463	
8758	4	9	324.240137713142	
17571	3	50	1576.94637763172	
22040	6	21	710.180775593119	
27379	5	6	252.94809334583	
16859	10	12	415.141927495199	
22149	4	33	1077.66841350015	
9762	9	13	449.04215073634	
10631	5	11	401.846843847002	
14474	10	47	1505.00908038812	
22076	2	45	1419.32618576071	
28026	1	33	1054.28261463264	
9157	6	23	767.458348631607	
28166	8	44	1392.14823158092	
17845	1	37	1185.75211542926	
15088	4	6	253.95104192847	
11876	8	5	212.929845104427	
10076	7	46	1469.42515359699	
25513	1	27	871.990537676956	
20291	9	3	147.969206342459	
15101	1	13	456.76460864803	
25801	1	29	941.850353172911	
14393	2	16	557.792915142045	
18221	2	2	136.979302529702	
29186	4	7	285.508445671531	
26783	7	41	1301.03622437503	
24623	10	43	1371.51316881716	
16774	1	7	275.917360911107	
14095	6	5	220.533738574262	
8222	4	2	120.932881143378	
11058	4	31	1009.90829421669	
21196	5	28	925.722230545116	
22868	7	10	360.985002276015	
15680	2	18	615.074455428438	
9637	4	4	183.876022521349	
21167	6	5	227.254514874543	
16713	1	47	1486.67050278125	
8909	2	19	648.362636719068	
12149	4	45	1419.96059930882	
28472	1	37	1179.69331956454	
17331	6	38	1220.84000528829	
12057	9	50	1592.80904430561	
28698	8	44	1388.78454753607	
8327	4	5	228.116196164915	
18788	8	30	969.990334180179	
24930	6	44	1388.60944644949	
21460	2	17	581.906201812395	
22662	1	8	317.20941848923	
15065	3	19	628.856078679141	
20837	7	7	264.414499376162	
29698	4	30	973.417265570451	
18969	1	19	650.333796930655	
14638	7	48	1525.21672509854	
15601	8	17	575.989106416697	
10487	4	35	1125.74655656039	
21625	6	32	1042.57166192055	
18919	3	43	1366.4472225711	
23887	4	48	1519.96707510202	
14015	9	14	504.672329921588	
12559	5	16	551.9118689708	
22131	6	19	643.62875867804	
20372	1	27	881.75105258904	
29116	9	8	308.508412162079	
9637	4	10	360.913962703624	
15146	1	17	575.100786171435	
26075	9	17	573.60395521559	
11746	2	23	773.297612356626	
22707	4	6	232.383893203169	
19383	2	40	1288.27220905957	
15457	5	32	1038.49760055472	
26839	2	10	367.280539147221	
28022	9	36	1164.56720838536	
14456	10	2	129.464554288175	
25128	9	40	1292.29721811241	
14467	3	15	527.129201054168	
29619	1	13	463.955564342418	
15766	6	36	1153.06580563684	
17032	5	11	409.676718977129	
13347	4	23	766.988968349522	
25423	4	14	496.898999222042	
12938	6	24	799.130022562635	
28769	1	35	1134.30375032793	
24023	4	39	1247.06128223197	
26087	3	49	1556.1192391981	
14585	4	22	747.515615572927	
13718	6	12	439.574497286032	
18064	1	31	1000.50550544658	
14826	6	43	1384.99589585932	
28368	10	34	1089.32789886805	
11595	3	22	741.304360600796	
17315	5	13	460.807292303446	
11786	2	49	1566.70342767923	
11598	3	5	223.690306797479	
27035	5	29	948.048730338015	
25883	8	18	616.064560886502	
9594	10	12	419.088952699252	
16936	5	43	1364.30063214353	
8707	2	34	1107.87058483244	
19487	6	39	1253.01540999348	
9290	1	14	476.386378964589	
10064	5	21	695.311834092863	
18745	1	12	429.522308609226	
10126	2	19	628.937209429656	
25822	6	37	1190.35847812442	
16903	8	47	1497.13396022894	
26792	1	44	1408.85005718509	
22544	2	18	600.86924264248	
23594	3	8	312.919506986122	
22858	2	2	128.85990536253	
21733	8	22	741.790992217972	
17503	10	47	1489.50585628371	
26517	10	32	1036.77050359397	
11826	1	25	832.978106752493	
23832	7	1	87.7733306995469	
23636	7	42	1352.78184640817	
14721	9	34	1109.32500835011	
18249	1	38	1234.68977035707	
28165	2	9	352.389172963979	
29910	10	38	1213.3983471307	
14453	8	5	215.526288885403	
26112	7	36	1173.09844976901	
9768	8	30	988.301716497308	
25733	10	22	743.055994335122	
11542	3	18	626.967848458778	
9786	1	20	657.690308251274	
22759	5	11	400.577111467988	
10114	3	31	1020.87690158788	
18153	2	24	781.41582395016	
8539	9	23	756.232657225911	
28569	2	4	188.040248354916	
23400	7	21	699.654932198885	
12973	6	2	125.195220804399	
25639	9	23	756.661308983649	
19286	4	10	370.602589384933	
26782	5	44	1401.58716512918	
14047	2	13	449.607713953409	
10951	1	17	585.366540898274	
18531	5	2	136.702804107546	
14392	2	2	138.985278969158	
14707	9	29	938.665558387835	
22723	2	45	1438.70525464355	
17963	7	23	767.585998460458	
22408	4	42	1336.13599049679	
28924	8	12	427.536906650074	
25195	5	26	851.798504317086	
25976	5	32	1024.03678870948	
19754	5	25	813.72532092674	
23276	1	5	215.916976097933	
28569	2	37	1195.26688392985	
17100	9	34	1106.73955253639	
9502	6	24	784.399182342179	
9560	9	34	1091.91145917955	
11501	3	47	1494.47223770175	
25383	8	35	1117.48912110808	
21603	6	28	903.287929195579	
29000	10	41	1307.01011759555	
19874	1	40	1286.4663142741	
19147	5	1	81.9693609708777	
27815	10	18	612.668169873146	
19110	6	37	1176.55684876095	
12270	8	13	467.973155597212	
17539	7	45	1419.45341869232	
15190	4	36	1156.68684976021	
15380	9	49	1540.81965700761	
17909	10	2	122.136060019087	
12537	4	45	1444.31063547931	
15977	8	10	360.109194610319	
9088	7	16	542.37551736756	
21113	4	7	286.186165570368	
10388	9	30	983.174132454756	
19654	3	18	603.958467451836	
12097	7	37	1177.98696624953	
13445	3	8	293.403893994821	
12856	5	10	354.732788742861	
9088	7	10	376.82103424185	
28930	3	14	485.512451308552	
11009	4	39	1252.16572600052	
10859	10	11	395.519087685048	
26112	7	43	1375.16934414169	
23163	10	38	1233.6535195418	
20893	1	37	1186.85179054125	
13021	7	27	884.959925489947	
28802	5	37	1186.14894002031	
8707	2	39	1249.49310468952	
10851	2	31	1003.64106601274	
23269	8	38	1207.74347301933	
29605	8	5	230.722983102651	
9136	10	39	1239.17218787557	
9407	8	33	1067.31466018935	
19544	10	4	174.577047533624	
13679	2	23	763.141399679306	
28802	5	17	583.397179927396	
20595	7	35	1124.0346342344	
23163	10	16	562.428430208204	
13122	5	16	550.692402790623	
9363	6	1	99.2518359512332	
10191	3	38	1210.89914870025	
17639	5	44	1395.31633348917	
24833	5	11	385.400846630987	
18364	5	31	1007.48786883777	
12699	5	22	743.92759409916	
9766	5	9	351.349803559179	
17677	10	48	1529.73081052756	
8500	6	7	292.092751475094	
22143	3	17	582.781085084556	
23984	5	38	1206.41221609265	
27738	7	27	878.507565184733	
17248	8	38	1219.73944895889	
19834	4	25	820.668086866228	
17593	9	14	497.775477887027	
26209	5	2	134.844391595034	
12851	8	30	970.947226589055	
23252	2	8	306.800016829185	
9335	5	30	979.014650331351	
10987	10	50	1589.70505821971	
20732	5	37	1183.01323010727	
10521	8	8	313.304478672009	
23102	1	47	1507.19374507069	
14040	7	18	617.178590994877	
27181	1	15	514.392586999756	
17958	9	40	1293.58765237666	
20557	9	22	720.937006734748	
17054	3	33	1075.06085717821	
25792	8	4	191.609118036744	
23289	6	8	300.03273277545	
28832	9	1	100.56128752444	
16269	6	2	133.952332015127	
9504	5	42	1330.97546378662	
22138	5	44	1404.04038595224	
26806	8	10	357.569198290617	
18326	5	27	874.613302608306	
25997	7	46	1456.84939251135	
12249	6	1	90.118241054061	
23311	7	13	447.681475303919	
17023	1	17	569.725925442635	
15990	1	28	915.501986982069	
17282	9	29	955.229114962383	
23411	4	30	974.056188545216	
22117	5	22	746.712019604962	
25705	10	44	1397.22884992009	
25825	1	11	409.235907834599	
25879	8	18	610.983534143764	
25467	5	14	498.504101009343	
24644	7	19	649.539182302328	
11488	4	2	119.73265593859	
21049	9	44	1392.19417309025	
27168	6	10	356.597163098211	
14372	2	5	225.019983903049	
14292	3	17	572.723371988499	
13368	1	30	967.679172683358	
22099	10	43	1385.94735727922	
28740	5	41	1303.70540362955	
26646	3	26	858.137742494297	
23138	6	46	1471.00825963123	
10493	6	41	1313.90021646111	
29085	8	1	102.990587364412	
11813	6	27	876.288946380973	
24331	7	45	1418.12169249082	
15819	3	50	1592.06001869964	
27430	3	16	562.219797560116	
10241	8	36	1152.45988407752	
16701	8	36	1147.53210139812	
25032	4	44	1415.69906300665	
15073	9	16	543.098888575611	
17536	6	38	1223.16217527872	
21620	2	7	277.994999083688	
28720	9	29	960.828985534994	
25927	7	46	1459.11854152527	
8570	6	14	489.288724888716	
23680	3	23	754.203071237636	
13552	8	8	307.784115144882	
18966	1	29	939.248290126793	
22687	3	26	840.481725465731	
26374	1	25	819.949741074792	
13696	5	4	185.156679165157	
9580	4	23	762.604118232897	
10689	7	8	302.432905725405	
29238	5	14	505.521674875879	
13472	5	3	151.876462098154	
20595	7	15	507.8385596852	
12178	9	42	1343.96412442623	
9113	3	48	1508.93234811208	
13919	4	25	838.252091798117	
14571	8	15	516.36121326888	
13019	6	17	571.621841011393	
18223	4	36	1170.90789897875	
27417	4	20	678.711650017049	
15114	4	5	219.109981422829	
8516	5	22	733.781258842806	
22307	8	16	546.735338078223	
19345	9	2	119.213040601096	
20129	2	35	1137.10742247156	
23262	7	30	981.996169845572	
17189	3	7	264.492222044846	
10450	9	9	324.76896584256	
11479	10	26	861.703806436483	
27456	3	24	795.284471137116	
25034	10	49	1555.40521243373	
13832	6	32	1026.37700702361	
19041	8	45	1441.7376568549	
20431	7	15	511.365187555256	
19586	9	14	497.478621572945	
21090	2	42	1335.73125901433	
25884	8	45	1418.52030075086	
16744	4	22	739.895057538475	
10394	3	15	526.699067152431	
26558	6	16	543.223678163823	
17921	1	2	118.188001419505	
14570	8	43	1365.85158046607	
15508	1	19	631.296098228216	
27846	4	44	1400.55768163901	
28638	9	13	450.767271505095	
26400	1	42	1346.24523039267	
19967	1	36	1164.22145901444	
18130	2	25	818.255673133887	
25946	9	39	1243.52753596545	
15784	7	11	389.280009599999	
12876	7	30	979.337849737768	
13887	2	50	1571.47704756422	
21586	7	2	132.254276299968	
8838	3	37	1199.28334906664	
10081	10	25	821.719004112165	
17120	3	24	805.33728268246	
18865	9	49	1542.55338681049	
20073	10	21	714.990030636541	
8296	9	23	770.67669267332	
20201	6	49	1557.25212028122	
18686	3	19	655.989503420884	
17201	3	17	575.180775232232	
11598	3	28	923.452872728674	
24996	8	49	1567.31964709578	
25884	8	9	347.027693291673	
25801	1	33	1079.14466785227	
16678	2	8	310.138805243251	
23682	4	50	1596.47337212994	
29901	4	28	926.485502853284	
8731	3	6	253.201089097746	
13081	9	31	1019.73179104725	
29149	7	43	1376.4661557304	
8574	9	2	124.922773858962	
29953	1	21	707.68422081493	
26131	8	19	640.523648597544	
18213	2	13	453.258400956755	
19300	8	4	182.48516061459	
15833	7	22	746.177656439216	
24961	3	40	1268.445769096	
16425	6	44	1390.8621920789	
14192	5	45	1417.77471083113	
28266	4	32	1046.23654891096	
16800	8	20	681.241429877114	
16937	10	16	552.423796836484	
29115	9	44	1415.94662139935	
24969	3	50	1583.92816486951	
28284	6	30	974.122730723639	
18466	8	8	322.454307788263	
14628	1	40	1289.64618344309	
26222	6	40	1292.14133889048	
22099	10	44	1393.17787220384	
29332	7	24	783.530270114322	
12468	3	49	1569.21836486516	
18783	7	17	569.446946871209	
27260	8	47	1487.23417474294	
22108	1	35	1143.00722618727	
29862	4	15	522.398707737401	
16790	3	20	663.976451132436	
18304	3	35	1133.52998834733	
11518	1	30	971.622603652823	
12976	7	35	1116.10642514942	
18077	1	36	1167.7480868845	
27379	5	47	1491.7701702806	
15072	5	33	1070.3264468677	
20142	5	30	969.548218552744	
9878	8	37	1202.87169400736	
23261	2	48	1526.55427370526	
10851	2	32	1024.57005548504	
12576	6	19	638.759700469095	
18692	3	13	448.46060315541	
26405	4	21	702.852122067871	
17085	2	27	876.375730371278	
18426	9	32	1046.54426154054	
21698	6	30	979.814500594425	
24417	1	5	219.477409450094	
15721	4	38	1209.75295450993	
11599	3	47	1493.93934535512	
25578	5	13	451.02907589219	
14390	8	5	231.373025696433	
12069	6	10	363.09952842216	
14229	5	4	185.021937128632	
14972	6	50	1587.68449745499	
29842	6	11	386.827188686853	
8278	5	38	1234.3441639628	
12515	5	13	460.023216893907	
17555	8	8	316.201520932932	
26332	5	44	1407.24779086525	
23828	2	36	1155.47582698775	
8099	1	25	820.450046071992	
17710	3	34	1097.51642241027	
13872	7	48	1530.85969321935	
29084	7	35	1118.50870948215	
23685	8	38	1212.64766809188	
23173	1	10	376.823165443178	
25091	7	10	354.755766929479	
9622	6	9	330.026623946627	
13946	4	36	1154.46637863036	
27288	5	38	1210.91498300941	
11070	7	37	1182.87557828374	
29571	7	8	293.074927391985	
29529	10	2	137.373891164257	
12043	1	49	1549.5526752386	
13490	5	40	1283.69460731917	
9252	3	28	921.185580287681	
16472	6	20	669.289216822614	
26147	5	18	596.802141832561	
9357	3	42	1336.98600857378	
29118	3	20	669.40386427073	
25649	4	12	429.969537421115	
13696	5	10	357.481220233013	
25994	3	39	1249.06788083216	
9731	4	3	151.369631845211	
10854	3	15	512.603425436003	
23650	2	26	850.430459925174	
17641	9	26	866.600666524191	
22124	4	35	1128.42192769443	
8848	2	26	860.920898197647	
29388	3	9	337.426006317803	
15638	9	21	690.303229973793	
13188	10	22	733.346697619812	
25883	8	44	1395.62390314211	
27899	6	13	451.078446717504	
