idEmpleado	idDepartamento	ventas	importe	
25237	8	48	1534.59092066371	
16233	4	36	1172.2445040812	
14420	6	38	1221.52999923636	
25519	2	42	1329.57494175507	
29937	3	2	114.83869148178	
25593	9	30	961.96805991324	
28520	7	32	1047.05606483252	
19586	9	4	189.412750503706	
14628	1	14	487.766147520284	
11001	4	40	1288.59486416382	
25563	7	35	1118.78383759353	
26969	2	7	280.23659536626	
20448	1	45	1437.30271182829	
10416	5	17	567.178099382286	
29818	10	19	634.45147450755	
10778	1	45	1436.53129480618	
9224	8	12	421.760846386552	
8937	6	34	1096.83885681296	
28189	5	40	1287.11856521998	
9193	9	49	1552.13290674246	
13460	9	42	1335.96189590914	
12640	3	29	952.987877537025	
12646	9	32	1029.42409831538	
11517	1	9	338.771839783886	
18313	6	44	1394.55811207861	
25963	4	3	155.63681501692	
13825	3	19	629.877440105135	
10213	6	20	687.71597138034	
25502	2	39	1235.85356978506	
21526	3	10	378.41961502024	
20543	1	1	95.8379727675756	
27812	4	39	1242.50268293661	
11440	9	40	1282.56815169126	
22325	2	38	1229.06419088555	
23720	5	43	1382.62121380429	
19438	10	4	190.596986389997	
9840	4	20	674.095044673465	
22513	4	7	281.322841291	
10950	7	38	1225.48446559603	
29193	4	37	1184.98624406056	
29480	1	26	842.092212942472	
23480	7	22	727.391072142586	
26931	1	29	954.633005705957	
24303	7	8	321.832556874413	
19874	1	37	1185.11843304388	
24321	7	38	1228.81651358158	
8318	6	23	761.061473172652	
21482	5	28	922.717479450031	
9250	10	9	323.645524756818	
10730	3	27	889.125268947857	
26053	5	42	1342.74743992032	
12047	3	40	1270.03166600598	
22895	8	29	932.210180001431	
27869	7	33	1067.6946857328	
24064	5	28	926.44514238762	
29131	1	20	661.603043126689	
16078	3	5	222.820405765819	
23733	9	30	962.758159452471	
11018	3	48	1535.01682967647	
9866	8	49	1559.20187646486	
17842	2	11	412.090619808105	
19952	2	12	439.340093452176	
24566	7	16	553.559180718641	
21106	1	4	189.346532500045	
26258	9	40	1272.75689139625	
13104	3	46	1476.28115465691	
9349	2	18	597.668443674999	
23611	1	7	288.238520942739	
17329	3	24	784.556885577998	
13501	6	15	523.854488117553	
24645	9	26	842.436250132712	
23474	5	5	220.438005095552	
17130	6	46	1471.35439121693	
23152	6	4	182.132321159417	
19899	3	24	790.040693799984	
8978	3	21	688.570823766557	
10170	10	50	1598.35487183107	
27055	9	24	787.591541440967	
22555	4	23	753.653406740005	
11602	10	6	245.741598497025	
23923	3	31	994.575341844268	
25789	6	41	1307.1599606551	
13911	5	12	444.070446623522	
13270	1	12	426.728300837208	
10838	2	19	635.672175099921	
10361	2	12	425.806306761599	
8718	1	11	390.292502935181	
17032	5	8	294.873465958458	
13779	9	10	382.619048497928	
22216	3	24	801.0181706776	
23321	2	49	1567.77658062418	
9763	9	41	1311.33688522099	
22611	7	9	346.306011614532	
29235	10	40	1266.28258913117	
11590	2	26	852.895624252453	
29703	5	14	482.752119490296	
9868	9	6	253.831891423944	
27791	2	26	845.286473205912	
12136	2	19	649.075665478164	
27580	2	41	1308.83727838697	
17017	10	21	711.148069906583	
29006	1	16	552.822952229913	
19491	8	5	218.160593872033	
26688	4	44	1399.79103663927	
23264	9	2	126.689018815145	
20252	4	37	1202.30943482477	
15736	7	44	1398.67727478905	
15211	5	25	830.077858842014	
11789	3	10	357.65399193282	
22907	2	8	317.874318621063	
13872	7	20	663.248171295621	
21347	2	32	1035.22886432485	
29752	10	7	289.104752712466	
19995	1	43	1369.27523117944	
21388	5	19	644.626534620592	
22530	4	21	704.930659153001	
12136	2	50	1595.26964682865	
25318	5	5	206.830879881434	
12982	6	36	1153.67435740012	
27853	4	28	926.95058463465	
22013	6	36	1165.98865172173	
29512	2	10	382.79497771654	
22064	9	47	1505.61947244481	
16106	10	50	1583.5387149004	
14110	9	16	556.077907493374	
13683	4	35	1131.09936491172	
10764	5	46	1474.13199348102	
16016	2	7	285.071802085765	
21777	3	28	929.236696906964	
10388	9	11	387.288574309688	
16945	6	15	514.738932342613	
21678	7	25	833.068398625156	
21054	1	5	218.515875962803	
14750	10	32	1044.81612835304	
16597	10	35	1134.59352859044	
26372	4	15	521.752389614355	
9931	9	36	1168.99936678307	
14792	8	19	644.279409984257	
10353	2	10	380.039282022062	
8994	4	32	1033.36274027515	
27818	9	18	627.129031972554	
23216	8	36	1160.21464409317	
29021	5	48	1537.21947402564	
17060	5	3	144.744729876865	
27379	5	5	217.769999381979	
12981	4	18	612.547716299327	
16232	1	34	1102.23213250853	
13583	6	17	577.030780435088	
25819	4	21	701.656054510575	
14682	2	5	227.964965099453	
28886	7	14	487.482472661642	
25461	3	2	127.001011542511	
12724	5	40	1291.61211580579	
16434	1	41	1322.12508084351	
14841	8	5	222.848626665235	
16745	1	11	408.353092190043	
22581	9	19	647.203479785101	
8437	2	6	234.621878971635	
23543	10	28	923.713129145891	
17215	10	17	595.589653903427	
23152	6	42	1328.17744134375	
23817	2	37	1193.60547270328	
15784	7	47	1500.84116193505	
19320	2	50	1570.36541762313	
19026	6	44	1403.13538627845	
29953	1	45	1430.17977267046	
22516	9	27	896.712988362048	
18909	9	26	844.288624359429	
20841	4	8	314.681702589002	
14319	6	5	202.874145006237	
12032	10	35	1135.93129236993	
13364	3	32	1030.9902368444	
8166	1	45	1426.79159785937	
28011	6	4	200.311617124971	
29481	5	10	379.821552662096	
18486	4	1	85.7740076285666	
22731	10	13	445.575503690902	
18581	3	45	1440.87474256795	
19661	1	45	1445.76871551842	
13835	9	49	1543.53019119405	
23887	4	1	108.86723240319	
8142	4	30	977.101213045931	
25325	4	37	1183.41574757519	
22108	1	24	781.271731807511	
17001	9	47	1499.80610164805	
28407	6	13	467.737920800102	
29889	9	35	1141.45628281937	
25381	4	14	496.390795119289	
29471	9	28	901.967501687802	
18067	8	24	806.240436400399	
27523	4	46	1474.54890982925	
25132	4	31	1014.37748781144	
22030	4	41	1320.56628083837	
22140	10	43	1384.44962811864	
28524	10	41	1305.18529893141	
21118	3	32	1033.52355926927	
22218	5	39	1259.37348215812	
18601	8	49	1566.85405640251	
15556	8	9	341.609343598415	
27959	3	11	387.590226711515	
9172	6	41	1315.83472793728	
24885	6	9	337.943508149098	
28368	10	9	342.349077846086	
23327	2	17	578.781909504338	
15980	8	21	692.033672729523	
14622	8	33	1056.49223581724	
21016	8	8	300.209413683139	
13784	3	36	1171.30049868082	
27359	9	31	1022.30352818142	
17398	9	5	217.074619036668	
26254	7	49	1562.77758849914	
12270	8	24	806.328737217155	
19403	1	11	388.853163453216	
17100	9	30	980.182937951844	
25604	6	17	566.722421500237	
21053	4	12	431.076228297817	
9390	4	1	90.1897251280908	
18459	4	24	799.569430127539	
27206	5	3	150.559315975085	
23903	2	31	1015.39746547835	
28481	10	10	368.723489851096	
12294	6	14	480.32219324276	
26693	10	49	1542.32112267163	
18269	9	34	1108.4412661886	
19799	3	9	328.325235176983	
12354	7	4	201.553804558494	
25080	9	41	1310.42395600603	
9249	1	2	122.341969740736	
13855	2	14	495.126318193565	
20778	3	29	946.297993392822	
25628	7	12	426.400525470451	
8168	4	14	478.721447288395	
27531	3	37	1179.26539896953	
19026	6	35	1138.1784888069	
15565	6	8	307.695463256769	
8937	6	43	1370.92372425409	
21985	10	21	714.752135199845	
20015	2	20	684.633838070852	
26366	1	3	169.238059077988	
12552	5	15	523.313865830802	
27932	10	6	247.528507116962	
12020	3	50	1570.15578413855	
11670	5	33	1074.08726693787	
24325	4	23	764.892882651134	
20542	6	26	843.462847901258	
18326	5	22	748.220172612099	
14757	10	21	705.524324358219	
26977	3	12	420.383342886522	
18666	3	27	897.727206618398	
21537	7	29	954.109070633589	
24103	7	32	1023.33383414118	
17079	7	16	539.804052030576	
14965	6	47	1496.29474042742	
15661	4	28	926.211878120067	
9401	7	1	98.8667368604181	
24567	4	28	915.512534694519	
28059	7	11	395.622385477471	
22633	7	25	833.907811657483	
11876	8	9	330.456674327355	
21534	2	17	570.479868171029	
26021	2	42	1346.06827981121	
9363	6	6	257.867443942403	
25997	7	23	756.174180487252	
14072	6	3	156.005534788596	
10642	6	44	1390.67409356622	
10658	9	36	1164.05614121075	
15293	6	38	1227.06333824762	
14346	3	26	850.674674646312	
28967	6	23	752.487474695075	
14969	9	24	795.798697246145	
16973	10	41	1316.32409309797	
11158	4	31	1005.55588705724	
9878	8	21	710.331371049551	
18442	5	38	1227.24545014428	
22341	2	26	847.868958361386	
24638	9	11	398.567705712545	
13584	6	31	1006.23492630489	
23107	9	26	857.428240020493	
14880	2	9	344.978418287345	
25915	9	37	1180.10506256488	
22636	6	34	1096.02948020027	
24431	5	30	970.040613119509	
21140	8	25	824.614763122338	
29839	5	35	1141.01724755998	
28752	10	48	1522.96415925164	
9002	10	47	1486.59647343987	
25183	5	17	582.426706860972	
13518	2	9	333.053520849465	
24861	7	35	1119.31175194649	
9515	1	31	992.182928562249	
15256	8	33	1055.30133877662	
9241	6	47	1480.84432354236	
28753	4	12	434.177163743496	
25800	3	37	1198.75819090696	
27661	3	23	777.245586019589	
22349	1	50	1589.66106317456	
29678	3	27	893.981603651299	
29678	3	31	998.081732149274	
15697	5	30	974.218789084916	
29654	2	40	1279.40670669051	
29771	8	35	1121.15683436448	
19831	2	46	1454.84964971191	
15794	3	40	1267.89586819145	
18876	9	4	181.928509372253	
19517	3	39	1237.78497753562	
19654	3	1	97.7779470839435	
17208	7	45	1429.47268098103	
9697	7	9	349.04929028314	
10091	4	3	158.342919758681	
20011	9	41	1300.29903114787	
15017	8	48	1509.27760838963	
11920	7	35	1138.19414545698	
29726	3	17	568.929393370137	
28760	7	23	750.351611762471	
17958	9	33	1074.45038797075	
22108	1	13	456.027666691704	
18322	1	32	1033.25268082006	
19075	1	38	1215.15693292728	
26196	4	6	233.041375536957	
21874	3	47	1504.07762012634	
20356	5	20	661.629434349774	
22331	5	30	974.009817398158	
20049	7	42	1331.36292269983	
22700	1	43	1360.30454613283	
22308	7	42	1340.49735846952	
20856	6	45	1435.47976955561	
9154	6	19	651.378723313743	
13017	5	34	1111.57318014259	
12721	2	15	529.999864124693	
10274	4	26	858.207895186826	
19782	7	34	1104.58610206125	
26218	8	1	88.1531941556154	
11598	3	47	1483.20945093558	
27019	1	20	665.571711596833	
22606	2	2	138.948228200408	
27478	9	39	1241.17983048837	
9415	3	41	1302.14474492806	
24896	7	22	722.686253750085	
9666	9	47	1503.23227002436	
8325	8	47	1505.1862121677	
25821	6	2	137.123792458849	
28613	7	8	313.377416577832	
28079	5	6	254.710601090784	
28661	6	45	1419.01272079861	
18888	2	33	1082.90532017262	
29500	7	48	1517.10719331964	
24384	5	30	991.914930172225	
9953	5	40	1283.82555198103	
22630	7	5	204.307802936206	
17758	5	11	401.217919327886	
23303	2	19	636.408382354494	
18800	9	40	1278.82467072402	
9899	8	26	845.040356612317	
14687	10	33	1070.14116895857	
11888	2	21	697.777272340738	
23636	7	5	227.147016966318	
27159	9	5	203.486727012082	
12481	5	47	1507.59132205862	
16887	5	12	441.431150902729	
18666	3	44	1402.30520798001	
13518	2	32	1046.3992237702	
24811	9	11	397.899500838434	
11595	3	45	1419.04942615845	
25293	3	27	900.135024571854	
11213	4	7	275.712929086626	
22933	7	47	1501.12441423401	
29057	10	39	1254.9846945214	
17809	8	47	1503.3576817733	
10902	2	21	691.403383562063	
17306	3	45	1433.27055748239	
9195	8	23	753.882921763641	
20665	2	11	390.56642706998	
16749	6	41	1311.92466290292	
18389	1	9	327.85516336926	
10056	3	45	1446.95382766749	
22911	9	12	428.252017771943	
23912	9	24	799.299216307373	
21324	5	48	1512.35020190121	
12905	4	10	357.399225960206	
27117	10	45	1423.39016514988	
25971	3	15	523.564839383385	
15470	7	30	967.553171332718	
10324	8	30	987.265377206386	
28755	1	5	208.781944796807	
28491	9	8	301.799512832332	
17299	3	45	1425.76143133722	
12177	8	26	843.112837543298	
29765	6	14	493.068281977004	
21978	8	49	1567.7944392561	
8661	5	48	1511.80121123409	
24811	9	35	1117.69310347628	
18848	2	44	1394.55342286944	
8105	6	10	361.255102847356	
26331	7	4	180.927062044352	
10271	1	16	538.786988397495	
10226	9	42	1339.22429162041	
10061	3	14	494.327990419384	
11368	6	29	954.57557651893	
17269	9	38	1223.29979171199	
9145	6	37	1181.78090593861	
28627	2	9	342.122498798241	
15262	10	34	1088.55724839892	
20148	5	20	672.422168418962	
19926	6	10	371.037245453818	
20489	4	39	1247.33499756424	
9868	9	9	325.841955284514	
27267	5	49	1566.90000782111	
11395	3	18	597.185193243057	
24511	1	38	1223.18734129108	
23211	9	9	349.525254568795	
29717	9	32	1027.84780065894	
26515	9	7	291.136525110871	
19470	6	38	1230.19209609842	
15311	8	18	618.040985752848	
18553	9	29	958.740368596623	
25637	1	3	158.846052437483	
26025	4	31	1010.63412363205	
18326	5	40	1290.26748136164	
26225	10	20	678.335511739522	
27917	1	13	449.951497749403	
16678	2	22	738.011576690716	
13715	10	26	841.916412544398	
9249	1	48	1535.56324251721	
21598	2	24	779.602172327974	
27938	6	11	395.577454006103	
14015	9	29	959.3294988942	
26558	6	1	109.311324222624	
9481	8	38	1210.99760085856	
28698	8	44	1389.06817497176	
10204	1	4	187.729536047079	
8565	6	48	1533.92402735256	
22014	9	45	1444.72363978844	
28990	10	10	369.050410189224	
13365	2	23	775.618320021601	
22251	8	36	1161.26766635164	
13410	7	32	1035.00759098446	
10641	5	10	375.131002913756	
23123	8	21	696.228131752567	
18931	2	16	561.446947232563	
15905	1	50	1575.95755754782	
24788	7	46	1458.86142351612	
9069	5	9	325.927644300241	
24925	3	26	869.880940685925	
14471	10	41	1298.2691846873	
25679	6	16	563.953410575145	
26866	8	28	906.556578365414	
28235	2	6	244.361326771025	
20762	6	42	1343.21411709451	
15069	6	25	822.186693447729	
18475	8	13	459.940935960012	
20285	1	11	408.590167988367	
18013	3	24	804.060509057744	
25136	2	10	356.240064779408	
13955	10	26	853.348293962585	
15973	4	15	523.769329247889	
24402	4	34	1100.20608625384	
23167	10	36	1152.99400588171	
27849	1	47	1492.81999609099	
26703	5	50	1575.45979144772	
9076	2	10	368.005498670044	
9052	1	8	296.53063106189	
18480	9	12	435.902406962543	
24136	4	24	808.117018271292	
18132	8	35	1115.457805244	
13496	3	12	415.601227216237	
10658	9	37	1183.1241608705	
16658	3	48	1522.08611492165	
9310	8	15	534.573776076815	
10156	2	33	1056.77331940121	
21244	9	48	1523.73277761216	
27849	1	43	1383.71504952373	
22641	2	11	394.405991879481	
15488	2	24	808.820534129078	
27201	6	21	702.377954191704	
8132	4	17	591.090074233287	
15026	6	14	492.083932390476	
22372	7	50	1572.03547185847	
25091	7	8	317.294057829908	
8909	2	8	295.648761752829	
27480	1	34	1089.02087564069	
16284	9	24	794.968172123175	
20557	9	10	366.097207128116	
9160	6	13	468.810907410835	
29219	4	31	1009.12723901175	
24615	10	43	1379.13936805871	
8191	6	25	809.863518294815	
17159	8	36	1168.48357500903	
10914	7	35	1115.70211622664	
27052	10	9	331.848990773712	
13212	9	3	141.061580097797	
21068	6	47	1482.01358510275	
20276	8	14	482.311006822768	
11992	9	22	720.768340304852	
19500	1	7	273.441448562518	
14687	10	43	1359.42692648593	
24717	10	34	1102.95901655357	
11283	7	35	1117.81062602895	
13742	10	42	1354.42313544193	
23288	6	30	962.667957471063	
11578	5	30	980.829249704643	
25725	2	30	984.470463443767	
19208	9	41	1309.78755069421	
16446	5	10	366.440797693301	
26420	2	27	898.45391583557	
11984	7	20	676.225886436284	
27584	2	1	94.1841761088856	
20306	4	50	1595.23997492867	
29510	10	39	1253.8621105877	
11368	6	9	342.258219729298	
25597	2	2	111.685396857413	
11391	5	35	1128.17061439537	
18296	10	28	915.699948051805	
22726	2	40	1277.17123433816	
15031	2	17	566.438915807027	
17996	2	36	1173.03732654687	
24423	1	48	1530.43342393377	
9498	3	49	1567.09149955171	
27968	5	44	1398.98977925954	
13085	8	42	1336.31843718529	
25450	4	38	1205.73770892142	
25508	8	1	94.6405858614671	
19114	9	14	486.383998695008	
10079	9	7	282.724785303103	
9102	8	31	995.71173930341	
23558	5	2	121.719192509409	
26513	9	30	981.404042700959	
16453	3	40	1273.63765157463	
11790	5	18	615.379085566559	
25316	9	29	942.951027705777	
27194	1	34	1088.13105767971	
25055	7	30	974.273306361527	
29118	3	8	297.612336416548	
24664	4	29	954.626100358845	
23602	1	28	914.819512048187	
24061	9	4	184.550412196922	
18833	2	34	1085.18062142896	
26800	5	50	1599.65640943481	
8168	4	36	1170.35699157527	
26340	8	11	412.901352575469	
21148	9	43	1364.95519194983	
27638	9	25	814.623543366149	
16233	4	48	1514.62146442133	
19879	7	26	853.443896497341	
15426	1	8	300.163593916299	
24957	10	18	612.890965702427	
23151	3	19	646.313637050946	
18549	5	24	805.13977248461	
19142	5	6	234.329424497825	
23279	5	21	700.404122015649	
11740	10	45	1428.99350255215	
19104	1	35	1135.86751700187	
12646	9	41	1318.82084676941	
16446	5	1	98.1046982566382	
16874	1	43	1356.93024854964	
24077	9	30	966.188663843176	
17710	3	17	578.086464748758	
19228	2	34	1107.06276539111	
8075	9	30	970.729058389891	
27620	1	26	856.734723326161	
15828	2	40	1294.82184373533	
16634	6	12	420.546524534256	
8827	1	33	1059.86088936211	
21733	8	11	390.911082881927	
13462	3	26	854.127162049584	
14081	6	22	737.412090495886	
29307	4	28	910.558277978822	
18717	3	49	1561.07384769296	
19890	2	12	442.351722289972	
17761	4	13	461.888503610105	
26583	8	3	167.856705117904	
10928	6	48	1530.77701449896	
28526	5	14	476.734507976442	
12383	4	33	1066.08842668407	
22720	8	50	1571.36324523546	
29634	10	13	471.114165555273	
16918	1	4	180.019121440136	
26213	1	38	1232.94010219767	
9525	5	50	1582.5611913868	
19748	10	13	462.820773600983	
12905	4	33	1075.40555545846	
27652	3	6	256.26427021635	
23209	9	35	1119.3082270768	
28576	2	48	1514.97496355091	
14180	9	35	1113.95752515362	
22072	2	49	1552.26354067785	
15994	4	39	1255.45245959212	
24306	5	7	279.50763815991	
16352	9	37	1197.6958518092	
8308	3	49	1548.63084820501	
24283	3	38	1206.46394744816	
20522	5	50	1578.11785603786	
13825	3	21	708.927351044923	
14086	1	11	393.622268249105	
25058	6	21	718.079508840143	
16392	5	32	1024.40866741557	
9552	3	42	1354.76265400404	
14869	2	37	1203.7103815394	
17128	5	50	1599.31673444776	
17111	2	36	1162.75150342041	
12408	4	41	1302.33268772361	
20153	3	20	685.239789357986	
9320	2	12	442.788050194638	
15077	8	43	1372.44092088772	
10929	5	18	612.547416897746	
29461	6	47	1498.21648805319	
27526	1	22	739.133009025423	
10539	1	9	332.732420085339	
19799	3	2	126.741453021179	
8099	1	30	965.816082994368	
20339	1	26	866.169542403039	
9889	6	29	945.146362551091	
13203	9	35	1124.5015740043	
12323	8	17	587.908284788909	
16495	4	43	1381.3291678677	
20985	9	35	1118.55757351898	
18375	4	28	901.238297457452	
8491	9	36	1144.8859258112	
8723	4	27	876.953557728302	
25724	9	28	901.863621371735	
26427	1	33	1081.95963090377	
23238	9	21	711.050639818912	
12499	5	12	443.377995883756	
9857	5	14	493.720874084961	
9653	4	26	855.42455616194	
28472	1	4	189.738849080046	
14218	10	28	901.849663454038	
19826	5	3	163.112239727337	
26176	7	12	428.008917843927	
8236	6	18	626.954577819889	
13347	4	21	716.351511551231	
19069	1	17	576.308739900733	
25255	10	38	1233.62336774991	
29002	8	14	499.809687966392	
12687	1	23	760.488085877378	
11450	7	13	470.165766100476	
17471	6	44	1413.47622002171	
19671	6	42	1346.86730618908	
29823	7	30	982.427546653164	
14539	4	38	1215.74103710043	
8051	4	27	893.130531652426	
9455	5	31	1002.72003950678	
8681	9	6	232.766185138731	
13887	2	8	311.879768814836	
11052	10	23	762.461305801972	
9324	7	9	341.317584897074	
8970	3	15	533.616282033555	
13783	1	4	201.019066256014	
10186	9	18	612.293100381406	
24799	1	37	1199.52193532117	
14243	4	5	203.170369958119	
21843	2	7	289.876728192846	
9064	5	11	406.756823811101	
18943	2	23	777.453113076022	
24825	1	3	160.791872516643	
19770	8	20	671.282047904694	
23910	6	8	321.86179347423	
13659	1	49	1549.06717610968	
11158	4	18	597.01636472578	
16712	1	14	502.808567817699	
11391	5	20	676.366824599154	
19334	10	19	656.020769298086	
14638	7	47	1504.72350224141	
24461	7	34	1099.78687520129	
9149	10	9	329.464571443137	
26612	6	10	369.860802502307	
22731	10	41	1311.52299480118	
21375	10	21	704.69188603791	
27478	9	45	1427.42019891153	
9069	5	30	991.163401767222	
23556	5	41	1305.08135349726	
21097	8	36	1154.37099126837	
8954	8	6	242.458379158032	
9841	8	39	1261.21252062787	
12422	9	1	88.733089719309	
29908	2	3	159.239591396991	
13835	9	16	558.28445468018	
25614	1	5	211.498227068921	
26634	5	42	1331.25956828299	
8299	10	17	594.106971264867	
17691	3	39	1256.12256704649	
20610	3	24	780.830597198024	
26163	7	36	1150.81913934593	
23050	10	25	828.486982522759	
20364	7	14	503.78420786177	
16358	10	15	506.474783358385	
28412	9	6	249.551916089632	
23104	10	16	536.170254673888	
8516	5	12	419.017815449749	
27051	5	3	169.206037972684	
16236	2	5	228.303972626246	
20215	4	46	1464.40904391204	
21551	4	25	829.850941463304	
17400	3	16	559.618978835465	
18553	9	18	619.374212501279	
16975	6	8	317.109762354339	
18707	8	34	1097.99653726537	
26886	9	22	732.979309937441	
15772	3	50	1582.4151973717	
15101	1	13	472.600503299665	
19006	2	19	629.794590095894	
24225	10	45	1428.92439599565	
8402	8	10	373.598867344483	
22914	7	38	1221.12969861418	
27162	9	47	1494.4405818239	
22252	10	19	648.799378689751	
29746	3	2	127.418349034813	
22072	2	22	745.544303183232	
16360	5	23	768.720023356713	
13442	9	1	81.5522811196522	
14292	3	4	192.997593224513	
11368	6	4	190.363566405309	
23574	4	8	297.807607826687	
18596	9	1	82.9093934609133	
8320	2	26	846.686000771209	
18843	7	47	1495.53622740113	
12781	2	34	1105.20162995216	
11712	1	23	756.236519718653	
18491	9	20	676.00266733952	
14383	3	45	1422.98978808475	
9908	8	4	200.308886412675	
13336	5	26	855.352740127292	
24580	10	10	365.674070588161	
17921	1	42	1338.21416093885	
17712	4	26	842.859429140975	
27057	1	45	1440.67230958523	
26372	4	11	404.520049805064	
9681	6	40	1282.83940032257	
26361	3	22	721.83830812659	
28215	7	43	1371.62332736497	
27443	9	20	661.243054131625	
17653	6	45	1425.30514474274	
15985	3	5	229.083029697222	
12970	10	29	938.659064983325	
23645	8	49	1564.31238116897	
12995	1	45	1427.19817105085	
23186	7	14	487.231729853541	
20517	1	48	1529.68944073175	
22646	2	29	934.046400698855	
20745	6	46	1454.98482917202	
13017	5	13	459.056434323572	
18001	6	34	1104.0076129064	
17434	6	43	1367.45023131717	
28396	7	12	417.465534330097	
8974	5	50	1576.20844474817	
20856	6	2	117.940406220937	
21601	9	39	1246.60143608535	
15161	7	25	826.941548002391	
27058	3	41	1312.93297806426	
20542	6	22	723.837985100149	
19191	5	25	811.908132402184	
9536	9	12	421.760017546713	
9725	5	2	136.976642597921	
23321	2	6	239.425409286947	
27194	1	9	352.29161688699	
9472	4	43	1374.4418499686	
27053	5	35	1143.25032540748	
21692	9	19	635.384706405636	
12970	10	13	458.270269473209	
18360	1	2	133.768272238676	
24432	1	9	324.279328884687	
14482	3	12	444.578948712246	
15110	8	1	103.705995056641	
23600	3	31	997.096695991744	
10241	8	31	1020.30922698803	
16952	9	10	367.692448481774	
19562	5	49	1561.28053670809	
24728	3	29	959.148542843363	
12876	7	2	118.59701229194	
27749	9	31	1019.48782972036	
28400	4	34	1088.30449754759	
18848	2	37	1175.51218922041	
21158	10	45	1422.1901190198	
8694	9	25	821.017838167501	
17315	5	32	1043.93335376118	
14628	1	21	696.301273506275	
13017	5	34	1087.90250881012	
26574	10	49	1548.20853625806	
23940	1	43	1362.00571619068	
10904	9	24	804.919022920038	
26222	6	7	274.070873499881	
16493	4	37	1177.57850180267	
9432	3	50	1569.90642225831	
14118	3	50	1598.00032302644	
9666	9	19	639.715194962786	
27345	7	8	319.483036584911	
29115	9	43	1368.32850214482	
28719	5	50	1589.65762041028	
10226	9	20	666.367448096335	
25521	8	7	269.870531200371	
17186	7	10	363.947845643362	
27465	8	46	1451.8470234479	
22060	1	36	1151.41917125854	
21524	4	27	880.278128460179	
9846	8	38	1210.70550028733	
21303	6	1	94.4774856113258	
26769	1	33	1080.30161784976	
8978	3	13	450.353535325431	
20522	5	31	997.156307342069	
23412	2	40	1288.5159962664	
17571	3	3	156.65986951285	
19645	5	10	367.452893241985	
21356	7	24	788.34453571045	
25479	1	10	373.445148343893	
18317	8	39	1235.53348755256	
21993	3	39	1236.39594318177	
28059	7	18	599.569898526915	
15085	7	28	915.958804430421	
10811	9	24	795.492055525767	
18092	6	39	1255.99034338071	
9840	4	10	366.539341158485	
29139	8	37	1195.04178914942	
15751	2	27	873.37899021496	
15828	2	39	1253.35124655317	
29706	3	46	1459.69739873879	
14047	2	22	746.700827082014	
12945	9	13	474.672526453935	
22756	1	1	105.7056720302	
19605	10	12	437.381501028958	
29712	8	24	780.826190403116	
19864	8	18	599.363946336957	
14501	10	50	1571.62291629781	
18661	2	10	372.781094747028	
27011	2	46	1448.72648109157	
11579	10	22	735.539984077001	
26406	7	39	1236.45747409969	
21167	6	1	104.093017961873	
26284	2	18	621.911990559619	
9219	5	38	1210.31233788017	
14503	9	32	1029.45586814985	
17927	2	38	1215.99965565652	
21029	6	21	717.548973484686	
20466	6	19	631.052228915995	
13905	4	3	153.489719924279	
27408	9	22	728.259153407188	
10764	5	47	1506.6179802579	
17386	1	13	469.233966092222	
10579	1	40	1276.46127391442	
14105	9	12	442.466835473881	
12299	2	31	1003.31925178101	
14410	6	41	1319.913138058	
17564	2	15	532.369697714397	
14316	3	27	874.165564884509	
10288	7	31	1010.37710471562	
8926	4	47	1503.33119004189	
16511	1	23	768.906056493943	
29842	6	20	658.468033232944	
26688	4	47	1498.06792470537	
23594	3	31	1020.58072972138	
28710	3	16	544.004673205318	
9782	3	38	1219.80495915739	
27560	1	33	1054.59594581956	
13046	8	1	92.9720342964735	
21306	9	8	296.330116938953	
20108	1	23	769.15204992944	
15736	7	4	185.036953215039	
21424	4	50	1594.67179849496	
25431	5	29	939.618054618881	
23360	10	39	1237.90516426689	
21420	6	50	1599.07601345287	
13851	8	38	1212.3029252199	
17876	3	50	1577.6579079673	
23543	10	41	1305.64646655025	
29902	2	43	1366.03618737591	
14671	4	2	119.990687724199	
9081	4	39	1248.9903676738	
21399	9	19	643.989560233424	
17013	7	24	799.889270290681	
23914	3	18	605.092093145983	
10909	8	49	1553.0794184809	
20757	5	10	357.466860989792	
17539	7	24	798.211252539517	
10593	2	39	1263.23883655632	
20627	8	32	1034.06224924794	
10963	4	33	1060.91305234512	
8542	4	3	146.99424862256	
12892	2	23	777.457351413303	
29443	1	30	962.403990031408	
13770	10	49	1545.39529104968	
28017	10	49	1566.63392758306	
13326	10	20	657.989440866741	
18365	7	5	206.025093256508	
13584	6	37	1201.33126083823	
23044	2	22	746.30766467485	
14647	1	44	1409.65090899246	
19996	9	6	241.403709836958	
24154	5	21	704.576939188213	
8145	7	12	414.722111977042	
26800	5	30	984.337669994839	
13620	2	18	623.222200192149	
21429	4	48	1511.94618176294	
25661	2	35	1129.61591147334	
21771	8	2	118.556109647526	
13229	4	12	443.390822021007	
19876	10	44	1391.01632656111	
14905	9	42	1342.2552300907	
24591	7	25	826.723231164144	
25289	10	34	1108.1293775086	
8512	8	30	970.386416991421	
16018	7	9	334.340822368088	
25214	4	5	204.916496260518	
27885	10	46	1458.57876294226	
12933	4	30	972.975831559382	
25505	5	33	1067.50131124049	
10500	7	7	266.537812215527	
18357	5	14	501.593706617874	
13887	2	44	1391.35710926324	
20442	3	20	658.909785048529	
16404	4	25	835.417064593834	
21317	1	21	702.15780130688	
16205	9	31	1007.57960180174	
9090	4	21	712.267808463549	
13033	2	31	994.222763569198	
25316	9	40	1271.27123668383	
26295	4	31	1021.08657258613	
10594	7	34	1086.27783196339	
14966	2	13	456.326647129062	
26961	9	19	639.338801875403	
23300	6	49	1556.38527838345	
19202	2	47	1478.58697788724	
16352	9	18	624.413428485586	
26313	1	8	309.267448256382	
18233	9	44	1415.55160029584	
17206	8	50	1581.86989295383	
29638	2	2	121.13323671796	
8013	1	25	827.850949516451	
11316	5	23	759.655142891991	
19732	6	27	899.848014535312	
19641	9	39	1243.04592268683	
27090	2	41	1318.65782225442	
14310	3	28	920.271017458416	
15442	3	40	1269.32797390471	
8520	9	50	1592.01757303999	
29139	8	40	1291.0544686816	
9498	3	45	1441.71743132254	
8819	2	24	799.410677924478	
28526	5	25	833.049261697125	
18572	2	5	213.829949597749	
25969	10	16	559.769852459324	
27380	3	30	988.057202374589	
16728	1	13	450.046600573718	
23131	7	2	125.667154139684	
26369	5	37	1179.30504738321	
18970	4	10	362.179868687959	
26286	6	38	1215.64259839041	
27044	4	27	879.678373299389	
14270	8	5	215.393147904143	
17264	2	13	447.284872963692	
27208	4	31	1022.30424943487	
9536	9	11	384.738494597719	
18149	8	30	965.928582961638	
12856	5	7	267.384429288741	
25014	10	36	1151.74409912515	
9535	9	34	1091.79943910418	
16196	5	41	1309.9273938825	
8990	3	47	1495.64904800414	
15922	7	2	123.027162646422	
13689	5	30	991.105938605548	
25655	3	32	1026.36807452253	
20745	6	32	1038.68686269908	
28247	10	42	1341.93856372588	
12020	3	17	571.509094727928	
24131	10	31	1015.8638623617	
20435	9	35	1116.75924233941	
19402	3	43	1381.88678384846	
20551	1	42	1338.25162789703	
18473	8	22	720.250235423562	
23636	7	41	1303.1682948876	
23397	2	45	1429.55380536129	
22662	1	8	301.675894661656	
16894	3	9	333.228570266268	
15564	10	8	322.496697531313	
9801	7	3	159.568949416079	
29100	7	19	648.32807600886	
17154	6	34	1108.54037731352	
18501	6	17	578.746274345902	
18697	9	22	729.962400873174	
25281	7	35	1133.37173160788	
15459	2	13	446.227294563422	
17570	9	26	841.454863418571	
27216	4	21	692.457801612307	
14676	10	11	392.3702699283	
11907	9	46	1477.54376510044	
20129	2	29	938.307428089114	
23068	9	12	432.729239292782	
11968	6	22	732.886588169675	
9020	4	4	197.58387477956	
25930	4	17	580.218133935806	
10120	5	50	1581.12707479909	
16560	9	49	1546.0683833184	
25495	1	23	756.383515278056	
13019	6	45	1441.94332309158	
8584	4	24	787.461875075224	
23932	1	35	1121.08298976025	
11388	1	39	1246.11863864871	
25602	9	47	1478.53750584579	
18390	3	21	709.803291777989	
10837	7	3	142.545805043795	
15013	6	17	580.293084839495	
26343	6	46	1477.39097049338	
23186	7	6	239.428137875827	
9686	5	15	512.224853016541	
25479	1	18	617.731067602398	
21490	6	24	800.628354773218	
29097	2	2	131.509924331452	
19181	5	22	723.431885430325	
8706	1	4	187.815479872662	
27061	10	17	583.416023116287	
16509	3	50	1583.25906179066	
12108	10	25	811.1811195366	
19823	7	26	845.686647130962	
12342	7	17	589.65543103854	
24398	8	18	624.878644042126	
28693	1	7	264.913211103954	
8642	8	12	426.229061086769	
24622	7	32	1029.56829379758	
22081	10	21	693.96532962749	
22396	4	3	157.556434272582	
11401	10	23	764.030003046631	
13137	8	22	729.000195678789	
10064	5	38	1220.66775311747	
16361	8	5	220.032101487756	
22440	10	41	1322.04122008851	
22759	5	47	1483.48542204289	
18286	10	36	1145.2923793836	
21490	6	14	491.28524717469	
11483	10	35	1135.03482245609	
14287	1	19	638.485959655831	
28909	10	31	1002.20943736015	
27648	7	38	1230.00287146773	
19734	9	46	1468.94298256791	
26015	2	20	667.416595829379	
8116	5	19	633.078646768387	
23062	2	17	568.836324070038	
13031	7	20	682.026725542744	
27067	8	6	260.232948595766	
9129	2	43	1374.6392023259	
25792	8	23	756.91541032722	
18459	4	27	886.797503757662	
17352	6	41	1309.29735386246	
11757	3	18	625.071108297012	
26147	5	38	1214.16785166327	
14184	2	18	596.959072145149	
22186	3	26	849.945955262494	
16529	9	24	780.381736187442	
13248	6	6	246.728084239516	
24897	4	27	897.064679049451	
28721	9	18	602.54866397127	
22076	2	23	774.853928673479	
28199	8	8	296.550344851124	
27215	10	26	864.572176218299	
18365	7	19	632.246857505407	
15210	8	30	978.515801997164	
18188	3	46	1451.29288916071	
26786	5	9	336.723217375913	
18540	10	1	99.3960363880713	
17712	4	24	790.183632928032	
14088	6	22	734.245645559507	
26045	8	39	1255.33597538962	
22502	2	39	1240.22467715676	
17894	4	37	1188.39706297424	
22641	2	36	1149.32952021683	
24259	7	37	1181.20658575613	
13133	3	12	433.256190322924	
10417	2	29	942.238136968686	
17189	3	6	258.270051301583	
15635	3	49	1556.57678427015	
13166	4	2	136.042319972088	
10062	5	37	1182.88648556121	
22259	7	6	245.996112491002	
12294	6	39	1254.92909147168	
15085	7	48	1537.04991930027	
13238	5	27	870.75893051492	
8758	4	33	1054.73264918417	
24576	2	4	183.929087381777	
25827	6	1	86.4999014541972	
24907	1	38	1223.07302934261	
28029	5	16	552.095264826014	
23041	4	24	783.103685855448	
26561	7	30	978.564295144083	
26057	1	37	1194.22056812524	
28182	2	18	612.486158484819	
22713	7	46	1463.63203098235	
11804	8	24	785.659092509029	
12803	4	13	445.430695249434	
22658	10	28	916.696125062507	
8082	8	40	1288.90079383221	
24250	10	24	781.785757607681	
29314	2	8	312.113106694125	
14597	3	20	662.630689154673	
29219	4	33	1070.04931566773	
21700	7	22	720.393556766395	
19742	4	34	1101.5794349376	
16435	2	39	1246.5728266009	
17729	9	4	200.900290888222	
20802	3	33	1075.74158808018	
10482	1	2	112.961265907139	
17136	5	6	243.702881822224	
23826	6	47	1507.70781829381	
14483	10	18	602.111684885859	
12437	10	7	290.151299969364	
8050	3	26	841.022359077363	
16818	4	31	1019.66217841006	
22530	4	18	608.857816182476	
15677	3	19	641.621253379444	
18829	4	28	927.522256918029	
28035	8	43	1361.48792699049	
13808	7	48	1523.78315281299	
15826	3	42	1347.36380177893	
19823	7	9	330.223315921716	
21405	7	14	476.323007045464	
9340	2	8	318.088368102018	
11315	3	49	1551.14195970406	
24880	7	10	356.771680245535	
13835	9	2	126.004109031523	
26326	9	19	655.910904489416	
23266	1	40	1285.69748923448	
14145	7	14	475.547493247105	
16000	7	50	1587.82549507349	
17650	2	1	105.54201190618	
16086	2	17	569.369257469368	
15599	3	26	854.791026662472	
23798	3	45	1423.92921327796	
14680	7	18	600.255796406537	
19554	6	23	775.946796823268	
16444	8	18	614.535534705285	
27106	9	15	515.470484362669	
17030	4	38	1224.18610391402	
29332	7	29	933.832358295951	
16095	2	21	708.187499301595	
19677	7	50	1573.53863554706	
10902	2	33	1059.37014752038	
18589	3	19	644.387446532206	
12479	5	6	260.992000969589	
16000	7	23	768.41299517472	
16457	7	12	433.198209047875	
21662	9	37	1192.82398007476	
17364	9	29	934.774214799876	
18819	5	5	224.037839129585	
22428	4	35	1117.9084383314	
22088	4	36	1155.20819807202	
17391	2	43	1365.11764101922	
23947	5	32	1034.42195582875	
29465	2	50	1581.88979077241	
11963	10	7	266.307682109209	
25930	4	25	831.960947565716	
20658	6	23	769.251597062336	
11720	3	25	824.807754692066	
10493	6	37	1200.56871756938	
11187	3	36	1144.98938639881	
23064	2	44	1390.0440988457	
16486	10	39	1237.41377266003	
17278	6	6	255.877386748734	
21137	9	47	1482.16580638763	
19194	3	2	112.742427416492	
26999	7	32	1035.36027330689	
23411	4	31	1017.0931457994	
29520	6	14	499.406382003523	
20813	4	45	1432.91101935921	
25599	6	1	107.085718674159	
15828	2	14	492.05177255536	
15225	8	5	217.301823076467	
8275	5	20	669.95079451704	
14676	10	22	719.176302477334	
24829	2	10	356.684680374658	
24224	6	31	1016.95285952508	
22428	4	40	1273.70092156981	
15158	9	43	1370.14995873447	
18259	2	37	1188.35868507082	
23848	1	40	1292.80589998365	
13650	9	33	1063.08692441466	
22963	10	12	430.923274434602	
16626	2	9	331.50965411752	
13574	10	16	549.917056742086	
18051	10	16	550.33381383416	
13282	9	24	804.251616450144	
26554	4	45	1420.36907083372	
21585	4	45	1442.03942250555	
18991	5	11	413.948114297329	
27594	9	49	1543.98584925755	
10398	1	45	1445.28393764295	
17283	3	40	1290.6627296706	
23973	3	1	103.617386344642	
15973	4	44	1388.84297189715	
21028	4	28	918.143400455892	
20442	3	12	416.124862887023	
25895	1	27	883.492760771649	
28527	2	23	762.221640144578	
20071	7	5	228.249573553097	
12381	9	42	1333.05272186783	
23330	6	31	1016.10506324847	
13898	6	23	773.417598071237	
23188	8	34	1101.86319544067	
18581	3	4	196.952120455425	
25291	10	21	705.856665776044	
21372	9	31	1017.90637499555	
8954	8	23	775.166846502184	
16869	3	11	395.245653351418	
9840	4	41	1305.20511039775	
28521	5	26	849.354822584128	
24977	8	36	1158.2600259959	
24985	9	31	999.101638327866	
18530	1	39	1236.44906962125	
23271	3	47	1507.76281758573	
13347	4	3	161.902461984149	
14638	7	32	1039.1208244111	
12685	5	30	985.904118542515	
22418	5	41	1305.96033000665	
17551	3	31	1011.83199255347	
11261	10	28	908.490810966348	
21753	8	38	1214.99120247317	
16505	4	37	1175.05372329385	
26554	4	3	165.458267706194	
9673	5	47	1488.92517010166	
23919	5	6	261.801781031211	
14105	9	24	801.389042884758	
28405	4	4	193.684436731825	
18215	7	27	881.107822619894	
29246	5	44	1401.03290202144	
15670	1	49	1540.55981748763	
23123	8	5	213.460098753432	
22666	8	17	591.479281425234	
21059	1	38	1221.90038518137	
9349	2	46	1455.30596320299	
11447	9	10	356.700836735173	
26420	2	10	369.66932634342	
26377	5	28	929.060078993933	
9367	3	5	214.557533662095	
23229	9	45	1444.06039096604	
15671	10	35	1132.42743883861	
29248	2	1	109.084769947959	
20057	7	34	1105.1234174823	
12749	4	5	216.834312107803	
12868	3	36	1164.5932917132	
29171	2	13	465.725823261647	
10184	6	15	526.182299315083	
26176	7	2	134.213660049352	
20120	8	4	195.854568758912	
10320	8	41	1306.940509913	
12626	9	47	1479.02257604479	
12204	2	32	1030.22074434451	
20363	2	37	1177.532430765	
12576	6	42	1350.38964759111	
23432	8	28	919.75876258675	
13266	6	4	198.061519394657	
20815	1	45	1441.05133995463	
9612	4	20	687.959330365043	
18091	9	38	1212.93802533901	
28113	1	48	1535.15033942421	
21137	9	47	1504.46762289129	
23582	3	28	904.221938263728	
18368	7	47	1494.05902388229	
8287	1	17	594.212751329976	
14982	8	43	1364.64529291012	
23119	7	21	715.894723830696	
25115	9	19	646.780744570671	
9502	6	43	1377.20125314649	
26565	4	43	1381.14310641826	
18337	9	38	1231.06198085056	
20232	6	44	1392.23313564073	
17904	4	4	190.060745417169	
27634	2	26	851.34658488042	
9933	5	46	1461.89993904061	
20262	7	47	1479.40455371486	
16695	10	27	879.406041018388	
22630	7	4	189.867784990868	
13683	4	32	1038.21941118604	
19823	7	18	600.864975992993	
17172	7	34	1103.19934684001	
26819	7	42	1335.61948171613	
12354	7	22	747.175382835407	
11804	8	50	1597.82986797291	
18476	6	36	1174.1673127069	
24996	8	48	1522.01032597665	
16496	3	17	590.339073143126	
29337	9	19	635.92766798843	
29686	5	26	841.089633834124	
26558	6	10	382.141622594624	
18778	1	42	1337.24444380833	
15475	9	15	515.649496780545	
22658	10	40	1281.70999597838	
18572	2	41	1316.12205365492	
9327	7	7	279.40719423788	
20364	7	49	1539.59276807475	
28609	6	8	308.205500574878	
28830	8	5	215.02574606567	
24306	5	17	590.910666152328	
21420	6	13	452.189019197686	
22873	5	15	528.698567882506	
20168	2	45	1418.94507869098	
25678	9	23	748.981046168591	
23847	9	9	353.070553631089	
23385	5	16	564.792587908354	
26530	5	48	1514.70737427227	
13304	8	43	1368.96183062762	
13944	4	6	258.874159464088	
11798	4	41	1315.63249172439	
18463	2	46	1470.98509387625	
23948	2	2	120.352721568361	
12258	7	1	88.1937344037898	
24925	3	14	482.831928768583	
11533	3	3	167.09435437205	
16413	4	4	189.738678499003	
17542	1	7	279.530857708087	
29366	5	25	837.29224005588	
16959	3	28	906.392070290815	
19743	2	11	399.891711175391	
16378	10	20	672.202425353323	
19241	9	26	854.30621976699	
23682	4	3	159.967055842265	
29897	9	44	1405.69111073655	
10081	10	33	1075.05963055187	
12468	3	2	123.898662609932	
28942	4	24	795.412484070013	
18774	10	4	190.523139662353	
18572	2	13	473.938691762247	
14321	6	19	651.93939064254	
27062	3	48	1522.30717096585	
29722	8	39	1251.19905313998	
14891	7	22	744.380294952719	
25570	8	37	1198.95711883854	
15922	7	20	666.030391988359	
20475	5	3	152.166408110487	
18592	1	40	1284.25426814903	
22326	2	20	666.638435547537	
19784	4	13	474.104829204318	
8050	3	34	1113.03728006456	
18028	2	39	1259.45993843463	
15377	1	6	233.048495349031	
23237	2	11	411.464913679038	
15402	4	28	920.295176264036	
18707	8	30	970.104539957877	
8438	10	9	341.788901026262	
24870	1	42	1329.05070940454	
10528	1	2	112.817568011963	
24136	4	37	1194.61564160633	
29186	4	38	1206.38337515592	
25931	7	50	1599.87633652979	
17604	2	24	782.300528018875	
17278	6	31	1001.81343028406	
9686	5	44	1415.13403489028	
17647	7	48	1518.708240799	
22767	3	37	1197.8827994307	
22207	1	13	448.73151204024	
13745	5	1	93.2539679544298	
23409	9	40	1273.92141561672	
24119	3	8	309.171891021157	
22088	4	43	1369.38010383834	
16714	5	44	1404.18423460991	
16412	3	30	975.023138865374	
11219	5	38	1206.93476882155	
12755	10	44	1393.32532075854	
19125	4	8	299.786040736263	
15977	8	30	975.972426615643	
16939	4	14	489.23661556525	
12522	1	44	1416.80153678022	
12848	9	1	94.9279462615624	
10690	9	14	505.484410349971	
21744	1	38	1212.89242216055	
14481	4	12	443.187410851562	
11798	4	44	1393.35479022626	
28216	6	22	740.431772740759	
19632	2	15	519.153930004292	
24576	2	15	522.841306087953	
11130	4	25	839.671879578229	
19304	1	15	515.586570778669	
14906	3	25	813.270729525607	
29815	7	11	394.847953205392	
28010	10	23	762.59491605805	
9247	4	17	595.907498056026	
16413	4	26	867.555316606329	
26176	7	19	652.063054112747	
24995	4	25	820.006642946977	
27875	5	9	329.385622855921	
25656	7	28	929.24626006244	
9022	6	40	1280.24887803954	
25597	2	33	1068.14759255766	
8105	6	41	1303.43489607025	
8145	7	40	1271.0003001946	
26864	3	31	992.717019930816	
10805	10	6	244.932938183161	
8275	5	42	1343.65717622622	
24086	4	46	1455.27570382472	
26838	5	26	858.025356483657	
18800	9	24	804.53014485749	
16813	2	35	1126.96985550549	
22068	9	23	750.318499221615	
25920	5	30	965.81647441062	
22686	9	28	919.814093839291	
20276	8	8	296.016031231739	
13350	10	37	1179.68769534476	
24623	10	24	780.898964805947	
