idEmpleado	idDepartamento	ventas	importe	
17137	9	16	548.552142972384	
19188	4	47	1507.25773561153	
28322	2	36	1154.2784068148	
8848	2	2	137.189427938866	
18003	4	50	1570.0953864167	
23261	2	40	1284.68441691468	
12610	2	31	1012.84833776432	
14689	9	35	1119.97790489345	
27108	7	12	437.73492371558	
22413	10	19	638.974238335609	
24644	7	19	653.478615588266	
23269	8	35	1114.67799789956	
15334	7	9	344.078129056878	
26321	4	5	203.985944112756	
19110	6	36	1162.11502662027	
27938	6	33	1073.35685802314	
12687	1	3	155.872974915371	
24537	8	41	1302.4809721962	
22755	2	32	1027.19054199159	
29722	8	38	1208.27225938825	
12527	10	29	944.043353676816	
13591	2	9	330.016207178131	
17666	9	35	1126.27514615947	
25339	5	6	233.308293108506	
17477	1	10	365.894234797868	
16267	2	47	1502.18823759918	
26534	3	9	350.495858579174	
15834	3	26	856.606502298548	
24355	10	30	985.052393947287	
8011	2	30	984.079488862343	
29818	10	18	602.107658890126	
25519	2	43	1368.00963450596	
18549	5	38	1229.19080377984	
9349	2	25	814.410359530901	
16482	2	22	738.528004781589	
29517	10	42	1331.93455463831	
13966	9	13	454.783009725987	
29052	1	35	1118.77853896412	
24363	6	5	227.13469761756	
16521	2	19	642.559113615453	
17847	3	46	1454.6655679935	
10061	3	26	860.683141490763	
13332	2	7	284.76785922645	
29693	9	41	1314.81669390333	
16187	10	30	984.254111472635	
18827	2	32	1035.66368955917	
25365	9	27	875.667015684613	
21880	4	43	1359.317465834	
26515	9	13	471.839983645752	
16664	4	24	799.237710870447	
24897	4	16	539.831126285638	
15477	4	36	1150.07096735298	
14321	6	25	814.101307733963	
9020	4	45	1447.26866223257	
12077	3	12	426.099501599604	
8093	5	8	298.535935794253	
10479	3	13	460.982589452054	
20858	3	31	1000.9701137063	
15609	4	43	1371.295193141	
14326	6	3	147.907148817511	
14091	2	31	1014.1885583355	
21523	7	6	236.241835465767	
15089	9	5	214.925510946161	
8918	2	33	1053.65543485324	
10730	3	2	116.866579445483	
24390	5	27	885.468981082304	
25638	6	47	1485.48719411971	
25214	4	35	1129.66776952598	
24196	1	33	1065.45793933117	
10819	8	45	1430.18047198196	
20156	9	21	698.573848297155	
19921	9	19	637.094435951251	
23229	9	36	1155.34627457864	
25281	7	13	464.631428376134	
9771	8	42	1353.60669139475	
28470	5	3	163.360212186054	
8828	5	2	125.248347951681	
10590	4	44	1411.45845225614	
17509	9	26	849.054181635871	
9504	5	28	930.230545238699	
16287	6	21	706.521221914571	
24990	1	17	591.178392745172	
10975	8	13	464.766518652796	
22099	10	7	265.814683076839	
12572	1	15	524.248362576705	
27924	7	32	1052.03669153714	
25853	7	19	633.908326771999	
18742	2	43	1381.92214154728	
16766	3	13	468.310857931297	
28844	3	15	519.992068987336	
10236	3	29	950.951965186257	
26977	3	33	1053.81289601969	
8827	1	42	1347.48334582312	
25563	7	3	159.227548800049	
12636	3	38	1228.37055527995	
24278	1	41	1298.42373252773	
24936	4	22	725.757630544602	
10854	3	25	831.112424373213	
29499	10	40	1277.95011445784	
25758	9	4	178.785130390332	
26062	9	36	1150.17649543946	
27791	2	42	1345.99924615864	
24136	4	10	373.859526502834	
19415	5	19	641.659511663792	
29706	3	4	180.663862573292	
16044	6	47	1502.73669033439	
16932	5	50	1594.72469277434	
29619	1	12	429.469879357829	
17544	1	4	173.661970837816	
24746	7	9	342.739289413551	
8299	10	6	253.287587842572	
18737	10	19	649.524137195909	
12343	1	5	231.915932070425	
22376	6	15	521.064647902299	
11058	4	32	1041.38592690294	
22381	1	14	503.010165590332	
19857	2	43	1371.47531681297	
21928	3	49	1549.11082786932	
28169	8	18	609.407072276532	
9609	8	20	664.829887908338	
9444	1	9	331.560654310305	
14894	3	4	183.565052572435	
17399	7	22	741.35691159468	
12563	7	18	625.465870343831	
13661	8	16	559.228506795703	
21932	2	39	1244.76095227746	
25011	2	27	889.611090128129	
27237	2	33	1076.11872577859	
26501	1	25	836.260873096185	
8287	1	2	135.18295886702	
26588	8	32	1037.60258164145	
14912	2	27	894.135923578467	
29807	1	5	213.508337798299	
27449	8	23	750.269051245539	
16714	5	43	1380.05404979924	
13679	2	29	960.521975755935	
20255	6	8	297.318866242337	
16285	5	45	1423.107006989	
23685	8	3	165.150820503547	
10644	6	18	621.511672242317	
21685	7	33	1057.3119987628	
28607	5	7	284.43844741417	
20023	6	40	1288.26017070946	
23396	8	5	205.571568517746	
12999	2	9	346.704481144764	
16810	9	10	381.427827990347	
8506	5	28	901.896963949267	
15651	4	28	906.418697920823	
14029	4	21	717.84162189711	
8224	2	24	805.360389689617	
28368	10	48	1526.94841571476	
29509	8	23	776.64680267528	
13620	2	8	301.705352096681	
29235	10	21	693.120226549506	
21865	9	45	1447.22447608003	
23707	9	32	1046.61144286702	
18571	1	20	684.642334563957	
18310	8	42	1348.393656159	
16398	10	3	162.43100486809	
8647	1	15	535.902910295829	
20384	6	21	693.125600206258	
14055	8	18	598.605966995752	
27917	1	37	1193.20900626164	
15624	6	2	118.479011970795	
12130	9	28	905.136707772099	
11508	8	29	959.151664264105	
9482	4	15	516.01579939761	
29094	4	33	1081.64688082489	
25638	6	22	741.010598103055	
9857	5	3	160.863951147005	
21520	2	7	285.691299347995	
13594	8	49	1548.36830982397	
19103	10	46	1463.96000736577	
8312	10	50	1587.89540003421	
25270	7	38	1207.51788914554	
29527	6	2	127.122206896135	
9683	8	14	495.304881862972	
20476	9	18	615.785343076934	
27705	1	10	358.761389199068	
28879	6	6	257.800678805355	
18121	9	12	422.863988328196	
21746	6	50	1583.19239220731	
18377	7	12	438.277103881481	
28661	6	2	110.900483406568	
23312	9	5	208.234543152263	
20863	3	9	340.955778966172	
18856	6	20	672.430571481786	
28023	1	35	1120.38811124879	
16735	4	28	903.044575165512	
28842	8	11	413.442606932224	
18090	1	10	355.879641191978	
25683	9	16	548.925210083334	
17315	5	42	1340.67600212091	
11340	6	38	1229.24791020772	
26431	10	48	1528.38607203606	
11184	4	16	538.706031767049	
10133	9	21	691.229441152527	
28404	10	39	1249.78115873867	
17453	8	27	900.434860745647	
8965	3	30	987.552816880659	
16175	3	46	1465.41202859274	
18362	7	45	1420.25008312438	
25892	10	6	245.408099817768	
27091	7	19	636.977670750105	
21965	10	18	599.669090341623	
23858	10	50	1578.58010589079	
20413	1	28	912.686795309506	
26974	2	8	313.809952062466	
14749	4	34	1085.60233740397	
15598	5	44	1400.10226918389	
9733	1	19	631.306561004047	
16942	4	3	148.856991487023	
22138	5	33	1069.63226695994	
13706	1	47	1504.63032606273	
14064	4	4	193.038921967633	
24355	10	21	709.933207998953	
8827	1	6	240.328863114272	
22409	7	36	1162.30852285508	
21984	9	48	1510.24446881853	
29250	4	19	644.180928805927	
16351	5	10	366.721092782319	
15613	1	31	995.627688148817	
27878	9	6	258.602305659373	
27417	4	11	407.567991170831	
12429	2	44	1404.98430995503	
11261	10	42	1336.76608926466	
26518	5	7	287.692307703054	
28428	3	8	314.712097158056	
26275	6	2	139.509327998156	
16941	3	23	748.811857378488	
17349	6	32	1035.89276574361	
21662	9	26	845.523723124305	
15707	9	41	1315.35048233129	
20340	6	30	971.208572318409	
8449	8	11	392.388650212618	
16196	5	18	602.613905203815	
9866	8	45	1417.78429238954	
19064	5	44	1401.29943313138	
14290	6	34	1111.23139306495	
8654	3	5	229.654437261473	
23682	4	32	1028.26898365667	
16744	4	12	438.62061941932	
13706	1	2	114.785773844824	
25357	7	34	1102.94230598162	
10355	9	43	1382.13604592818	
22207	1	7	287.022649704955	
16870	8	33	1079.2929431234	
19990	10	45	1436.04567605818	
27652	3	35	1116.20898824009	
18664	10	27	898.452864037106	
20727	8	10	378.377168652777	
23937	2	35	1128.92091829745	
25993	3	42	1339.53668992014	
12264	7	9	336.25393193972	
27254	3	21	700.83172409834	
12781	2	16	549.784340443921	
20691	5	39	1241.64777746501	
28719	5	45	1437.84010864694	
17085	2	25	831.993360795078	
24283	3	26	862.903001076962	
25483	1	43	1370.88779818774	
9591	3	20	677.97469815145	
23238	9	6	254.30062406431	
11058	4	12	416.790480025481	
10669	10	12	444.209503440284	
8319	4	43	1385.78283787974	
24880	7	12	433.506509155737	
17534	4	4	178.423694641527	
28384	6	37	1192.24167585012	
22100	3	37	1190.42501676382	
28207	10	27	892.148915609414	
18283	2	12	439.029429982896	
27652	3	2	131.07712979013	
15905	1	43	1360.59003155706	
26116	9	38	1215.91194514926	
12001	4	48	1528.100473363	
12512	5	29	960.841914303993	
25960	5	23	755.659999677753	
18083	4	18	625.431945242654	
14393	2	37	1197.96166025007	
14559	5	9	337.473146141261	
17681	1	13	451.646631644874	
19317	1	24	798.50310891797	
22987	9	26	841.05646396105	
15556	8	13	450.434688725711	
14802	5	47	1506.97184744616	
21817	10	34	1105.98703320417	
12955	1	33	1059.09655039157	
21204	2	9	350.376848220069	
24444	10	45	1442.6043097687	
8697	10	29	960.966127738806	
14454	8	50	1579.9441837426	
8317	5	19	649.306072336298	
26999	7	9	328.328391987983	
12640	3	13	458.766639073736	
22412	9	12	430.294285505216	
17927	2	7	264.31999535501	
23779	10	41	1297.99529381934	
21174	1	22	738.732802541336	
22599	6	50	1596.35320804843	
10090	4	46	1453.51614054922	
9846	8	30	980.869248481872	
15189	3	9	323.804000208063	
22642	8	48	1525.78397147627	
27649	6	1	86.303948427692	
8250	3	49	1539.34773866988	
8278	5	33	1077.84378850732	
13749	7	50	1578.94665836308	
27971	9	22	720.341986790459	
26805	6	23	772.73125073534	
13827	7	37	1188.94242613993	
15331	5	16	565.987777787255	
11757	3	27	892.408163404282	
23189	5	38	1234.03170054501	
27878	9	18	605.429854935701	
26365	3	31	999.241166542862	
16722	4	47	1479.47158923348	
24193	4	31	1013.24416010326	
19339	10	49	1566.35579129977	
29403	6	16	537.237655994127	
8982	9	10	359.795804675573	
10822	3	30	974.40995876417	
29134	3	45	1428.04684642146	
29484	10	42	1349.63736608142	
10218	8	8	309.458889025012	
26513	9	28	912.204731866813	
18578	9	44	1389.7233576466	
8822	4	44	1402.74873780215	
15217	9	30	981.823392483324	
21984	9	26	865.617659644046	
20372	1	42	1343.78047800799	
23673	2	39	1262.84662048465	
13808	7	1	96.9271971364167	
26612	6	19	629.078737194221	
17859	3	42	1344.44551970085	
23454	10	29	956.603897659389	
8545	5	5	207.842631436811	
28115	3	27	872.719137441702	
29125	9	25	834.752515533358	
19998	3	15	511.08695005583	
9171	8	15	509.128058938835	
19899	3	35	1127.04037484109	
21303	6	12	418.754563601108	
18540	10	37	1177.64559748473	
11219	5	9	333.66188362877	
21016	8	13	474.978349951551	
28129	4	23	767.536020338319	
12973	6	31	1015.27437179129	
20521	4	41	1322.89853705228	
20650	8	33	1059.52547253087	
10238	2	16	550.822696271736	
21595	6	26	851.07583525175	
28826	1	42	1331.63950251957	
17695	6	7	281.495146547209	
20774	5	41	1316.55740337286	
21482	5	16	559.106181785048	
24432	1	36	1152.82240206041	
22933	7	17	574.166634126644	
15520	6	41	1296.32508245126	
26075	9	23	774.099216560879	
21070	9	5	229.624381023284	
10272	1	40	1275.09505070518	
14165	3	20	677.123265879752	
14410	6	46	1454.72432714641	
14976	5	32	1028.95077272735	
13278	3	48	1526.09580565528	
18480	9	16	549.060580650838	
23923	3	9	343.329426210061	
11451	9	47	1489.58618084415	
28369	3	39	1248.82595727631	
21677	8	27	871.398535106051	
14476	7	20	686.752451791778	
19694	5	6	258.491644569902	
23914	3	35	1135.26884124394	
17657	5	1	108.109597055292	
13472	5	25	832.755429834479	
27898	8	19	635.655395163063	
28415	2	9	330.401248936728	
12480	10	34	1095.97548245265	
12412	9	45	1434.48053907346	
23102	1	5	224.668711528493	
10536	7	13	454.448985855304	
11576	3	3	159.850200749864	
9535	9	48	1522.29791995245	
26590	2	11	394.79496337231	
14030	5	17	572.704642756239	
11826	1	48	1531.20711796508	
16680	7	44	1415.43205058921	
9157	6	28	912.521333821361	
22928	8	26	865.339337915806	
13385	5	44	1403.78149559897	
15914	8	38	1233.67599731017	
23122	2	37	1176.39405499045	
20521	4	2	140.653298972479	
13487	7	10	361.462569032545	
16054	1	25	834.033008233659	
21569	3	15	529.917108961342	
13607	1	16	564.030236454695	
13706	1	5	228.694824757378	
16968	1	11	407.566077973492	
10135	2	48	1525.91776930071	
25061	8	14	504.206594128258	
21492	3	35	1125.68819094714	
13552	8	3	154.072579775971	
26332	5	7	268.126937424823	
10854	3	46	1464.07024447996	
12097	7	20	672.584190681849	
13442	9	7	276.370661275634	
22076	2	6	253.385549491917	
19467	9	16	563.801973538381	
19627	6	48	1523.45078662199	
19729	10	28	902.421153123687	
26486	5	33	1078.19115167399	
19341	1	46	1461.8445433778	
22584	10	19	629.430505032386	
24940	4	43	1375.17539516798	
9517	4	37	1195.24484995531	
17666	9	23	754.825345927302	
27288	5	35	1139.9293637741	
16677	5	16	536.246129971112	
26705	9	50	1594.8886876902	
17308	6	22	733.628530061631	
27635	8	32	1030.8080923887	
10514	7	21	704.246842928346	
11939	4	45	1445.04446167734	
22186	3	39	1237.72253779588	
17289	6	34	1110.35839680133	
19654	3	4	197.838345597423	
27997	7	26	853.806272211394	
16768	8	27	874.076588821633	
28611	2	10	382.838320873137	
16316	9	3	151.625158708368	
18163	5	4	181.70642417935	
14901	4	23	768.409404479158	
13432	6	47	1508.56276977275	
22110	10	41	1320.46211740024	
11721	1	28	928.760794908163	
14966	2	1	85.7776209738933	
24695	8	42	1334.17098252763	
27354	4	15	530.724718892353	
9984	8	47	1500.12045207439	
29616	4	42	1334.83645668944	
9879	4	39	1242.04650109729	
19848	5	12	428.71936028298	
13661	8	29	941.88855129382	
11950	5	17	581.360342475288	
9584	1	6	235.484845636173	
25020	9	41	1314.54951161265	
11519	3	34	1111.22279394009	
21878	7	17	586.287173864565	
12177	8	39	1238.78815827835	
12063	2	43	1375.09176303404	
25815	6	32	1024.10087268059	
20856	6	40	1292.44869478627	
18046	6	11	412.677390283289	
18402	10	27	872.289239239082	
28571	1	33	1073.39850173956	
25326	7	14	501.441348018796	
27059	2	8	309.028118098633	
8926	4	19	630.404399628939	
25638	6	12	433.711847678624	
26986	10	16	554.745845084426	
21255	3	32	1022.56438906424	
20083	10	30	979.308960670284	
26770	4	6	260.963652665244	
13636	4	46	1451.82562791362	
28756	3	24	800.714728944336	
25296	10	11	389.781747194837	
12673	5	49	1553.28177360505	
21059	1	28	908.96838763215	
28329	4	15	526.414600259817	
25133	9	37	1189.46722898142	
23349	8	31	1020.65436339968	
21690	1	21	689.20464488175	
12945	9	19	636.125677896722	
23120	10	9	340.052231000761	
28191	5	34	1091.58202896434	
14064	4	20	682.088732105721	
14772	3	43	1362.35829163453	
15680	2	29	943.684119202049	
10521	8	33	1082.23769215971	
16404	4	44	1395.80888518868	
19053	10	20	686.61555165733	
23825	7	9	347.519098346829	
25532	1	39	1235.28843054329	
11943	4	18	607.746557839097	
16129	3	22	727.524286027776	
13433	8	14	489.257729393084	
18310	8	12	435.732014195869	
17362	8	21	716.273530533665	
22634	9	9	327.063615660678	
21317	1	15	507.319446889367	
26686	4	43	1376.74950287526	
11783	1	24	783.766582898687	
19368	5	4	177.012871213729	
15465	9	32	1025.37460698996	
19304	1	11	392.272067625202	
29807	1	9	342.737540427008	
25639	9	6	247.755707617735	
12335	9	34	1090.0629233802	
29480	1	43	1380.64561353095	
10556	3	45	1445.70309844134	
19880	3	43	1361.2677380076	
22891	3	7	282.254406307942	
20696	3	2	139.872573604748	
16692	1	2	129.32092929693	
18944	7	12	434.437399634364	
28555	8	12	414.896227798842	
9948	5	22	736.323016889544	
9537	3	3	152.625159282528	
12668	10	43	1380.70721027474	
22151	5	13	471.309769633836	
25940	4	22	739.083056384271	
13862	3	30	965.343998896584	
11057	4	36	1148.16670746923	
22508	5	19	637.90296248994	
16900	6	46	1468.1302934271	
15511	5	23	755.04529071741	
14548	1	42	1344.020530127	
23142	9	39	1253.21709482615	
26778	7	24	804.301341885841	
16482	2	11	391.456999551252	
26779	10	49	1554.04973299897	
10581	9	28	917.008243071385	
11209	3	20	661.904771971472	
11926	2	1	99.0951533704508	
21859	5	44	1412.71772610616	
22823	5	8	316.887780500989	
9691	2	17	592.191773668021	
23967	10	38	1210.75107090676	
20326	6	49	1547.78016337556	
27456	3	25	828.844488537332	
9090	4	15	514.333024487986	
17497	2	9	352.295368254322	
20705	9	36	1163.0385056711	
28613	7	39	1236.53459371838	
9694	6	2	114.541147181085	
27153	9	14	484.361145349388	
14489	3	7	287.646524742081	
19876	10	37	1185.96750124636	
19471	4	6	253.309158204733	
12102	5	11	392.628058228934	
15759	8	42	1352.93471250354	
10945	8	10	363.10685491334	
29302	6	29	935.566320258922	
11519	3	46	1455.75384602684	
15031	2	43	1368.2363905051	
12704	8	14	491.405503978676	
27012	7	39	1235.59987542946	
29409	9	35	1139.10990872379	
18371	2	36	1157.24431356287	
29840	5	39	1237.22677690779	
11408	6	18	598.717010300009	
23108	10	17	594.538612791588	
12042	7	10	365.761581494362	
24105	10	33	1069.1886139797	
17655	4	47	1491.65336544237	
29249	3	15	524.259494936215	
13173	4	38	1220.34963433647	
14316	3	2	120.777420234297	
14721	9	8	316.603203190771	
20670	9	4	197.549619133374	
11222	6	45	1422.70445413082	
27119	6	35	1125.57194598279	
28802	5	5	204.84499590697	
18444	6	19	631.86272173741	
21178	6	49	1556.97674514585	
15611	7	13	466.787688129948	
26125	5	44	1402.30549322549	
29941	5	48	1511.63211375085	
25255	10	18	603.361815308855	
24426	6	33	1063.76914807771	
17806	7	16	547.398765975329	
17154	6	6	238.053028880643	
27251	4	33	1079.90793662141	
26493	10	14	491.673283656907	
18861	4	19	638.522287047711	
18313	6	40	1270.94287808563	
22633	7	50	1581.44192281246	
19642	7	24	806.15092594463	
28509	6	9	330.858762865355	
15475	9	31	1001.31222212748	
19629	10	20	681.28790507153	
8035	5	33	1053.08186494423	
8398	8	2	133.50675734389	
25937	7	11	390.553386467767	
22308	7	8	310.127478237323	
13221	6	48	1519.7944116964	
27059	2	50	1586.53378675996	
9959	8	4	173.849891691399	
16234	6	42	1344.88122827601	
18002	5	37	1190.28165224487	
20975	1	26	864.011511012917	
25993	3	6	246.869104507784	
16227	1	29	949.364298055584	
21173	8	2	135.759539071359	
10161	7	17	569.923604098113	
17432	8	8	307.362766520755	
9159	6	6	238.26185900637	
13880	1	10	383.703598521512	
15788	1	47	1498.77710088099	
24222	1	30	981.448702375148	
18256	1	21	689.10001075319	
15521	4	41	1323.96776167861	
14969	9	18	615.748093414934	
23053	5	4	173.47516548516	
27427	8	23	769.828010932462	
21090	2	12	440.663981419366	
16615	4	35	1114.63067617017	
22883	5	46	1474.08829783746	
17032	5	15	510.666326931988	
23956	8	8	300.71048735674	
10579	1	16	542.817572123752	
25620	2	14	494.198708391841	
21700	7	44	1389.91865736894	
10548	7	28	915.290981063289	
13968	2	35	1116.26171406184	
29815	7	13	449.622589186589	
28199	8	33	1072.0651886389	
23679	3	44	1414.2916094392	
26788	4	11	401.735243500087	
25971	3	2	117.182333449452	
26549	8	14	480.253901369988	
22005	10	41	1308.45560153409	
29487	4	6	246.750885474845	
11001	4	31	1013.08016306398	
9847	2	7	279.757637064791	
10579	1	10	380.529661467546	
18855	8	27	888.688730825059	
17988	9	32	1024.14839755006	
19165	4	48	1521.74967955879	
29330	10	11	411.159520526957	
24929	10	34	1112.68101907926	
22588	10	40	1277.73832429095	
23387	6	28	907.373825063637	
25745	9	29	949.410060490207	
27969	1	11	392.212211374292	
22789	1	29	957.320143392924	
21394	1	15	517.333771529297	
17172	7	49	1560.03159185873	
13520	6	38	1220.7253755353	
12719	7	46	1469.46349681796	
20097	4	14	485.163735526224	
23173	1	4	192.445488922505	
15305	3	39	1263.18356475941	
24920	3	35	1124.17074091927	
28521	5	22	727.464080121119	
13762	2	13	449.812802621076	
15745	9	13	456.950447138841	
18860	9	2	114.073316992295	
16211	8	18	619.497825009514	
22096	2	4	200.301014911524	
27443	9	25	835.297577881859	
29330	10	12	423.970249567167	
12933	4	50	1581.96835502142	
9840	4	46	1461.59476743154	
17933	1	17	581.19480100516	
13878	8	30	980.644409219103	
8510	2	36	1157.21687620376	
25769	7	37	1202.66793035095	
11826	1	47	1493.71752842037	
28860	4	13	469.298349464917	
9725	5	36	1151.97525059431	
26118	6	3	170.482278620117	
15093	4	49	1552.33861827866	
25597	2	4	179.506806405032	
9851	10	24	788.029468277483	
16968	1	26	865.079247832801	
16384	8	37	1186.8248833282	
14321	6	15	520.508596878736	
11175	9	18	603.078769688997	
20847	7	6	238.94157066892	
9744	6	48	1532.28881765729	
29481	5	34	1112.03359678017	
28909	10	7	273.566233903899	
25360	10	15	532.27174668213	
12626	9	38	1232.01859792323	
28613	7	10	367.808412447483	
15402	4	2	125.272036774676	
29220	8	22	722.580144555578	
15325	9	10	365.616082942866	
12216	6	45	1429.94483444371	
23455	9	48	1523.5792143287	
12955	1	26	854.615413832765	
21754	10	14	484.650572540541	
18306	9	44	1401.44866464727	
14793	10	37	1175.8619426451	
28207	10	23	768.71076951209	
21569	3	40	1295.76996926953	
27535	3	32	1045.7790576321	
16801	9	13	448.215259485047	
28304	5	31	1011.56780215519	
27149	2	44	1400.10326718916	
22371	3	28	914.665841178347	
26632	4	3	146.314063438361	
11033	7	25	831.427026070388	
26118	6	11	397.488246223651	
18610	9	11	394.681456906107	
28103	5	6	240.106870643844	
20093	7	36	1163.67675835438	
27485	4	12	416.141272641784	
8241	8	46	1462.38483228832	
19231	7	26	862.987919292873	
23869	5	48	1536.44185026011	
23120	10	34	1110.9945473033	
13911	5	13	460.556254340595	
26053	5	7	268.012197254231	
15964	9	41	1323.26398110169	
14597	3	5	230.404015663268	
22933	7	35	1129.6966083393	
28694	3	8	309.576169508312	
18822	8	8	293.386388557677	
10753	7	29	935.372372444427	
22372	7	15	514.636731648183	
11968	6	28	917.051847408084	
27875	5	3	143.772693976654	
16287	6	16	545.719135136213	
26280	6	10	377.359836761542	
24508	5	40	1285.83170607958	
9475	3	5	230.889953631391	
15587	9	18	603.644863759933	
11057	4	1	99.3186987653927	
16076	8	36	1169.30927856327	
10280	1	5	221.045825696106	
27121	9	3	152.293337393689	
12724	5	37	1191.51096753381	
29807	1	12	438.838303479756	
20144	3	21	697.622976478945	
15442	3	32	1045.71953334181	
17207	7	32	1042.13920783351	
17813	8	5	214.783500458479	
9757	9	28	917.337141017121	
27216	4	5	207.701541803638	
9024	3	16	561.595278420297	
13095	7	11	386.438871913794	
18526	1	14	503.231250654548	
9020	4	19	646.956915150842	
14494	1	50	1587.1373640686	
21516	4	42	1343.62086652947	
18819	5	1	104.094318199947	
18659	1	38	1213.43646739304	
9230	2	46	1452.59796154341	
14844	5	18	618.306753848822	
21817	10	6	246.073360930231	
19967	1	25	816.202888123786	
20203	1	6	234.82887092737	
22040	6	3	156.195429710762	
16269	6	30	965.466535540981	
9487	8	50	1597.61399377026	
9841	8	1	82.5413694617066	
19283	7	10	365.707890934175	
27594	9	1	100.128409462109	
28412	9	21	708.849750826531	
24225	10	1	89.2169170124535	
13496	3	19	640.031894594446	
27919	9	11	396.822573876391	
20144	3	10	373.075553725043	
25357	7	22	721.942093596767	
24131	10	46	1464.14851286642	
10483	6	48	1519.48357976949	
27216	4	1	101.717950860838	
21826	9	36	1170.38922077529	
15698	10	10	357.544447759886	
17996	2	24	788.264807829757	
15161	7	31	994.913107880816	
23950	1	31	992.239028491191	
18221	2	3	165.684846754039	
9024	3	13	453.77709402413	
24995	4	5	208.197859734389	
10493	6	14	493.820596753536	
13955	10	34	1096.81577882581	
18317	8	16	558.581771067615	
8250	3	19	633.738970232075	
9769	8	39	1261.73738787963	
28721	9	18	617.453486238352	
24109	3	23	751.046902216527	
11758	7	33	1081.01194491657	
15839	3	31	1003.23591763304	
17014	1	31	1004.84293757232	
8134	4	48	1517.46446646632	
15242	6	35	1115.31553782305	
14647	1	33	1073.37176793878	
29052	1	21	700.008982708682	
10288	7	32	1043.1781638801	
24805	3	23	756.431316899336	
13336	5	4	194.655090996369	
27217	4	7	288.48739019059	
21320	1	4	198.484624791185	
8902	8	48	1521.56338382585	
29510	10	50	1589.6162980374	
28410	4	5	210.155696929505	
22469	2	48	1525.01482155408	
15801	6	5	202.988851202181	
23152	6	45	1424.13728675998	
24617	7	1	82.3763673391083	
24630	6	2	123.047246617753	
23645	8	37	1175.05351378352	
17996	2	45	1430.04194601907	
18540	10	26	851.160253049415	
9516	1	45	1423.96385963259	
17996	2	3	149.144024173331	
14098	9	41	1302.41833568663	
10512	10	25	837.268675806592	
26866	8	37	1183.79339701673	
24280	1	17	585.725590635895	
23238	9	44	1407.12611986656	
25259	3	33	1066.38943923003	
21746	6	32	1047.1123629469	
23128	6	33	1071.7634307741	
21888	1	47	1488.98499237792	
28408	7	28	915.810628959821	
26331	7	30	969.839636092	
23695	8	41	1317.09915602445	
18748	6	49	1546.6840464001	
8011	2	14	484.168041946445	
9580	4	19	628.346182922063	
19044	5	16	550.380238066604	
26021	2	28	914.366283879786	
14219	5	2	111.83349093042	
11939	4	27	880.258016884447	
22752	1	24	783.751638300601	
19154	6	49	1567.20022196285	
21906	4	15	532.213710198278	
28941	6	5	218.581561696986	
26800	5	10	363.664899824031	
19038	6	36	1171.80095727174	
13326	10	12	435.592919865434	
24952	6	25	809.601683472098	
19842	8	39	1259.36102054052	
22644	1	17	574.406239620599	
13106	4	37	1175.99338843301	
25021	3	39	1250.96999889751	
20756	1	6	232.075664583629	
11783	1	37	1180.87907793973	
14958	3	46	1448.32044229299	
14597	3	44	1412.89720213641	
15511	5	8	316.103092132184	
21604	1	35	1116.21558569195	
10788	7	16	537.452573244205	
13645	4	29	949.305197032776	
22288	3	22	728.265651766334	
27375	9	26	841.375027243688	
18202	1	22	726.721194017083	
29060	5	2	112.578391447933	
10012	10	23	753.805669077582	
27493	7	26	840.316060837505	
15905	1	7	287.915665529629	
24464	2	6	256.304804802083	
11045	10	31	1019.96924481353	
14146	8	33	1054.03018441705	
15554	7	36	1172.66700855115	
29829	7	9	340.687229903735	
24805	3	44	1398.20845508865	
19816	6	50	1570.90223616497	
29607	9	22	720.212221331993	
14382	10	4	181.943802210476	
23053	5	26	850.204625488354	
8560	8	21	698.687114109605	
16285	5	27	900.128497192696	
19610	4	31	1013.92463336416	
18440	8	32	1051.53320000113	
9578	1	9	336.787755757937	
20723	4	44	1387.75134240638	
27583	2	17	577.357191153503	
19039	3	11	392.991603944912	
22486	4	39	1264.84063006232	
19166	3	25	817.763971508371	
12221	8	5	216.22007808472	
14017	5	4	178.36360410711	
18391	5	20	671.270839810032	
25825	1	11	392.243090789878	
14766	10	32	1034.16465237465	
15564	10	13	456.913710635581	
22985	2	23	762.528293897644	
8825	6	5	231.992365118113	
21186	10	49	1542.37661105691	
26589	1	28	920.479027945771	
8096	3	14	499.635318750346	
27638	9	33	1064.7758926194	
23377	5	35	1123.34883898653	
26912	2	30	963.885291742107	
19527	2	6	259.288115063351	
19827	9	44	1389.63243865857	
24524	4	7	285.330836123475	
13782	8	31	1001.73923106945	
14481	4	28	915.306158529272	
19070	8	46	1452.76154380886	
11578	5	6	261.173428418661	
18046	6	16	540.666856607733	
23848	1	42	1346.37664008251	
25259	3	19	642.692576648059	
26462	9	38	1217.41597802258	
20168	2	8	296.087088499259	
24764	5	35	1123.52793988005	
23411	4	47	1497.77199703165	
29001	4	13	471.477896008397	
27441	7	33	1053.62368483731	
19041	8	5	229.36400286358	
27141	8	41	1319.58678750302	
15714	7	34	1088.96503901527	
23534	10	1	102.552089329135	
25157	2	3	151.695587444909	
27672	7	3	157.941200694973	
15598	5	12	428.6984050035	
23863	7	22	741.787093627167	
17393	5	5	218.502356176499	
12734	3	47	1483.77351926815	
8067	9	21	715.680161191002	
11394	5	45	1418.90987104685	
22336	3	23	777.83561027508	
29388	3	26	861.464774264705	
16620	5	12	430.569306738008	
22161	6	38	1233.9112214902	
9204	8	43	1376.77965820617	
23827	8	2	130.039341622051	
17254	10	27	872.245084937776	
18661	2	16	547.155317099372	
24996	8	37	1182.42050628291	
9026	6	37	1175.61796008405	
16655	7	33	1077.68544541564	
12154	7	44	1412.07908625346	
21388	5	19	636.59054308971	
17647	7	40	1275.55322147699	
29611	2	12	431.986964024597	
9176	10	1	108.578263161973	
10141	10	23	774.827112767299	
10320	8	25	818.077563875391	
25052	10	29	933.385770755534	
12477	8	26	864.756296865994	
19999	5	43	1360.51446910972	
13722	6	17	568.752926219605	
23244	6	23	771.115025082191	
21216	4	24	780.048531247326	
17766	6	50	1575.81085360414	
12718	6	34	1100.79674965739	
24091	6	27	892.189704297199	
8011	2	4	181.346914368377	
21744	1	32	1040.93403365506	
17239	5	35	1143.54374249631	
24648	5	26	863.236874892952	
9304	9	32	1031.53263926112	
19954	7	25	817.081382617858	
29010	4	12	442.263557371806	
29313	7	43	1362.83124633265	
23084	3	16	564.911865817808	
18859	6	7	292.12326991005	
29244	9	50	1583.50475653238	
19954	7	15	519.307430293088	
24222	1	33	1073.488598258	
29438	6	21	705.526912093874	
26218	8	48	1524.32257890903	
9694	6	46	1471.2031785544	
12530	9	19	653.746042779529	
21538	1	8	321.901342087379	
27641	7	40	1276.88595276181	
14969	9	33	1065.96154623943	
15208	1	14	476.142365967921	
13803	3	41	1325.95423667038	
16495	4	11	400.120141841527	
13682	9	49	1566.95998085987	
25620	2	31	1000.42479230111	
26028	8	19	630.38774851262	
18183	8	46	1450.92386432501	
25929	5	2	138.39540193714	
28670	4	7	289.082684055475	
16247	5	3	170.349749182514	
25368	7	39	1250.52077549068	
23050	10	39	1258.10036788606	
15496	9	10	355.982908548779	
12055	5	25	837.849637324852	
19746	2	23	770.898170569399	
21317	1	34	1106.22128344431	
20262	7	2	118.876763786598	
14694	8	11	392.381085191099	
12423	7	2	126.152806154523	
27388	9	20	674.997703635598	
29510	10	7	274.326985717903	
17299	3	48	1512.72197514434	
24326	4	46	1467.07509820679	
9466	5	44	1416.45499325192	
9984	8	24	791.32235623492	
25293	3	10	378.770133582302	
20924	1	46	1459.89717249754	
26658	8	6	239.229384772121	
11715	4	45	1436.19189020069	
20805	5	21	697.549747665203	
9683	8	4	197.368982302662	
17366	10	16	538.147189159946	
16099	1	10	378.92490084233	
26120	9	2	114.835203417966	
27523	4	14	496.047338329278	
21874	3	13	455.392677698002	
25905	10	22	720.813891813538	
27267	5	37	1176.58376163644	
19607	1	46	1462.81208259184	
23405	8	14	481.144890748498	
10505	10	30	966.157518292851	
20908	9	10	383.868155434666	
13526	7	36	1153.74856227718	
24355	10	13	474.562116635294	
10593	2	19	641.602494419367	
15373	4	11	405.404388646318	
15636	4	6	243.324521744309	
13574	10	8	315.638960933145	
24374	8	48	1534.62874152448	
8707	2	14	498.101295464719	
8768	6	45	1432.3264147678	
18853	9	9	341.364957588429	
22714	1	7	275.748535932856	
27354	4	20	681.888249126211	
21204	2	27	871.634560521522	
9149	10	16	563.420390823586	
18316	2	46	1458.87913846359	
8561	8	17	583.665148589604	
11353	7	26	855.637624624948	
14541	4	21	701.654658718805	
11597	8	23	770.490576015082	
9139	8	40	1291.69447955289	
28814	8	8	302.203511736451	
8868	5	37	1191.53293639027	
27254	3	50	1572.98076687985	
24090	3	24	792.373586330737	
9328	4	29	959.175467043731	
8075	9	8	321.147705130814	
14192	5	12	421.802298995574	
24496	4	11	395.505492871397	
20489	4	13	465.407391630768	
28180	5	16	542.293002150158	
18001	6	15	529.569002599255	
29585	1	39	1245.00791540603	
22414	10	41	1308.84018534275	
16722	4	47	1490.45883028324	
23945	3	12	438.973412867157	
22531	10	33	1072.5129815715	
18215	7	26	854.852498832556	
21490	6	13	465.917967588603	
23122	2	5	215.445611837993	
19317	1	38	1224.25821156439	
22349	1	8	304.600643247646	
20148	5	31	1018.09059473597	
27909	2	26	865.223332897398	
25398	6	46	1456.00402471423	
27576	4	9	342.39865322709	
25868	7	41	1297.03665171612	
27973	6	26	843.200642896444	
19660	1	48	1532.62694750569	
26429	8	17	596.513539234415	
8105	6	5	217.148743223934	
11939	4	11	400.946137011492	
14384	1	26	841.15742387304	
23216	8	41	1310.65431473342	
19916	9	40	1274.46303873996	
8680	3	3	161.664643698216	
11225	7	49	1562.21562588691	
28453	6	14	501.581349755442	
21121	10	46	1449.22890808863	
25214	4	32	1046.22892160259	
22608	3	48	1522.1768166135	
15646	3	47	1493.83666193757	
23385	5	38	1219.12324865308	
28501	1	2	112.693903833951	
12020	3	30	970.033412617647	
22182	8	44	1411.79595498917	
11789	3	19	630.74062052683	
10297	9	30	973.048063783463	
10235	10	30	981.175730238285	
18433	9	5	204.446977956429	
26612	6	13	466.36615689209	
15228	10	42	1328.81264975705	
13683	4	13	469.719657036345	
9675	1	16	566.209046880812	
17166	9	36	1146.23236445069	
11479	10	33	1067.09383630524	
18942	9	27	884.11291700048	
19212	3	11	406.309603492874	
26497	1	4	196.976742165618	
19166	3	15	529.974933103647	
15709	6	39	1262.13881532761	
22014	9	33	1077.94706223437	
16641	7	14	489.175351489883	
12541	6	44	1398.99195363698	
10909	8	9	328.258648406835	
25290	2	5	221.346865138666	
12474	3	40	1288.41157872622	
26021	2	48	1534.35360067261	
15030	8	2	114.377146602784	
13970	5	44	1408.79418658502	
10637	8	14	476.757786980252	
19241	9	19	650.931631816054	
9381	5	31	1005.62359074393	
22252	10	31	1019.68904598602	
12593	6	8	293.268795224497	
21009	5	42	1330.42154962682	
15903	10	20	685.477394594568	
12458	9	30	985.396690902019	
18132	8	47	1495.18992027975	
9679	3	2	124.208069725059	
14452	3	41	1311.65803270026	
13730	3	11	403.988587932656	
20874	3	46	1462.02491265816	
28984	7	44	1408.17996954926	
16263	2	5	210.147382342325	
27704	10	14	488.336093466885	
11783	1	48	1531.22647997515	
16602	9	10	354.948376992228	
18067	8	6	244.421950282725	
16658	3	7	287.369202434723	
13106	4	27	877.551726697735	
15149	2	39	1235.90602239403	
22386	5	11	384.604607589824	
25825	1	31	999.253974984984	
19481	3	43	1384.09010627497	
19251	9	15	524.229754379126	
23399	4	34	1084.66131044769	
11505	6	45	1420.1312950161	
29279	10	43	1384.43525542712	
12324	5	25	828.686547478981	
15041	6	5	203.384376262959	
20665	2	21	696.387019854219	
10236	3	29	938.670917180679	
17574	8	36	1172.38154365326	
26589	1	42	1327.68919097618	
9042	2	44	1415.43452507604	
23666	3	11	403.189059013123	
29087	1	32	1050.03061105033	
24007	8	9	352.940251656315	
8250	3	44	1415.81081482387	
17444	5	13	461.616441710673	
17635	4	47	1498.71622609846	
19495	4	15	511.119683213122	
14860	2	3	152.768672440559	
19562	5	25	818.316900403386	
26576	4	29	938.150227394956	
8661	5	38	1215.92214957621	
19056	10	20	680.99538194062	
28207	10	40	1268.84457129466	
21526	3	45	1439.92255493995	
23201	2	7	290.12038516352	
23827	8	31	1013.46320173399	
20517	1	43	1369.93165038989	
27388	9	45	1427.00794416806	
26391	7	18	611.242459887286	
9296	5	26	840.851764586219	
12954	9	9	346.327024226229	
28022	9	1	86.3696157589413	
24750	4	39	1235.59893971104	
11829	9	43	1369.03904084537	
22407	9	9	325.760239179134	
22162	9	26	865.346099578471	
12792	10	37	1200.9614354749	
12530	9	22	746.503372800771	
29140	2	48	1520.8236934621	
27028	8	21	695.271012846041	
26953	1	33	1065.31767075198	
24397	6	10	369.643369004896	
29818	10	3	160.490778573086	
23616	5	11	394.712857266289	
22831	2	3	165.147034453762	
20954	8	16	561.195868924817	
18041	3	1	82.0081253359132	
23563	3	12	428.611135458858	
12527	10	45	1425.75276072405	
27052	10	30	978.835500599274	
9842	5	24	804.78633918091	
21327	2	8	311.835935149265	
15630	10	6	260.937074581597	
28100	8	15	525.939878880018	
19293	9	28	908.307604802916	
8339	9	14	483.665928507068	
8429	1	5	231.28672372144	
24752	1	49	1544.51270048717	
26087	3	18	618.566162315461	
13641	8	24	789.921174528972	
29034	7	28	926.455369464334	
23141	5	34	1111.66297301262	
24693	10	19	641.139083765978	
27195	6	17	566.837426389958	
11932	1	36	1149.10750084981	
11350	10	11	396.819443254182	
20691	5	44	1414.43167133929	
19964	10	17	583.901210810943	
17017	10	36	1170.05057564473	
19694	5	37	1196.2703421322	
26423	4	10	377.754790623558	
28171	1	43	1364.61631041235	
26393	2	5	231.944978978459	
22321	8	5	203.045887557345	
26860	3	46	1472.83255664298	
28023	1	28	926.278780571315	
12653	9	18	600.504603367534	
25564	3	29	954.131714028368	
19586	9	42	1354.77552048619	
25792	8	42	1328.9245162387	
10923	2	31	1011.45507639807	
16455	2	31	1021.32051493103	
29942	9	1	81.2551834440116	
28456	6	38	1232.40695928801	
18955	1	2	116.065425405309	
27329	2	2	114.491089076964	
11111	6	45	1425.43254117734	
11060	5	24	789.659060831023	
25019	3	16	540.731436042456	
23339	7	45	1442.09431067207	
10902	2	21	714.059375857031	
18368	7	39	1256.44873498774	
18676	3	5	207.93721048531	
29575	6	25	810.902518933128	
13940	10	43	1368.81564338171	
11373	4	49	1553.65469773936	
17004	4	42	1328.50428523892	
29510	10	37	1193.65335218313	
25012	1	26	845.605356416481	
14663	3	43	1368.32759119958	
23323	1	22	746.764197585529	
18357	5	34	1098.10691452497	
28350	4	26	858.560559814126	
27705	1	8	309.482418591847	
19363	2	20	681.080709975716	
24670	9	32	1040.17002876856	
23044	2	3	159.890956170806	
13808	7	2	137.891187024252	
20873	2	19	653.107322237039	
15821	5	50	1582.0288242316	
8094	8	47	1483.16132513953	
18866	1	27	877.155009693073	
9357	3	7	269.73718000098	
28555	8	27	889.641646076758	
29615	4	43	1378.4660981309	
10030	9	47	1505.13485453331	
19967	1	34	1110.40778956861	
16371	8	31	1008.73212447797	
13122	5	15	530.772000984648	
13887	2	35	1114.61641177284	
9534	5	17	571.386902076838	
11552	6	21	704.772610508265	
17166	9	2	123.169774768487	
29461	6	42	1327.95626497267	
10997	4	16	562.210966275172	
15289	4	22	721.306055635822	
9769	8	39	1236.67909992704	
8311	5	31	1021.04246004533	
16175	3	12	434.230244175638	
9841	8	48	1519.17785890362	
22008	7	37	1197.7744953324	
27971	9	31	1006.85125118441	
20432	4	4	188.526357611886	
20802	3	50	1586.44792928661	
26102	2	20	662.160318653174	
20223	5	48	1513.3481618731	
15514	1	6	242.759955116902	
20584	5	43	1371.77276485216	
21700	7	19	631.326249312296	
26187	9	20	675.89539663675	
9229	1	49	1554.60013290616	
20722	9	43	1367.54135415309	
17254	10	5	216.551738593984	
27007	6	16	558.702611810855	
28622	6	49	1558.93298553253	
10371	7	45	1436.90436616396	
26735	9	33	1066.71155498676	
21344	10	28	918.295564408552	
12821	2	32	1032.43642080223	
29752	10	46	1463.6807888484	
24222	1	15	523.246908170752	
25542	6	11	399.772160760952	
15641	7	22	742.88135119848	
12922	4	42	1330.98894464364	
22914	7	27	876.940689122742	
14288	9	2	121.991587077264	
19190	1	33	1054.93713975648	
22313	9	35	1130.60429484146	
12952	6	42	1347.27145231668	
15320	8	49	1559.77465433989	
22810	3	44	1403.49092884152	
9859	3	22	738.848496125475	
13701	7	41	1303.66094284861	
29868	7	22	733.929463333417	
22061	4	13	464.254328899204	
10824	6	16	556.310073955129	
15524	1	23	768.628652081186	
22911	9	7	283.289250714373	
13139	6	8	307.481327423584	
15745	9	46	1465.11793625779	
22307	8	42	1342.37489941641	
9899	8	42	1338.63502471644	
13940	10	13	457.40587516567	
19403	1	46	1454.8766043479	
13104	3	36	1160.01627886669	
17717	8	24	803.845547923746	
20340	6	17	568.220871914281	
25274	2	36	1164.46716295763	
8602	6	43	1369.02327944013	
13531	6	22	725.306600111214	
10933	10	39	1254.59450064907	
19614	1	11	398.38353551849	
23173	1	50	1588.6060392431	
9308	3	17	570.549455327238	
21328	4	33	1075.93095073287	
11992	9	27	878.002334571445	
21179	5	9	343.969899985925	
26756	10	13	457.537412968249	
20057	7	24	789.507240163864	
11189	7	18	620.16873157591	
27692	10	16	538.411022116621	
8234	9	21	712.155660275442	
26287	1	1	104.50131253549	
23228	2	20	671.551594972402	
18390	3	27	872.404467795232	
24426	6	27	895.751636780683	
17028	10	3	143.880411304478	
23422	6	33	1082.62227526057	
21702	10	4	174.448282911651	
21662	9	33	1082.6229115774	
25117	3	22	748.275714082772	
23228	2	26	863.422304272383	
14327	8	21	690.814236984967	
23211	9	36	1167.31848454444	
26380	5	4	201.305889431995	
22528	6	24	784.61188345431	
20343	2	49	1542.36628559528	
18311	6	27	888.004746850582	
11993	2	6	250.972665776952	
27810	8	3	153.095141198996	
28465	1	36	1153.77071516298	
16722	4	47	1490.46997679885	
14288	9	43	1361.58101540132	
16744	4	21	701.964852205461	
8198	7	11	385.180153690828	
15184	3	34	1085.10739332303	
19462	9	23	750.242456882374	
23243	10	25	813.111487521376	
15245	8	39	1257.99851260055	
16927	4	37	1186.25199432776	
15069	6	7	292.340173969204	
12063	2	11	391.091239112938	
25371	4	34	1093.78201055051	
29716	7	40	1287.31259584767	
27147	1	31	1006.70691414117	
20685	8	21	710.219239140963	
26534	3	41	1314.13371218095	
9934	9	43	1385.85428019327	
28735	3	20	662.472136552665	
17402	6	9	344.264642086003	
19491	8	22	739.965136619268	
24081	6	34	1085.59859665371	
17549	6	33	1070.01888004598	
25175	8	10	366.400367862731	
29650	2	50	1577.03088602844	
11715	4	13	471.172196376683	
13675	9	41	1307.56929853352	
14671	4	14	501.287554698665	
18137	7	13	449.243565895242	
16352	9	10	371.31906727856	
13764	10	29	935.636048976162	
22861	2	33	1055.96515313534	
18931	2	7	286.564747191297	
22360	7	21	716.412098964868	
8628	9	33	1066.39801641293	
21320	1	19	647.941045317771	
12715	1	29	950.574644874118	
26226	7	31	1002.53646033003	
19177	1	10	366.371441281574	
17890	6	44	1387.2970744722	
22295	3	5	225.509179898309	
15190	4	28	930.768923783102	
23071	9	45	1424.62376266002	
19691	2	17	588.196288583892	
28407	6	26	870.282737608199	
15146	1	12	437.184474969834	
27058	3	43	1369.64029372187	
26838	5	31	1003.50164113729	
16678	2	6	240.611570403265	
23042	7	34	1091.08665029103	
8196	7	33	1070.47817127336	
11864	9	6	236.512005402014	
28941	6	8	305.532610297917	
10838	2	47	1506.70802369095	
17154	6	31	1013.13000457973	
17758	5	3	148.172118509268	
27377	3	14	500.451096752869	
23347	2	33	1075.18064753859	
23984	5	22	724.933966177019	
19400	7	48	1514.00795731414	
10402	1	43	1377.53809478951	
24018	3	9	328.954902183709	
14768	1	12	443.867921626134	
12381	9	30	966.679445321988	
13872	7	9	330.615945351597	
24785	10	25	836.375020833861	
23071	9	4	184.52649192164	
21609	6	13	457.369911585641	
9241	6	8	300.914579434746	
29395	1	12	438.765868823401	
19317	1	43	1359.64459426685	
15554	7	11	391.597251850924	
22756	1	34	1099.48283891169	
10575	9	27	875.175062080461	
21746	6	4	198.755462187694	
11143	5	44	1409.19621283617	
25157	2	39	1260.9748339937	
11018	3	16	561.82259146209	
18605	2	34	1096.11763025453	
22692	5	38	1219.84641105861	
22928	8	21	701.53190265481	
19831	2	11	384.067657396229	
18368	7	9	340.6759842954	
16615	4	29	958.15691560421	
23073	1	28	900.840896005202	
19607	1	23	779.124043574149	
26703	5	25	830.432542837426	
14841	8	10	379.856723500349	
14585	4	41	1303.28209438514	
25783	1	31	998.225897903659	
13562	9	5	227.489948564903	
18466	8	46	1475.39399733552	
18491	9	10	357.602494153009	
19177	1	13	452.363483967429	
20106	2	1	89.7589796826984	
18664	10	47	1496.5542777146	
19715	7	17	566.901002156968	
12537	4	16	537.944317338031	
8035	5	9	337.580343232295	
16555	5	2	113.907716774339	
19573	7	9	332.657983048194	
17130	6	31	992.270382136232	
20516	10	24	782.587061702547	
23243	10	44	1401.84570157986	
14706	10	42	1331.44205602419	
23616	5	23	758.880919422433	
25826	7	22	737.029166490319	
23392	7	32	1030.35754821746	
8566	4	44	1387.95256150325	
14410	6	37	1203.93379174356	
21054	1	14	487.197284515573	
23078	6	48	1538.62850529078	
26501	1	50	1579.06301728406	
23733	9	34	1105.08755511841	
11328	8	27	892.476054659335	
15816	5	33	1073.47043739328	
27889	10	50	1588.27891788831	
10367	10	34	1085.71100602192	
25991	6	3	145.838549316786	
27267	5	36	1151.49190177745	
17602	3	1	85.9424779964343	
28465	1	44	1404.66976842129	
11352	9	23	754.0878172005	
24020	2	28	902.688681531087	
29958	8	7	291.275920258498	
28247	10	47	1484.25059693132	
21718	1	2	113.994757697915	
11942	5	22	727.119354944266	
15665	7	26	865.416082397763	
15459	2	8	302.201184473094	
9593	10	28	922.295210679199	
12610	2	24	803.030516655664	
9445	5	8	304.242248229795	
29689	2	33	1062.20991348019	
20841	4	30	967.188428010414	
29060	5	41	1309.26152051858	
15738	7	37	1201.48059569368	
19770	8	16	538.830282715536	
20326	6	38	1226.71485958002	
9691	2	5	221.959976582769	
15956	3	2	122.09487708383	
14971	3	44	1400.07499461997	
25661	2	17	591.904161997095	
22051	7	4	179.34830264158	
15877	9	17	591.028613388086	
27159	9	7	288.861443274124	
18783	7	47	1496.33098005146	
29881	1	26	852.514939034597	
18677	10	36	1159.88742930809	
20842	1	18	616.288542289421	
14143	1	47	1508.27535982629	
16783	7	33	1081.18999613504	
21420	6	13	472.105768021245	
8578	5	24	786.088441454847	
21216	4	1	107.965238777904	
17600	1	15	527.988214626903	
27895	2	8	318.182564935732	
10109	10	47	1479.89838017146	
19979	8	37	1190.56978132137	
8726	6	45	1447.19145909287	
27159	9	22	724.886161724518	
15285	6	1	89.9098115460527	
19642	7	6	244.941465819693	
12223	8	36	1165.75137703016	
17248	8	10	361.638581064361	
27242	8	40	1284.16676785991	
10644	6	41	1314.38625706098	
17285	7	18	596.853103803868	
12933	4	5	217.899127107998	
19334	10	37	1183.21453414076	
10795	8	46	1471.9898416996	
28284	6	35	1129.44863517277	
14532	6	46	1458.9961464419	
12726	10	48	1523.87857273402	
8715	3	34	1109.39702469362	
9857	5	7	285.867483376464	
24830	8	27	892.765606424196	
24658	4	19	654.73951455892	
18737	10	11	391.660068143001	
13189	6	1	82.4144769843735	
20283	6	50	1587.91961687986	
17903	5	26	861.479818663318	
10341	8	36	1167.23192563617	
28489	7	9	329.127540108342	
8222	4	11	393.925824646803	
14095	6	45	1441.10521454416	
15294	6	11	410.924748634419	
18919	3	35	1118.15380677495	
8088	4	32	1034.24467470229	
26021	2	15	519.200213383511	
16054	1	33	1071.07895558285	
27899	6	41	1321.58221552222	
15983	3	29	948.26050139417	
18632	7	43	1379.52340048716	
25648	4	34	1097.07381485825	
15964	9	2	112.185065537777	
18442	5	38	1235.13352880028	
9871	8	32	1026.15278496693	
27875	5	45	1417.70972157722	
11659	1	28	906.861845528177	
10947	8	17	574.475186213141	
16816	8	30	979.477876247595	
11158	4	21	714.615811926599	
25520	10	50	1576.67289516734	
25036	10	22	744.298700589826	
12601	7	13	458.826724653517	
29176	8	38	1222.19384969314	
26731	9	16	548.227195287229	
16680	7	40	1276.69141676123	
23559	9	45	1422.09775540144	
12600	7	39	1235.22260820271	
24431	5	39	1263.44305037681	
28810	9	36	1168.23831202846	
21569	3	37	1188.15530433699	
10918	3	46	1459.27184221301	
24293	3	46	1463.4063430612	
26724	4	15	522.67788590988	
16482	2	48	1515.81392571135	
13008	1	26	851.825552383357	
17402	6	15	520.533366520206	
27292	6	29	953.24201922549	
16476	4	7	276.232450286035	
28576	2	36	1162.60842910158	
18840	7	41	1298.69891372449	
14394	2	4	192.135578557912	
29005	9	5	230.407626177374	
27012	7	6	261.188133778604	
26010	5	3	159.472745954745	
27612	5	15	506.804757875765	
11654	7	33	1077.21195915584	
10567	5	19	650.733954576186	
12049	4	46	1466.61282145726	
25461	3	25	837.029792981702	
23972	5	34	1084.79822261482	
22941	4	34	1107.93929077123	
25726	9	21	688.441740632263	
10733	4	5	226.864006736718	
14091	2	37	1190.55903046884	
15538	8	37	1184.82883951852	
27818	9	48	1535.09909999329	
11756	5	8	298.911364851013	
27889	10	46	1462.69755334719	
11866	1	45	1441.46239001372	
17001	9	38	1212.14691930085	
13038	1	27	883.977605180804	
26275	6	44	1407.63590520603	
15871	9	6	233.343903493762	
27772	5	43	1360.10519705718	
17457	9	48	1520.25155827415	
9063	1	38	1233.66747179705	
29432	6	37	1189.5071796279	
27110	6	41	1319.31960308893	
29910	10	6	254.327232583578	
22530	4	30	977.176355057013	
15644	6	49	1553.61982630269	
28015	4	10	378.242735927106	
28725	8	44	1416.86944714602	
15638	9	31	1015.91689820211	
13347	4	46	1464.53731660942	
17158	4	17	593.891074412452	
20847	7	7	277.638590874913	
10285	2	35	1142.7211037384	
11368	6	2	121.422437411464	
12646	9	7	279.479457605388	
11512	3	26	851.363800825255	
26961	9	43	1368.60978674544	
11989	8	15	506.41325739511	
23327	2	3	163.440089413635	
16906	8	3	160.21601356576	
14960	2	26	850.830101580746	
12261	3	41	1316.54233632448	
27057	1	29	932.118855441045	
25856	7	11	410.985086192836	
23683	9	28	916.72645239007	
17137	9	8	301.622001669194	
29916	8	34	1090.5444658783	
22081	10	12	434.770060272315	
28762	10	49	1550.46150980073	
9553	10	14	494.721308543683	
12674	5	11	384.499673351878	
27620	1	50	1597.06372268361	
10791	7	14	501.082936721427	
18661	2	6	239.221187680597	
9622	6	27	873.137286078714	
21071	3	47	1487.70477952794	
24208	5	29	931.41435148726	
25724	9	40	1292.28558887368	
15819	3	46	1459.85343792469	
19320	2	35	1131.17839631214	
20093	7	25	809.696554844126	
23189	5	27	871.572293486247	
28809	1	25	810.947108534606	
17364	9	41	1326.02171385941	
17432	8	20	670.937765106064	
19876	10	42	1337.46050911837	
12601	7	23	756.190261112615	
21323	3	45	1421.27511593573	
11385	10	39	1241.98293240833	
20203	1	12	440.783118475593	
19629	10	35	1115.36781843536	
29248	2	30	981.222647810924	
27152	1	3	149.903814080126	
14168	8	40	1279.88918349142	
11273	1	23	749.421456693402	
19098	10	48	1517.12513547257	
11779	5	9	337.388324186852	
11514	8	30	988.334516896091	
9895	5	29	937.600780193508	
22103	3	23	755.554353387819	
28999	8	16	543.075360424386	
28781	7	49	1543.47267565479	
27997	7	46	1466.40793734529	
26243	2	18	601.19558965843	
27006	6	36	1160.03764325755	
16000	7	18	596.82735172884	
25575	10	43	1376.55565415349	
20039	7	30	983.499916057801	
20065	6	26	848.28515133275	
11542	3	11	391.774678077444	
15073	9	48	1519.949449338	
25789	6	3	156.324197871761	
10793	10	19	646.55981947042	
14180	9	19	632.261693101498	
28444	3	29	950.519458721634	
27791	2	50	1579.2578080945	
11383	10	17	585.595227789877	
12866	1	38	1206.09714158163	
11942	5	42	1340.04732108677	
27269	7	37	1179.2659432717	
9786	1	36	1145.43174055658	
26369	5	40	1269.26934994257	
28173	5	24	792.787127863982	
24796	10	37	1189.67839132514	
15714	7	30	979.353490108323	
28837	7	31	1003.27702554095	
9218	7	48	1527.15990860349	
14465	2	25	821.19375323001	
15351	3	34	1089.79973098719	
18002	5	29	956.012150606146	
17200	6	38	1230.31645534109	
11095	9	49	1543.07983459117	
20101	4	12	434.684808680175	
29213	8	24	784.299084536871	
27907	1	20	668.103035887751	
28145	9	26	866.223879189335	
13702	7	31	1005.16435614096	
8524	1	7	289.751518876176	
25892	10	6	245.984070601866	
23672	1	3	154.110413377225	
23868	7	49	1560.90485496489	
20950	8	43	1372.69034505481	
27443	9	19	652.989964602976	
29012	5	28	930.208254330889	
21470	6	15	520.833669137598	
8978	3	32	1039.0436205636	
16642	5	12	414.662828340504	
14549	10	35	1117.64212097863	
9695	3	11	409.369724769783	
28740	5	23	770.163648598904	
12477	8	31	1011.52990768269	
26854	1	22	731.29118260522	
9948	5	39	1248.28719580932	
9899	8	43	1358.33483692181	
14893	1	38	1210.12261283124	
21143	7	27	873.806010481811	
25801	1	25	830.685547790809	
18822	8	10	356.729546020147	
19754	5	38	1221.84209955011	
18307	3	6	236.760617716592	
11712	1	20	669.667443125354	
25564	3	19	635.361900923476	
21688	9	47	1493.70018507061	
18524	7	47	1492.2730007266	
15965	10	23	761.458222736352	
28400	4	50	1576.86961474683	
14842	6	41	1321.63938919159	
10155	8	46	1462.26073493355	
12365	7	49	1564.15865721375	
14383	3	3	164.295579532299	
24547	10	19	654.093451953537	
23491	10	10	375.843708913701	
21552	2	32	1040.11307097977	
11933	9	40	1265.93690770955	
13248	6	38	1218.36108830681	
10769	4	43	1372.74139550177	
18036	7	21	696.279385339599	
22800	8	46	1462.57887353309	
9319	4	23	748.84472218754	
11739	4	49	1540.30986954472	
19396	1	20	668.61419720045	
26168	3	14	489.517787624857	
8011	2	14	491.824028460227	
14421	8	11	399.636082388291	
25243	8	49	1544.48224292345	
26785	4	17	579.025272735872	
15980	8	10	374.79263878185	
11847	2	20	676.349971758365	
26069	10	36	1174.17647170563	
21729	1	44	1394.29702540594	
16722	4	2	115.538331398525	
12599	7	22	728.434810120815	
17372	7	20	667.90941932607	
25902	2	1	89.2234528852736	
14792	8	34	1084.44297025187	
10722	7	31	1005.54295404141	
10641	5	47	1478.99015998421	
13388	3	23	760.716963876373	
9757	9	6	248.750031594536	
11918	9	16	543.964054390771	
18405	1	41	1317.40423137201	
13127	4	16	552.402093406954	
8851	8	36	1153.48346376488	
26126	10	9	325.074145237484	
17963	7	4	196.070196645367	
13385	5	21	715.686198768991	
20516	10	40	1291.17811162545	
9766	5	50	1582.35028809977	
16267	2	5	219.973748614999	
29438	6	45	1437.38121732947	
21603	6	6	257.526625142212	
13113	5	30	968.106674257716	
26480	4	38	1207.88482383261	
18297	2	40	1281.53223000538	
29244	9	36	1168.14642051614	
21662	9	6	260.149655500497	
28292	6	5	223.53787246325	
15871	9	36	1174.06410268231	
22933	7	49	1547.79075780315	
19234	3	7	262.43295000048	
21320	1	40	1282.07697596498	
26652	2	22	725.289417433222	
10642	6	10	368.084263227919	
25000	1	6	249.861631807807	
9856	1	2	128.757248133774	
21090	2	48	1525.65864183272	
16934	7	41	1307.93428958763	
23397	2	32	1030.88961809449	
20120	8	6	261.493937457676	
11565	1	8	292.818134265401	
26480	4	47	1493.75123551756	
21095	7	48	1535.56242146323	
14960	2	40	1293.82884193856	
18318	10	7	284.880667796769	
27382	8	8	302.905638172713	
9865	3	4	196.212103793496	
9335	5	29	936.034323859976	
25914	6	6	246.749883222743	
16397	5	7	283.565885742924	
19555	2	28	908.796044154463	
9966	4	27	887.847161110419	
19734	9	11	392.442350682077	
18036	7	16	536.376223143365	
25725	2	42	1336.79525437616	
8664	5	38	1216.77040026373	
12354	7	22	747.43165714081	
16750	6	35	1120.54998628821	
9957	4	30	986.377189320688	
13518	2	15	521.077032369132	
14610	2	28	904.293314751374	
22378	2	26	862.00508157816	
19916	9	11	384.926057301893	
24432	1	25	812.926206073224	
14529	5	50	1586.31708159406	
17545	5	26	861.887078425794	
22687	3	20	672.11481393879	
13365	2	7	264.317830179035	
21635	5	30	983.621831957075	
12063	2	7	276.316897103711	
