idEmpleado	idDepartamento	ventas	importe	
19338	2	28	902.538539777761	
15494	4	3	170.522582461369	
24820	10	2	136.872123133797	
23461	6	34	1108.48718858719	
25517	3	44	1403.93941329976	
11522	1	17	592.901143074455	
16354	8	42	1331.39066936979	
26483	3	36	1162.53011187656	
26974	2	22	747.062204790796	
9957	4	45	1427.72524948592	
11592	1	41	1320.83525953853	
18425	4	28	916.615791300598	
12580	10	42	1340.56285663534	
23312	9	26	861.579953274494	
15008	6	26	864.489062197734	
15298	7	41	1316.08588268798	
15604	5	16	562.116568424793	
16242	6	50	1589.30279980847	
23555	3	2	115.206079871955	
15190	4	5	220.6966463014	
25830	6	4	200.646554772112	
11579	10	27	888.899319846602	
29993	5	43	1357.5598787505	
11520	5	24	807.076340842562	
18448	4	3	170.433517922849	
25971	3	45	1437.71880570693	
12552	5	9	334.925560734666	
14043	10	13	460.654833196036	
18632	7	7	278.990299123801	
25344	1	24	796.265745310237	
21120	9	30	973.884605250268	
27957	2	43	1364.49441787065	
19026	6	40	1267.7497864085	
8271	10	10	371.15802603362	
17814	5	44	1400.15042824678	
20572	9	11	384.17128431805	
27772	5	4	188.471855906989	
9434	3	7	267.952951839172	
26901	7	17	584.371861603284	
9132	1	7	289.466040529993	
24619	9	46	1451.8262982051	
20364	7	41	1313.72175046882	
9279	3	25	829.953301413894	
13430	2	8	319.245030022806	
28181	9	18	623.674422569421	
21984	9	48	1533.75612889126	
22502	2	47	1485.68181718033	
13503	6	46	1456.41441085209	
25971	3	41	1315.22791808249	
8395	7	4	190.247026994008	
11740	10	28	906.041306828168	
18358	7	17	577.147927851019	
21405	7	7	264.876091678103	
16790	3	25	827.51995929867	
13504	6	30	972.126749908611	
22064	9	1	93.6392199311588	
18403	2	11	412.96270371087	
25506	5	28	929.795782291235	
18771	5	31	1018.05367066434	
14326	6	49	1566.22060759283	
12876	7	9	337.97558233979	
13916	10	29	950.735836173751	
19858	2	30	963.539812752763	
21027	3	49	1550.79645948056	
14603	3	15	533.840644235648	
23123	8	49	1556.34084166789	
23785	9	39	1248.8660048921	
24116	9	32	1049.40483060172	
9537	3	33	1061.42952502772	
8473	7	16	560.317777879684	
27648	7	38	1207.61402678099	
13958	6	10	374.163616585621	
29548	9	34	1084.93093820518	
24884	7	45	1425.74003934196	
20517	1	10	368.870348096299	
20275	9	14	486.924804303294	
25187	6	2	138.946018432708	
9504	5	35	1118.31484872769	
29064	8	7	263.401918273141	
13487	7	6	236.677389031592	
28901	6	49	1552.0369885266	
21283	1	14	478.511149882577	
15475	9	22	745.426915113547	
23901	9	3	168.743272129792	
25604	6	47	1490.22443848207	
9840	4	14	476.736677399248	
24673	5	37	1179.61832619254	
18178	3	15	520.229827109831	
26806	8	31	999.03127612501	
22980	1	43	1386.51120831562	
18868	1	50	1571.20858060718	
15851	8	26	858.676073615754	
23073	1	26	849.899281174829	
21029	6	18	618.151254010457	
21692	9	49	1551.4904581902	
20517	1	17	581.090462031351	
9697	7	12	430.181937716055	
27206	5	27	879.156841933335	
15888	6	43	1385.40438578716	
14862	2	20	667.333580901536	
22651	9	10	364.890123999161	
13570	6	15	516.276986578608	
13137	8	13	474.984885824372	
27159	9	25	834.910140202805	
8483	2	17	582.633000213016	
17393	5	18	611.877690242546	
22642	8	34	1092.21698964584	
24433	5	12	439.136052336141	
10565	6	16	538.649611202371	
20142	5	16	565.201945605316	
27846	4	49	1554.69320149845	
29330	10	27	894.647854983177	
23672	1	22	746.393864018095	
25049	10	26	861.376281632751	
17348	10	1	94.1836190662271	
19596	1	46	1459.46443245721	
20252	4	7	285.308921060203	
27878	9	27	874.79654062297	
19154	6	2	140.572020998491	
11575	9	2	137.1039668364	
22395	8	13	456.722515475341	
9505	4	24	808.636177782266	
11432	4	2	130.373554476711	
18359	7	40	1274.9183167121	
25795	1	17	589.109197272504	
11721	1	12	428.937953165238	
9018	5	35	1124.26433541079	
9215	5	16	546.779684194727	
21054	1	46	1474.24958115176	
19400	7	44	1387.77988606495	
29867	3	2	136.74286658724	
13895	4	26	859.789176499373	
9801	7	42	1332.91046294054	
18655	6	37	1196.0683373716	
27943	4	46	1471.78726503243	
13388	3	35	1115.76000194799	
13793	6	1	83.5262640582054	
13584	6	48	1510.51677491074	
16016	2	37	1186.11027191678	
24839	7	29	958.346748239522	
24600	10	30	984.519687753413	
21690	1	25	820.482273856402	
16768	8	50	1581.58021590746	
11101	7	15	513.829330519693	
29484	10	45	1431.81800681717	
10918	3	23	756.560725624003	
18655	6	4	192.282209597659	
26808	4	50	1588.52299954208	
15819	3	18	603.96763494423	
18630	3	4	172.026025732991	
25055	7	10	375.781540971148	
13150	4	36	1155.38539709308	
9908	8	25	818.584820934844	
17248	8	42	1328.30041895076	
28145	9	7	290.611065426195	
9370	4	36	1156.2539462169	
19487	6	13	465.903432101898	
9534	5	24	800.066569112272	
20749	5	9	325.8009429303	
28284	6	6	233.695047047779	
16338	4	34	1087.61335483175	
29337	9	18	625.437305451109	
20153	3	16	564.886471184383	
10565	6	23	750.869725137423	
22251	8	15	508.459079018076	
24561	9	23	774.904024999078	
27922	1	36	1161.73739204264	
27242	8	36	1150.32552664649	
29866	2	30	989.589016600321	
12587	5	17	578.423617118236	
24619	9	46	1455.93816839901	
27472	7	10	374.79214614946	
24645	9	40	1288.68626870619	
15766	6	24	782.225272758969	
20751	7	23	752.584279082988	
10997	4	39	1236.24024161894	
21644	2	25	827.055961874805	
12791	2	38	1216.54422395702	
18362	7	45	1443.10030989493	
10020	9	45	1432.5484716485	
27311	6	8	316.655743567578	
15854	9	35	1135.74133586871	
18737	10	49	1542.8120492505	
12481	5	43	1382.22355541877	
29089	1	34	1091.9983450938	
27595	7	17	581.357469494155	
21906	4	2	121.204355564529	
13570	6	1	84.6100439897785	
13081	9	30	985.45727194541	
27490	2	11	395.533318815536	
25513	1	22	729.856569846094	
17258	4	27	883.459694945933	
12299	2	39	1264.71583198044	
12645	6	32	1032.415224869	
20561	8	46	1470.73339340777	
28938	2	12	439.082382302304	
8664	5	9	335.595802672019	
27164	6	28	910.710490770038	
28541	10	1	85.3702515016171	
24303	7	22	736.913981818088	
20669	4	37	1194.82333358136	
16404	4	19	641.956682951169	
13769	6	20	678.933982941757	
19870	4	1	105.544017825995	
17101	3	8	316.087857333984	
27189	8	1	80.9893948216873	
22088	4	46	1466.69912838689	
22584	10	2	116.359548175875	
25914	6	19	655.71613986777	
15156	5	19	654.370823807256	
27201	6	11	409.19798434209	
23940	1	26	849.35920814488	
16354	8	29	956.96625921734	
9022	6	14	493.252471281799	
9274	9	48	1517.0393034802	
29753	9	49	1551.87201896304	
11483	10	20	682.625256200612	
8339	9	24	782.662915765617	
13246	10	39	1258.87138004362	
25920	5	48	1527.10160952392	
17639	5	22	733.699669434549	
22873	5	36	1157.12734805286	
22064	9	6	244.86825470108	
25325	4	20	674.055697784785	
24860	1	46	1448.56704727214	
21320	1	19	652.478473453074	
26405	4	21	710.076314169018	
28228	1	9	336.271043837197	
12471	10	28	911.4918793512	
29138	2	11	393.501896780684	
12734	3	30	980.64443894692	
27052	10	48	1516.34547110477	
19388	8	38	1211.1739724554	
18518	3	24	786.186328076844	
16270	1	8	317.72513806714	
14219	5	40	1274.69906061641	
19089	5	16	536.807352926958	
24920	3	48	1517.2680314245	
17283	3	36	1146.13569808478	
26738	9	34	1091.00895027211	
28760	7	21	714.658341107265	
23798	3	1	84.8448073886544	
28527	2	32	1028.89390412201	
24458	7	11	411.086448138154	
10184	6	50	1586.33533447345	
28405	4	47	1480.49736170121	
19601	9	48	1526.49343572859	
27969	1	26	851.463360698644	
9665	3	35	1115.3759213888	
20345	9	48	1518.86137444473	
23540	1	42	1356.45712610169	
23102	1	36	1152.9328869064	
18880	5	39	1251.83911072642	
15653	7	3	158.268641977696	
14646	3	1	83.2143123835392	
13474	1	2	117.695985528499	
13919	4	14	477.088428250089	
29535	4	1	84.8782851569719	
18104	3	6	256.976970553853	
8993	8	39	1263.60938388091	
24001	8	30	970.91308065267	
29443	1	38	1210.42808454969	
24109	3	24	804.867668824674	
12813	7	9	342.214243087086	
19169	1	40	1273.72638486034	
12549	7	14	492.852513237322	
11185	7	39	1238.18523568948	
19954	7	6	250.779931140495	
27818	9	6	255.527333214659	
10771	9	8	322.340242863791	
12001	4	34	1095.06466603608	
24989	7	23	765.35722477611	
16522	2	39	1236.52721768083	
9809	6	6	247.862429771508	
27655	7	27	892.443268416656	
18316	2	22	728.854862045895	
9059	2	5	208.233443930854	
11930	2	45	1433.78180656293	
16572	9	20	687.720363311339	
29694	2	49	1568.06968557093	
23950	1	22	725.985037724481	
27059	2	46	1458.61295347037	
24646	1	25	820.895122448399	
27434	6	31	992.630504906471	
18306	9	19	637.044770678992	
8041	6	45	1427.71155204052	
29721	7	9	344.506360378352	
29950	6	35	1132.9053304777	
24426	6	24	782.972015693305	
14274	8	7	280.029152538641	
23871	3	27	877.610632366319	
28555	8	15	531.929067769986	
23456	6	42	1340.29106087065	
20105	7	47	1482.52631420387	
27651	3	4	200.095869619444	
14274	8	34	1104.23025655757	
26497	1	27	879.97713856398	
26287	1	23	766.679661034923	
20801	8	22	737.360063277818	
11548	9	36	1173.48282123612	
9445	5	8	322.312126011733	
24232	1	42	1355.7135045881	
9719	10	20	675.936027483985	
19746	2	27	873.035678525006	
22341	2	14	503.796708408648	
26573	5	20	671.099901325582	
19422	1	48	1516.40566922557	
28957	7	34	1083.97668095491	
12809	2	26	865.82537356104	
24990	1	29	954.359450337644	
25971	3	48	1509.46254159764	
13376	10	19	643.306621687164	
22433	1	31	997.157921845633	
9308	3	7	288.907284982925	
8116	5	18	617.62434615643	
9535	9	34	1112.3001271823	
19641	9	13	469.532962101294	
8198	7	44	1412.2371639182	
16936	5	41	1305.16947240809	
12644	7	45	1446.01483281982	
8974	5	5	228.34615285897	
13022	4	4	185.279905211776	
29521	10	33	1067.80791544719	
19363	2	50	1575.49818067602	
14725	9	32	1044.72961049747	
29615	4	19	643.135598266095	
10104	2	32	1025.06616390546	
20023	6	42	1354.00090347696	
15584	4	2	127.766560152064	
13531	6	44	1388.21301185908	
9994	4	46	1448.87772348191	
29720	5	32	1041.55378289593	
11740	10	23	776.421743285107	
8718	1	35	1114.23754207522	
19871	5	41	1325.7575595592	
28569	2	30	970.271533136383	
29585	1	26	862.676925986389	
25383	8	49	1547.85944392339	
17105	9	17	568.833796497823	
10929	5	49	1565.94486935341	
18112	4	48	1511.30588281495	
13501	6	26	860.529679423445	
18906	2	9	347.079956916664	
10773	2	45	1428.61256535566	
17927	2	10	370.566610940996	
25187	6	8	314.304010679156	
28280	7	35	1134.77114592435	
24193	4	35	1131.38377588772	
10767	8	29	944.901968047443	
22321	8	20	687.795742437148	
24732	1	21	714.697294456278	
8731	3	33	1067.73997464578	
8358	2	33	1061.51018862683	
19511	9	27	891.345230457999	
21278	5	32	1025.13666837715	
21097	8	5	217.032220799957	
28785	7	10	367.905589140908	
22371	3	21	700.437846807967	
24617	7	45	1428.30606802753	
8398	8	46	1460.66111014255	
15828	2	39	1246.03373742012	
9059	2	6	242.404765748607	
8994	4	32	1036.21012080284	
10309	4	33	1077.61236170196	
17493	4	34	1105.48172685573	
25941	6	16	547.908758701714	
24331	7	46	1466.88487840206	
26778	7	47	1482.92037977042	
10759	8	16	563.14972542373	
12929	1	39	1247.35281302005	
22776	5	9	329.623201195907	
16032	2	15	521.673518177901	
14628	1	28	923.403367420381	
28103	5	42	1339.22460305468	
8946	2	48	1534.70895000487	
10324	8	30	967.816473435525	
17692	6	45	1438.19994829511	
26025	4	39	1239.19535009153	
16285	5	40	1284.93156973502	
23950	1	25	810.425599818316	
9959	8	34	1108.36445234174	
25320	4	47	1493.68238801774	
27828	7	14	489.098935429519	
23084	3	32	1039.97081771492	
29225	6	23	753.515717402806	
13337	1	13	461.137748836138	
18467	4	50	1580.0435942691	
26731	9	47	1485.07651282711	
20705	9	3	169.100873698062	
25757	8	37	1188.72533875924	
24060	7	20	682.365943995475	
25410	9	6	242.239079178422	
19714	1	4	199.553375895858	
20545	10	21	708.172686355269	
21372	9	11	399.91113193329	
25036	10	42	1348.90111706634	
8132	4	45	1424.3195586206	
14890	3	26	869.467595214708	
26015	2	11	403.130838499931	
21481	4	45	1422.65785223928	
15115	5	13	447.419132277099	
28581	1	39	1251.85076615394	
28406	3	19	648.234050463994	
24217	8	41	1297.5491550274	
13391	4	12	438.172541241242	
19304	1	7	273.023776278376	
10781	6	5	224.336607225396	
8268	2	41	1322.28558557214	
18013	3	29	956.636280453129	
27959	3	2	137.320194941629	
24992	6	10	378.832272504844	
20868	10	22	728.710239049378	
16676	9	31	1015.50627707294	
17254	10	21	697.880468209219	
11932	1	12	432.296657800813	
14810	6	42	1352.35134940238	
11401	10	42	1353.30583031909	
18183	8	50	1596.23930308793	
13955	10	11	404.09664429915	
15766	6	22	724.343978019591	
16037	6	17	567.865164432612	
12700	6	50	1581.80836557495	
10444	7	44	1393.81950607236	
22005	10	30	974.424386664491	
14485	2	19	644.986869024572	
9534	5	3	167.384122017484	
18613	1	11	402.120142282043	
15743	9	8	295.230681065112	
8100	2	31	1019.31347112139	
12979	6	7	265.807832938529	
9069	5	35	1143.49691481492	
23371	4	19	648.732353080405	
25995	4	28	916.064511591599	
16936	5	46	1462.27371749574	
11616	5	12	443.006467541217	
20324	10	46	1456.5136861878	
19202	2	28	925.448337553743	
17287	3	24	791.549780402123	
16572	9	20	681.798276473674	
9437	4	16	560.49194112443	
9984	8	8	316.801141610742	
29962	4	9	337.758008696958	
9395	4	18	608.440232373979	
11798	4	2	111.780678756433	
21172	10	27	889.893066254395	
26884	5	49	1553.6557049461	
15905	1	25	826.732802105478	
17312	3	34	1101.67290768664	
24306	5	10	355.876028554456	
20745	6	19	647.559782530907	
12593	6	50	1595.59528674725	
27094	6	45	1428.08025553267	
10178	5	16	545.370950915558	
12343	1	40	1278.78686048034	
26958	6	29	934.79268780667	
25133	9	13	465.61076670215	
23718	5	46	1458.03126008158	
19548	9	40	1273.8096637995	
13474	1	22	732.562286002823	
12477	8	9	350.788419223758	
13859	6	46	1470.90363399633	
26725	2	48	1529.10592616028	
12223	8	10	382.972114450751	
12244	5	23	770.828447514599	
29169	1	17	593.823280126705	
15914	8	42	1330.09991942444	
18813	3	44	1412.64572745778	
9139	8	36	1153.2325595772	
14894	3	9	334.874000668001	
16783	7	17	575.782971613008	
12833	3	15	506.903011848639	
28749	7	19	641.756049916966	
19456	10	31	994.441026614253	
13986	7	45	1443.60470317472	
8116	5	14	487.542836408849	
20453	7	8	310.107155735654	
25014	10	33	1053.36813320097	
14694	8	43	1362.03882731592	
8654	3	3	164.531320410097	
21583	8	21	691.331164078475	
23227	2	29	940.651319912007	
10997	4	27	900.447234595403	
16772	8	49	1539.35465251066	
26451	8	13	451.753688590486	
16678	2	7	270.212546191277	
20981	10	41	1315.41665928225	
13496	3	4	183.361402164847	
13501	6	39	1237.27765111126	
13585	6	18	607.48102968907	
21878	7	50	1577.39570083907	
25600	5	50	1598.48242610622	
28059	7	39	1251.63867375424	
20470	2	2	138.9874943993	
14910	1	11	411.009857249916	
12707	7	21	689.588307128096	
15745	9	11	387.695215450458	
12999	2	49	1554.78589424621	
11351	8	45	1437.61178485938	
27555	2	35	1117.95739862973	
24092	7	36	1159.79314682996	
17916	1	5	221.009977488318	
15245	8	40	1273.50024252827	
13351	7	26	846.798907018639	
23899	1	43	1380.09305694145	
29753	9	5	220.656770682268	
11495	4	32	1033.83923683029	
14468	2	15	513.639228918422	
27168	6	21	701.766247740838	
22902	8	27	871.24402407149	
9994	4	21	704.685532071016	
12995	1	31	1012.24263350118	
16287	6	4	175.992432765659	
20170	7	37	1189.27834338941	
24920	3	2	121.231121924348	
21311	5	31	1010.13709931175	
20489	4	19	650.456399400931	
26031	3	50	1589.75127364963	
20219	8	48	1531.21842586026	
26912	2	17	580.615901323322	
14195	9	27	878.406620844457	
8664	5	38	1226.73851725959	
26328	3	6	255.36807634652	
19610	4	18	625.751529888134	
26632	4	10	357.478299828935	
12568	5	17	577.300545506785	
20468	10	26	855.264338094399	
13191	4	17	582.768555517666	
18314	4	20	663.431169364336	
29006	1	25	834.016396046624	
16976	4	4	179.847620958391	
9871	8	10	355.321261489448	
11408	6	38	1215.75634834159	
11376	4	9	324.081428686195	
28230	1	18	604.738173580141	
17600	1	16	550.321186590158	
23680	3	40	1267.15107738373	
21670	7	2	133.648327576764	
26878	4	6	239.261595569207	
15709	6	8	311.096917908218	
10730	3	25	836.373309360991	
20622	1	27	881.777430363827	
9882	2	33	1081.59515442401	
14646	3	13	446.033627039769	
23947	5	47	1502.79549761805	
23924	9	19	645.153067337886	
17068	9	47	1502.48999334056	
15942	4	3	142.360330364835	
19208	9	1	97.7563724749518	
12067	1	31	1000.87275793817	
22341	2	2	119.131907727165	
10795	8	11	397.943941800829	
22533	9	1	103.567468385942	
25739	5	29	936.995883536057	
24799	1	8	319.550777785271	
15158	9	48	1533.05462957036	
18364	5	49	1565.6419011418	
28188	7	22	727.748712640139	
16875	8	17	569.320607189704	
18336	5	27	882.792511434663	
11566	1	30	965.39243258787	
25322	3	15	531.07068131262	
24206	4	46	1450.20805955409	
15554	7	46	1467.74985169421	
29601	5	23	771.396403113099	
19386	2	12	429.364270581568	
12108	10	44	1396.48628515959	
28465	1	46	1451.91100407946	
18310	8	20	664.540169809265	
17564	2	36	1170.90993533419	
29323	2	42	1342.98602192802	
16521	2	18	596.808071824167	
28699	7	45	1430.48967808042	
17297	9	41	1300.12150795205	
21344	10	42	1344.24259196233	
21090	2	50	1596.62919048063	
26919	7	5	225.143362835582	
8332	5	44	1409.33444930675	
13729	5	22	722.95603227008	
15255	10	41	1312.32523249105	
25255	10	20	674.810552166221	
24896	7	24	792.904007729564	
13113	5	16	565.012183042714	
13835	9	39	1262.55841142617	
14205	4	24	794.884488319459	
22767	3	43	1381.90367915756	
27490	2	9	331.753793103506	
19944	1	10	358.760464805532	
18394	7	1	84.5306509009239	
15289	4	20	671.683544009777	
28160	7	17	584.679285448361	
22967	9	18	619.402364743595	
16120	1	36	1164.32772038706	
10061	3	29	956.469084134544	
28922	3	29	945.704485320348	
20819	6	11	385.302628048371	
20813	4	32	1031.56937080974	
26486	5	38	1213.8453027298	
24718	8	40	1274.63722392667	
28405	4	36	1153.43122703649	
27440	9	26	848.666782178295	
22809	6	2	130.5789892611	
15050	6	33	1077.82016055557	
8085	5	15	526.846437140762	
25458	3	39	1257.88673601015	
25259	3	35	1122.323835903	
23621	6	17	567.454263720407	
14335	3	11	403.445960433896	
28189	5	37	1192.75329157373	
27704	10	8	322.921587304641	
25845	9	44	1387.91126673478	
26124	1	6	236.307451835045	
11677	4	1	84.7926803700592	
28011	6	26	856.995374698655	
24174	5	7	287.981959268442	
15819	3	6	252.488424858306	
26493	10	49	1566.05849826991	
16858	9	7	267.649648127914	
15041	6	23	752.865363374755	
19100	5	30	989.492723955537	
18190	8	4	177.610477478062	
10826	10	35	1117.72582035406	
18890	4	45	1447.38035317854	
27764	10	50	1592.85662579949	
17879	10	20	666.230649885829	
20314	6	24	803.583657184422	
13661	8	32	1032.48035143711	
10532	5	16	554.020593945878	
12563	7	12	434.417022631698	
20722	9	32	1038.93996391396	
10224	2	19	645.059819670888	
25270	7	18	611.298060105787	
22965	4	5	214.697225380082	
21320	1	36	1169.52480523359	
25828	3	16	543.658450312753	
10708	6	18	624.231562905121	
12640	3	41	1315.08384717399	
9959	8	2	118.165745901952	
13652	8	1	84.6716754160224	
9912	10	40	1272.56065241646	
9847	2	27	894.449415437155	
22124	4	48	1528.30783266961	
10416	5	23	766.007173231806	
29794	4	43	1361.60906359628	
10494	4	27	883.772277274994	
27269	7	12	428.371833613316	
9594	10	18	614.609684373536	
24860	1	11	387.332345688405	
11328	8	22	748.487124866101	
28771	5	23	773.216060462043	
13489	3	12	419.244129778465	
13826	5	26	843.919722681828	
23948	2	16	540.97993935504	
17446	7	10	365.144499971133	
17065	2	33	1055.82074955842	
16900	6	42	1330.94096182424	
22911	9	7	283.198636082559	
11213	4	34	1084.96353475608	
26980	10	46	1460.61578725493	
21347	2	15	534.303078825727	
9433	3	3	169.843484465891	
16811	5	1	93.4336697745294	
15934	7	49	1569.0289378022	
23361	8	6	233.813327659766	
23385	5	40	1277.86176763375	
14539	4	26	856.613206628996	
11677	4	1	101.610226454963	
29350	7	15	515.267875136467	
21222	1	11	393.336924385902	
27705	1	39	1263.75039636332	
22381	1	16	537.404577684311	
22662	1	48	1527.89275236795	
22529	4	7	262.977972711892	
22360	7	33	1080.30471095829	
22666	8	4	175.043308518381	
17818	8	6	249.302644808452	
11933	9	12	431.718647122252	
23188	8	3	165.771289582258	
22106	5	24	789.084348524494	
20365	8	8	317.858816272513	
10090	4	7	268.973972810886	
20356	5	22	725.148005748702	
26893	10	44	1405.53346907978	
26991	4	39	1261.20096216965	
25575	10	21	699.695834135495	
25599	6	44	1401.14009698906	
23268	2	3	150.318120750747	
28425	6	46	1449.55272540895	
21889	9	4	193.704055675168	
10583	2	25	812.717488488517	
28079	5	12	421.032926822562	
14185	9	8	310.120312417913	
20354	5	6	257.549958647019	
8311	5	36	1150.3685965903	
26548	7	37	1182.71716795057	
17057	10	27	881.015745662626	
20936	6	49	1559.27889486741	
13640	3	18	612.19384557204	
9415	3	3	163.747295962529	
19935	2	1	107.159070645999	
19839	2	11	406.761607158352	
27661	3	4	179.341809237069	
9295	2	50	1593.9954213025	
17561	4	34	1084.73672850278	
8332	5	8	315.811482777731	
14906	3	14	491.351377410512	
21046	2	20	660.941749969936	
17308	6	33	1060.67522839675	
29039	2	7	270.101191452751	
15457	5	27	886.518104749973	
8694	9	30	979.222314701985	
28644	7	4	197.427346500301	
19654	3	10	375.879186231587	
14725	9	38	1222.75697098242	
11622	5	9	345.329106014841	
13535	8	32	1044.69547871719	
9249	1	7	287.900200694753	
29073	6	11	387.827975632543	
28286	1	35	1134.11749352427	
18091	9	46	1476.72167064469	
13139	6	24	786.295085878249	
12113	3	6	252.057501046014	
18783	7	11	401.563819461299	
12645	6	37	1180.61943589739	
21478	9	28	922.717469540759	
14663	3	8	307.284265266398	
24590	3	42	1350.34279372093	
23084	3	21	712.609376121596	
9018	5	47	1497.58754300773	
12515	5	27	894.027562855756	
24324	5	7	290.02374994104	
13385	5	45	1419.52480155021	
12431	8	1	82.0239936197288	
18788	8	23	761.925277878496	
15977	8	48	1511.09720911416	
21648	8	3	169.632163573817	
15286	10	22	731.1525844462	
21308	8	11	400.796740576996	
27388	9	32	1025.38947939192	
10166	8	7	288.344456724983	
26701	4	25	820.198347019124	
12396	9	21	689.642892354002	
14219	5	39	1259.4515339562	
13574	10	28	907.185950925195	
21490	6	45	1433.49517378653	
13082	4	8	303.605580322261	
21579	3	48	1534.24112618633	
18287	2	19	634.792987664599	
15313	3	27	885.039490575455	
28832	9	5	218.02168923338	
21342	2	20	673.115544967873	
20551	1	39	1251.45091923487	
29171	2	33	1078.07635204777	
18546	1	7	287.025625317835	
10444	7	28	920.86398476775	
20522	5	6	234.704106112339	
12601	7	43	1377.77798977577	
11313	8	14	493.375985405117	
21873	9	6	242.019258962022	
28661	6	1	88.5272175113332	
9766	5	22	741.008583689578	
8632	3	49	1548.33237384834	
25330	6	36	1163.08768538902	
29323	2	30	976.073628596996	
19812	5	20	676.494354808933	
29320	10	36	1159.69751315177	
19975	10	4	195.403352880573	
20954	8	38	1213.95390835309	
29370	10	41	1311.65976186826	
22096	2	6	255.696942441024	
23907	10	11	393.54289427099	
10216	7	47	1487.10346011776	
11621	9	30	962.438496240619	
21141	6	28	925.773036799288	
23896	2	22	736.52332362557	
17353	2	4	176.652193524247	
11920	7	17	592.605967089816	
17704	9	34	1094.3778685361	
17030	4	42	1347.12426211085	
21288	1	21	699.111889218498	
22646	2	10	373.043139080071	
27118	9	24	795.549806056335	
13501	6	45	1427.56988554614	
21873	9	43	1359.56585377435	
9229	1	8	300.912017887883	
22119	10	19	638.57283070617	
12713	9	12	421.448449502442	
28880	5	44	1394.99836830189	
13018	1	45	1441.06129311075	
29548	9	42	1356.39310300182	
29219	4	11	391.854173798046	
9844	7	8	317.776599041082	
19318	7	6	238.777481614974	
19536	2	31	1016.86226188059	
10942	1	36	1147.3358730354	
24693	10	27	871.865973170784	
12549	7	35	1126.55520696498	
26419	3	10	363.377905359202	
17408	7	8	310.691596116261	
8088	4	10	353.797660634759	
11595	3	4	188.202227441688	
27246	5	11	400.287217833236	
19954	7	28	923.133225796341	
18969	1	21	709.342548134431	
20607	4	45	1424.47879496239	
23084	3	24	786.012084850116	
26323	4	10	369.012422994251	
9517	4	6	232.303315248482	
27490	2	36	1150.50230169227	
21222	1	25	824.211791243503	
19212	3	39	1242.09813902252	
17453	8	10	363.400121239666	
15211	5	22	746.251723294264	
18224	9	35	1142.90736974352	
20778	3	41	1315.48407843126	
12423	7	49	1545.45877763324	
13701	7	4	200.762488302198	
10043	3	44	1403.52183161467	
11997	1	23	755.161610709113	
26875	6	2	117.921524102763	
25020	9	25	818.249063649331	
27008	6	11	400.404984578679	
19684	8	43	1372.89261524235	
27039	8	49	1555.26665886644	
9321	2	46	1463.84276864298	
29720	5	3	155.766295229907	
11033	7	42	1328.32597850278	
23271	3	49	1545.57623436003	
26254	7	43	1378.43716376388	
12995	1	46	1464.65735045479	
21583	8	19	650.096986559265	
23174	1	8	309.228061730614	
13095	7	26	863.686272419843	
12718	6	33	1073.32660147609	
26431	10	17	590.90966177681	
17432	8	50	1572.75592124684	
20727	8	46	1472.41658025999	
28103	5	24	798.227337411711	
17446	7	48	1535.08705881195	
16859	10	35	1114.89993303777	
26686	4	9	349.56040771192	
15658	1	7	269.145134253961	
19848	5	9	324.496066609629	
8085	5	21	696.849501867243	
12699	5	4	194.2949639793	
26712	6	1	108.45405255838	
18491	9	36	1171.52487574682	
28803	1	21	695.87011187145	
17325	10	41	1301.37818344933	
29239	3	37	1201.87709540216	
22642	8	23	751.103484868586	
21235	10	41	1323.03337535031	
18442	5	38	1208.21629465009	
29000	10	7	272.770072013498	
28424	3	35	1135.54859698543	
8827	1	44	1387.79724286301	
10204	1	19	627.39460259089	
24325	4	30	967.866566929904	
10951	1	26	845.499779491452	
28600	7	42	1348.71249973248	
22902	8	33	1057.68610634733	
14456	10	12	423.436188634222	
29021	5	13	453.866151484599	
26428	1	40	1285.84495123748	
8747	4	6	254.114804684238	
21212	8	31	1012.87007729191	
20453	7	34	1099.71384881982	
22686	9	40	1272.92512181817	
22038	3	19	631.997707966714	
20863	3	42	1342.72815718443	
23947	5	3	153.04219737325	
8051	4	31	1002.53515089049	
26463	3	46	1468.43477280272	
8570	6	39	1240.26167767135	
11552	6	43	1368.36111639084	
15887	6	19	629.10392939537	
29721	7	3	155.90891796905	
28035	8	23	756.043113375103	
20438	3	45	1440.97169488714	
20153	3	45	1435.3887160846	
17198	7	17	584.241419483089	
20287	9	21	712.455866631333	
13585	6	9	324.198050910699	
18365	7	6	256.560068361722	
18332	5	24	793.5538655862	
25660	4	28	927.063611208956	
14470	8	21	701.011767080525	
13139	6	20	670.916200406345	
9241	6	48	1537.77800449067	
16457	7	24	803.1124189138	
15488	2	32	1025.36131865595	
24749	3	17	584.55001333009	
17198	7	49	1552.72755792026	
26588	8	7	266.374559079471	
27092	8	2	137.213826690434	
17306	3	48	1526.1242190777	
25291	10	44	1415.27898276936	
20201	6	19	638.651115372149	
14202	6	15	522.734697183005	
17363	2	24	781.424886687391	
9279	3	18	608.740203738557	
23229	9	47	1498.59975392865	
9424	1	3	143.872403904736	
26884	5	49	1558.6500262649	
11978	6	35	1128.83489802891	
25183	5	42	1348.5683339781	
22508	5	46	1454.59860254759	
18059	10	49	1567.95461697874	
16711	8	14	504.408955622655	
27907	1	17	586.444667590058	
13950	9	41	1311.88832489396	
21016	8	46	1471.35148921579	
21317	1	35	1126.89487204277	
14294	8	31	1010.11106340685	
20625	7	26	844.471080249395	
11651	9	12	425.230239716	
12348	1	4	179.238137723523	
21662	9	7	277.306083122877	
16283	10	17	572.29108565128	
12772	10	28	927.051193475281	
17446	7	11	391.858310211384	
24279	5	15	508.797648413478	
9890	1	42	1335.1471173275	
18819	5	45	1428.88528905291	
21666	8	11	397.36683852848	
29337	9	36	1168.49218404316	
23434	5	32	1049.80759297023	
22361	7	40	1282.06021372325	
9404	10	37	1183.04785098091	
13749	7	45	1442.23689731315	
18540	10	25	813.824946626008	
26729	1	35	1117.2578025969	
22513	4	8	313.308416192098	
16016	2	22	739.546808199746	
29650	2	28	906.648512346041	
21456	5	20	685.641665554439	
28716	3	19	648.583462726597	
11422	7	10	365.548024645796	
17297	9	22	727.72517033281	
9649	1	32	1044.9855316081	
20106	2	33	1072.46500866137	
19871	5	22	733.057150101781	
9126	2	6	246.50724478369	
20291	9	32	1031.33333690061	
13650	9	34	1091.22409401984	
18829	4	36	1154.00982944016	
28210	4	33	1057.65514128732	
21523	7	18	622.616494513404	
24649	4	31	1021.90347883008	
29571	7	41	1311.98358697443	
27430	3	45	1426.88608135417	
12724	5	38	1217.97289964649	
26972	10	3	146.360029720869	
8642	8	37	1195.68350370772	
15293	6	13	469.566576476007	
15065	3	4	179.942555325079	
12933	4	6	243.452636601148	
19596	1	8	314.987114851823	
18381	9	39	1241.28318773642	
24030	10	49	1560.34271398575	
29950	6	10	378.760741007869	
27121	9	6	252.538388824341	
22502	2	13	464.906765997832	
16361	8	20	662.172058309508	
28216	6	43	1372.61972096405	
9803	9	7	274.630522297058	
25215	5	39	1238.04307302369	
11276	4	13	467.348063843021	
8530	10	4	183.462551060814	
11993	2	6	238.829414694956	
21828	1	43	1376.6467769894	
19742	4	44	1413.69011307773	
22070	2	36	1149.58091279007	
11659	1	35	1127.30555404318	
14680	7	46	1454.58618481391	
14845	1	39	1258.8011601096	
11355	7	9	342.290403629788	
8311	5	10	383.813780426892	
17634	3	12	417.661195033072	
25656	7	26	843.357009088321	
12673	5	4	190.837042755837	
19251	9	15	507.191098456826	
16238	9	9	340.156734893171	
10850	6	46	1471.06426400648	
18564	2	1	95.3508159589725	
17911	8	37	1195.85204697952	
11679	2	32	1050.89777287603	
14421	8	21	717.624912484374	
16812	1	9	349.980231723739	
21179	5	24	806.705957020962	
26266	6	15	522.18902895329	
26076	8	11	413.596347874774	
23269	8	22	724.264836909373	
8661	5	23	767.382456347059	
14081	6	22	746.224790600233	
13906	5	27	899.926619837026	
20778	3	9	348.150384103949	
16939	4	37	1184.33518647418	
12807	9	39	1258.71361593656	
28777	1	27	896.593571722784	
20850	7	48	1515.96675641647	
14884	10	20	670.307077444302	
24630	6	15	519.15394345259	
11090	1	26	863.07406413512	
11203	2	48	1535.33680998503	
19145	5	1	93.1959682764467	
22381	1	3	148.39198685642	
29073	6	18	619.054475677691	
20262	7	42	1341.09731889381	
18358	7	25	810.765416366405	
24972	2	45	1437.65215169529	
25541	3	46	1459.63885617426	
24615	10	47	1497.32591981875	
17568	2	14	477.926178648102	
28758	1	46	1449.50567122991	
23269	8	46	1471.56964255104	
8925	1	48	1512.38165393117	
25198	3	17	593.842501991355	
26907	9	19	646.821242350536	
23907	10	6	256.767673984527	
11572	7	25	823.732749421025	
19098	10	18	600.418160539315	
10348	10	4	197.367832119282	
11893	3	30	976.756594039852	
24089	8	41	1316.64038574167	
16313	3	32	1043.05042911463	
23645	8	23	769.425276168354	
21179	5	13	462.198456443007	
21467	7	13	461.080763442945	
14104	9	19	634.659564976888	
25000	1	30	990.650776005653	
13822	5	23	757.955217155607	
10929	5	22	725.100164490333	
20110	4	35	1121.06762331029	
9710	10	28	927.390252671852	
11355	7	35	1120.52996531154	
8922	6	50	1588.03715500424	
10984	7	33	1077.08267075805	
20154	10	48	1535.72745402145	
12980	7	1	82.1548476825258	
8141	5	35	1127.4600601231	
16268	6	15	511.843297198342	
17447	2	30	976.527593590565	
26573	5	35	1139.21481535733	
13123	10	30	969.053805325671	
25639	9	20	662.550172779034	
24321	7	15	516.270428056023	
25542	6	9	326.338658261271	
12221	8	28	917.876785117144	
13287	8	27	874.65514804919	
23723	6	30	987.544965905857	
21299	6	42	1354.30788211259	
9107	3	18	617.513944123645	
28216	6	33	1081.94594195203	
27005	2	3	152.860822301759	
25726	9	31	995.548595877154	
17581	10	16	552.939245325019	
11794	8	35	1142.39734941274	
11926	2	36	1146.43367839345	
11864	9	17	572.286380870401	
26596	7	28	923.770692108092	
14639	9	40	1286.19353041341	
14429	4	6	237.973712234746	
23988	8	24	786.437753916922	
14012	7	45	1420.11464036075	
26960	7	23	759.696934539684	
21095	7	25	814.538691683923	
16205	9	13	456.258296508462	
27469	2	36	1150.53592597625	
21178	6	11	408.975705918379	
15209	7	47	1483.53248754681	
25000	1	15	515.298983173118	
23422	6	20	658.115047969909	
19542	9	19	644.66639466801	
16620	5	22	729.307613861425	
20740	3	11	391.889452222683	
27215	10	38	1223.89056694875	
17638	5	20	658.153016761948	
10590	4	1	87.7027887141811	
28584	1	22	734.090212962632	
24306	5	18	606.780001058606	
27208	4	15	523.086617907084	
24423	1	36	1144.32167132586	
9871	8	37	1186.42561539375	
9160	6	39	1247.11459907103	
28992	3	39	1236.34289389306	
8228	4	5	220.441273031962	
21954	10	39	1243.1542225383	
14556	2	32	1048.20680100853	
14567	6	48	1531.8416567947	
22516	9	19	647.590719986516	
15775	9	15	525.639805591497	
18439	2	48	1530.6489923646	
26862	3	32	1043.44107315104	
26738	9	23	758.384155574434	
16952	9	45	1441.26652970969	
24830	8	10	353.869584963596	
25034	10	7	270.089839673643	
13588	1	41	1319.10017499658	
25830	6	7	289.356870785987	
23909	7	46	1448.01148109511	
19048	4	2	140.012131547561	
15905	1	23	775.80273228502	
15609	4	17	588.901079198765	
11417	5	30	991.122660502383	
18463	2	16	552.245982732738	
26729	1	23	776.192834142685	
20931	9	50	1572.84754945564	
10824	6	12	432.638328090607	
12759	8	43	1360.97137007908	
27323	8	43	1371.6580289284	
22730	6	47	1494.78622856307	
19083	5	35	1134.69456069856	
29884	4	14	492.343465430822	
12718	6	49	1565.50637981179	
27201	6	14	480.684074201008	
15190	4	5	221.871859087549	
14430	10	19	651.548096840991	
28289	8	35	1139.32315484589	
14150	9	7	263.771746467693	
28247	10	18	619.255661507722	
27520	6	36	1171.38446914562	
25724	9	31	1008.05149549993	
19282	5	38	1218.69426918155	
17903	5	43	1361.38498593186	
24940	4	32	1037.89268195531	
26839	2	17	584.649990808521	
22878	9	38	1214.67397481886	
17710	3	47	1486.28223909358	
23832	7	27	888.041084151734	
28565	4	2	118.019867259087	
16975	6	32	1033.80072727511	
8387	3	29	939.052841765365	
11137	4	44	1398.34591792819	
23224	3	27	886.078731867521	
16486	10	16	546.767869511045	
22963	10	42	1347.28388562206	
17809	8	19	635.420592127098	
26724	4	7	275.302954891372	
23868	7	23	774.868616338292	
26882	1	16	540.150059750374	
10925	10	6	247.593723576327	
20126	10	27	890.515894447694	
28768	5	40	1287.23543092945	
13638	4	6	240.183627866294	
18659	1	23	752.804491423445	
9738	9	30	990.945244892941	
27449	8	35	1118.30552693378	
13688	5	33	1077.93469333925	
19721	3	10	357.700081373425	
24215	5	41	1299.39467062214	
18269	9	41	1302.32148812261	
16138	10	22	730.766684827752	
13810	4	35	1135.32842852889	
8715	3	40	1270.10120927827	
14281	5	10	356.627011949488	
29708	4	22	731.960636047628	
27323	8	36	1157.10846310347	
29307	4	25	827.516093266903	
18752	6	49	1553.22997854707	
19921	9	49	1567.59599192422	
22985	2	36	1161.51885932382	
15208	1	3	166.565310362058	
15357	6	36	1144.59724393887	
15587	9	41	1322.95150281999	
18360	1	12	417.857301653296	
23720	5	19	635.733386797706	
16651	7	42	1336.34864277036	
15661	4	38	1206.2647335633	
15133	4	34	1098.73851030075	
9022	6	22	733.400188578945	
11505	6	37	1186.45126696045	
18859	6	13	456.245141949619	
26243	2	12	444.454538507599	
29861	4	41	1323.62168671732	
23073	1	13	451.661937931395	
24052	8	10	360.868574697929	
16783	7	41	1320.81606457048	
20543	1	33	1058.51064131526	
20595	7	21	688.580494508418	
19174	10	2	126.947437062369	
20670	9	33	1066.34446387475	
22731	10	5	216.739281479614	
12223	8	38	1208.58215772015	
20364	7	37	1188.64641352959	
21148	9	12	415.698379136481	
9172	6	10	383.034042447356	
11473	10	44	1403.72441323647	
29771	8	5	208.244708649928	
19499	1	18	609.451719918033	
19799	3	44	1414.80723346342	
8088	4	7	270.175422518596	
8538	4	44	1407.9044988602	
27641	7	8	322.072976344299	
23971	2	24	807.272624414075	
8318	6	30	978.631200426552	
14195	9	3	161.028413214268	
28584	1	42	1345.91865050882	
20935	6	49	1564.28392810947	
16517	6	45	1422.326326213	
24222	1	4	197.071104625739	
20804	9	39	1254.59660212258	
22422	3	48	1512.04079337047	
21995	10	50	1579.1961830385	
29223	9	38	1224.29989279448	
15179	7	4	192.94340366169	
26323	4	28	926.076346172987	
20142	5	10	366.312146320153	
23084	3	44	1411.70674181157	
26209	5	27	898.43927134687	
14288	9	50	1595.75843725156	
29510	10	31	1011.14457147715	
23122	2	4	178.597821788209	
23480	7	5	218.935598758485	
9695	3	47	1506.2825414847	
15521	4	17	581.251528049471	
22076	2	32	1024.77957784421	
21173	8	16	557.983152641907	
27152	1	49	1555.95083040928	
21178	6	30	987.253123683507	
28183	1	2	114.823259205941	
24969	3	25	832.008973561232	
11175	9	38	1208.10393412044	
20589	8	20	676.813013645268	
18082	4	40	1283.93127683733	
25655	3	16	543.224766060349	
19083	5	43	1378.54676810026	
23104	10	5	214.17216560532	
16582	4	39	1237.18191409352	
17753	1	12	424.990486290767	
11616	5	10	370.633524717127	
8952	3	18	614.949924189108	
16361	8	42	1356.53213646101	
9445	5	39	1236.18431510226	
26725	2	17	571.509389882679	
11423	2	13	472.350834939792	
22617	9	36	1154.30367050427	
19760	3	6	237.543098441112	
10824	6	50	1584.28226492567	
22288	3	33	1075.7030098679	
20498	1	34	1089.62203296349	
25410	9	1	96.7218961272025	
24585	10	50	1592.0176714249	
22361	7	28	909.805437303058	
14776	10	18	613.693282666473	
9567	1	14	483.662661986268	
28644	7	4	171.577600730386	
21689	2	40	1268.96890010171	
13934	2	12	415.790434859596	
26603	1	8	306.021096364605	
27456	3	49	1553.85162258234	
27791	2	37	1203.04526057236	
28720	9	44	1389.96782009954	
21505	6	19	657.030804425958	
25701	2	44	1387.50306700706	
24433	5	30	965.062131064507	
19371	9	2	126.492668002142	
22107	1	28	915.227779725207	
27587	4	10	375.264906201169	
23360	10	23	761.075126734132	
17890	6	11	414.396635561435	
24307	2	24	791.904180567667	
24639	3	22	729.13023222663	
14880	2	33	1066.7162555208	
22321	8	18	607.805746629744	
27542	5	33	1060.80851306245	
14215	1	39	1254.61243501613	
24371	3	16	542.413506685949	
9929	10	39	1247.42620887581	
27012	7	35	1113.93170654491	
20757	5	32	1026.9478575452	
15208	1	26	867.236479403096	
9907	5	17	573.700887716236	
10691	3	16	560.247820541378	
20850	7	47	1497.63109072001	
8511	8	1	98.1013630787383	
14738	7	25	839.991302136328	
14105	9	10	378.298496817378	
11495	4	3	143.119730978794	
9859	3	27	880.268614851063	
13786	2	13	451.647165329963	
8276	2	4	189.577867998545	
19573	7	44	1398.38173074572	
14237	9	31	1011.16081772892	
10103	7	13	471.138863708423	
28001	2	23	767.588264144765	
22504	8	25	824.982104089568	
27749	9	24	779.501332035056	
28622	6	46	1448.6812480952	
29807	1	38	1206.44725881817	
29118	3	12	425.85816693765	
16736	5	8	319.075890779065	
18807	5	46	1462.27819223994	
13647	3	28	903.207138191539	
21980	10	22	741.306374306468	
15163	5	10	377.717852395828	
11018	3	30	967.591663900573	
27935	3	18	605.3014159041	
14802	5	10	381.999690673314	
15556	8	36	1152.88476960402	
16357	6	25	829.050226970134	
15624	6	38	1229.16409404444	
18389	1	1	101.542691225904	
11971	6	28	901.858728314684	
10716	3	27	879.073238819406	
14394	2	23	766.615143179249	
27492	7	21	709.344372856125	
14237	9	28	909.719999558162	
14270	8	23	759.399713705946	
28010	10	43	1369.40170392832	
26558	6	5	205.070828928179	
10874	6	42	1348.19417118476	
18172	2	26	852.108048746413	
22776	5	34	1094.99629135011	
15826	3	11	389.427961404169	
10892	4	8	304.81876756289	
13359	3	31	993.522449821943	
27499	8	41	1317.96941449771	
23300	6	20	675.577391812381	
27581	6	45	1440.21748248498	
16989	10	8	315.826408972883	
29693	9	16	555.111102981079	
13916	10	21	693.732258590745	
24623	10	2	120.978950057635	
28878	7	23	768.073539607261	
19751	4	24	787.871966766134	
19191	5	31	1004.95828716315	
14110	9	40	1270.4937495247	
25749	10	45	1418.94144623491	
12204	2	37	1199.91323832418	
22010	8	22	730.509699178166	
18717	3	8	314.689886232228	
10170	10	50	1596.29880614406	
29862	4	17	590.234961374772	
9327	7	2	131.21838788093	
11550	5	25	822.483071285525	
21420	6	3	168.035176772641	
20751	7	17	576.52300243104	
27969	1	5	212.087578909512	
21140	8	41	1304.52372052917	
14891	7	2	138.24389128864	
16582	4	48	1515.26210453141	
28266	4	1	100.10161832911	
11371	1	3	159.279544166885	
15557	8	33	1081.37642988999	
25902	2	20	677.663995752886	
24137	9	33	1066.96784203265	
26587	8	13	447.281900889837	
24785	10	17	593.77917678737	
23727	7	15	516.487606743578	
14471	10	30	984.195402573885	
12335	9	39	1249.62224940286	
24744	10	48	1529.72402409172	
26999	7	16	541.782208188336	
8084	5	28	917.058360631139	
17750	7	10	353.939123989055	
29111	2	18	615.431835453693	
15497	7	50	1580.56374116827	
13754	1	5	213.785188707423	
22219	2	4	171.201272053272	
27917	1	43	1361.6568560161	
9327	7	32	1038.85062333143	
25678	9	34	1090.77855332325	
12763	6	36	1159.48647538176	
28199	8	22	718.892004750153	
14717	2	47	1490.38094269595	
19544	10	42	1351.8953650407	
23238	9	9	341.87308737164	
21424	4	32	1043.77790346918	
13487	7	36	1166.94489011864	
19064	5	5	216.783590790249	
29183	9	14	496.999447390903	
29839	5	37	1185.8818355882	
19729	10	30	971.053671283207	
25545	8	43	1381.97359119634	
23188	8	11	400.564304441476	
18224	9	15	535.009484651969	
16647	10	18	614.45271442386	
29291	2	19	639.602520167643	
26370	2	3	170.409543854375	
14281	5	41	1320.90412473348	
27661	3	19	637.676386273315	
13100	6	23	756.714572737326	
23798	3	30	982.453839491333	
10185	1	8	295.717835750299	
13510	2	33	1080.8874497753	
19473	3	11	384.965862140509	
23290	10	35	1134.51659795573	
15153	10	40	1273.17660074363	
11721	1	43	1377.27926389188	
27357	2	7	287.051235831832	
29717	9	4	187.471435604371	
16446	5	12	442.737813723617	
16242	6	2	120.88630685624	
24665	10	49	1542.86686451308	
11917	4	21	699.393267957211	
18726	10	14	504.483551208155	
25048	5	16	540.615142947349	
12383	4	32	1040.38753941673	
14810	6	37	1190.99548719404	
11023	8	28	925.768630712185	
21596	2	24	805.094754661012	
16816	8	31	1003.50399742066	
21632	6	32	1026.83428666873	
16233	4	10	379.704015953329	
24921	1	17	567.195955182983	
11137	4	3	143.740413814662	
14192	5	19	638.670352808512	
8013	1	23	759.808616991997	
12018	3	17	596.494056189663	
26323	4	45	1418.92963933709	
13771	9	1	80.9791210298329	
22106	5	31	1020.96122100063	
9930	1	2	123.375644853048	
8451	1	13	450.297147319791	
25960	5	24	803.980469742781	
17432	8	10	362.136050594103	
10669	10	4	188.324713831919	
19407	7	29	943.768639631462	
24193	4	39	1238.00455497485	
13928	5	37	1185.41508055544	
27217	4	8	297.378767084972	
25628	7	20	668.696486628007	
17890	6	40	1266.4986395773	
29074	5	29	959.893654286812	
29139	8	1	109.312155185878	
19381	3	2	134.261633667285	
9055	4	36	1144.99552873196	
28340	1	32	1028.18680677013	
11968	6	23	762.580323239127	
21235	10	47	1496.08075323332	
19871	5	50	1594.39434170462	
17537	3	36	1174.06517500713	
17141	2	32	1048.6070329736	
9337	4	26	844.64091314219	
21393	6	17	595.80937007247	
23712	7	38	1234.17238885265	
10658	9	42	1329.8802860686	
21692	9	20	682.749823538004	
28537	4	42	1328.52188056732	
25504	10	31	1017.14703596064	
25844	10	42	1346.295509332	
20830	5	13	454.707980963731	
28803	1	23	756.68254455397	
8990	3	49	1558.34962455479	
14282	10	7	286.072114801999	
20781	8	23	766.510214603744	
14106	1	11	399.362168870569	
25641	2	40	1270.58915953645	
13434	9	25	818.886394770297	
27749	9	12	417.257217363109	
17559	7	11	396.158837376236	
29193	4	37	1196.84650331589	
26366	1	44	1402.38298444188	
23697	5	1	85.5804066385983	
10376	10	21	708.389863627213	
18344	3	5	216.398268033005	
19202	2	42	1337.00535784336	
25367	4	3	146.940632381914	
11407	8	9	350.39186076745	
29087	1	15	512.934321515697	
12747	3	18	598.744885082703	
8404	5	38	1210.48354603838	
18028	2	50	1597.22829375287	
9462	5	21	700.413302956341	
23073	1	45	1424.53529763247	
10579	1	15	506.913946022705	
22151	5	50	1572.35418802703	
17060	5	27	878.734731710858	
22318	5	46	1454.48777724732	
12856	5	36	1169.80808089013	
15970	1	19	632.255764525503	
22309	8	34	1105.57489029391	
22309	8	38	1215.24675906414	
25911	2	8	300.857519014206	
21482	5	45	1439.11957122345	
8312	10	45	1442.67078612124	
24280	1	48	1512.01394207404	
16267	2	41	1308.14901502251	
28629	9	23	753.821539484813	
14321	6	29	942.801940582135	
12540	3	42	1334.89946479672	
19293	9	46	1474.40636919551	
10708	6	7	289.300411999831	
10520	10	12	425.323105876019	
29238	5	37	1179.92191585708	
24110	9	14	477.547838388732	
29571	7	43	1371.68219056524	
29454	10	32	1043.026626335	
24487	1	5	216.251049514977	
15977	8	13	459.411102039465	
26988	2	47	1497.16703100929	
27032	3	39	1262.93965368669	
12951	2	11	412.357962770554	
23961	9	27	895.58755905162	
17091	8	14	498.402150877939	
16357	6	5	215.811963293614	
9487	8	13	457.479687210861	
11758	7	2	136.269241597629	
24765	6	5	213.814326922323	
23907	10	43	1379.15816877929	
28289	8	24	794.156026576718	
23244	6	35	1120.62743715971	
20370	4	44	1416.10138228913	
23010	5	39	1249.07831388017	
8669	3	43	1385.00145283761	
18391	5	27	890.583947082322	
18377	7	50	1581.59974425174	
24883	3	37	1181.52546542768	
20516	10	6	246.460835415153	
10123	1	26	865.719077505972	
13601	10	8	304.384325958967	
26362	1	1	108.856342820849	
21643	6	31	993.119092897102	
12578	10	31	1007.58992018532	
21509	2	23	778.034856718981	
19899	3	22	724.338515887195	
21965	10	31	1001.18313403855	
17448	10	39	1251.90518787685	
29867	3	35	1120.49138709926	
18549	5	32	1026.98745924373	
13683	4	22	735.231755457461	
26931	1	18	609.327561692022	
22633	7	22	742.483682195881	
13650	9	33	1075.07667520786	
25745	9	40	1272.64104988083	
24786	7	30	969.316110838817	
19492	9	23	773.21692752336	
8179	10	11	399.659200012525	
18831	4	44	1402.45536813627	
22288	3	41	1303.30760792983	
21490	6	33	1065.19109891038	
22658	10	46	1455.74470047641	
16766	3	36	1174.33468810019	
19823	7	30	974.663370705519	
29337	9	5	228.645914005416	
19857	2	8	294.272027637005	
29720	5	2	138.30498690638	
14596	8	19	640.22209811966	
29510	10	19	640.321653038413	
13523	5	10	369.337968774763	
21644	2	14	495.948094136989	
8542	4	7	270.156725137567	
15305	3	27	876.56579091985	
14129	2	29	950.531972009005	
8643	1	6	235.026776080498	
24300	8	46	1468.31068818844	
8909	2	9	349.820560789584	
18477	3	31	1004.76804258524	
25024	6	4	197.552702332639	
11717	1	43	1374.06363499074	
17554	6	25	814.628829255062	
24020	2	24	805.574499334011	
17897	7	18	615.777854498372	
13799	2	24	786.826867678588	
18630	3	22	723.926413321833	
24303	7	7	264.828464884697	
17847	3	13	458.14375496383	
9908	8	12	421.024707081274	
13113	5	50	1576.43726399934	
12267	1	14	495.685341998788	
27861	6	4	197.367019558962	
19684	8	39	1261.94054423922	
19368	5	43	1379.07009729141	
25532	1	16	543.153227485322	
18954	3	44	1400.52797859559	
8098	1	13	448.639625482559	
26236	7	15	534.521654720661	
8224	2	1	98.4557221915832	
26483	3	26	858.944006179899	
13188	10	16	563.762829081976	
25316	9	20	666.033528980815	
26075	9	12	440.961035918892	
10594	7	21	691.583534838438	
27742	2	25	831.153418324493	
25957	10	18	611.039365106746	
29867	3	16	545.075030319893	
10456	9	42	1332.76177077217	
21624	10	44	1391.95171018688	
8476	2	28	920.049899127358	
8141	5	44	1404.33036169239	
17727	6	21	699.495550049234	
11422	7	43	1368.44888493812	
19344	5	7	282.106497679887	
17105	9	1	108.391733145524	
10826	10	17	568.67877867477	
13946	4	9	339.616599576369	
25019	3	28	919.966845978036	
16615	4	13	467.507820421601	
25334	5	9	330.736957383685	
16129	3	49	1563.81744912072	
23465	8	45	1436.12827267317	
26226	7	41	1317.28027982511	
14465	2	20	663.784834120322	
12917	5	5	224.636311039625	
17622	7	6	251.970949215801	
18704	10	25	834.007549897771	
14676	10	14	491.086627846158	
14559	5	11	413.412563434528	
12512	5	36	1150.00399341341	
12587	5	43	1386.38715059794	
8518	9	31	1013.78903346778	
12973	6	9	331.364838598	
24833	5	5	225.82403640534	
21122	4	38	1233.78987325066	
25920	5	24	788.030106009929	
10242	6	13	453.66779333617	
17457	9	4	193.990964495573	
18327	10	43	1384.62443617388	
15100	4	6	255.787502571841	
9649	1	6	258.85138300194	
20707	7	15	532.066694112526	
20257	7	20	666.192044776954	
9907	5	34	1100.97480795392	
18676	3	6	252.106902306949	
10547	5	44	1396.18979194955	
21682	2	12	428.918134620841	
18604	10	33	1059.83404655933	
18827	2	42	1350.67836414589	
25550	10	50	1574.47444881055	
18207	6	35	1140.91137901922	
26428	1	35	1128.67277950452	
29024	4	3	147.01383429906	
10409	9	43	1367.7187648079	
13603	4	27	895.126557059179	
14423	9	22	727.634556408801	
13564	1	29	948.753249155708	
15077	8	43	1377.17620179857	
11531	6	16	546.947223798813	
15670	1	20	659.182469108693	
22823	5	43	1377.03181520898	
9767	1	2	133.988402473735	
22521	2	31	999.349207337643	
22230	6	8	321.947716773463	
19827	9	35	1133.66274852942	
17203	5	13	470.541328224606	
29880	5	13	448.130711451234	
10854	3	38	1222.62484853278	
9769	8	19	648.316624429224	
26129	9	28	920.361627135594	
20930	5	4	195.0109853386	
14238	7	5	225.625635080796	
15887	6	35	1135.34240980416	
19286	4	7	291.720317849759	
21158	10	3	151.885574381745	
27611	9	34	1111.75075500819	
8946	2	26	849.936227896221	
21574	4	8	296.30547187119	
10385	9	14	491.677931813373	
28771	5	12	428.446519090071	
22378	2	45	1423.05281459496	
21564	9	43	1374.17350333844	
27201	6	22	740.408263700273	
26707	3	12	438.938114623976	
9445	5	1	89.0926143941901	
26029	9	9	337.714371093416	
9929	10	29	946.775199168723	
14120	10	16	563.646073790102	
26372	4	28	930.697479346161	
25846	5	17	586.155316841861	
15556	8	45	1439.27685685422	
18694	7	20	676.4915915376	
12734	3	39	1247.04374069676	
14030	5	24	805.441967065186	
28982	10	14	478.755687362866	
20772	7	5	204.862980528205	
15903	10	35	1132.71748677488	
29278	10	12	424.244328003491	
9502	6	49	1567.3120594245	
10716	3	43	1381.56557408234	
16517	6	32	1028.05908049832	
23945	3	24	806.293286088059	
27873	9	14	491.517422130107	
28590	6	15	510.316737010291	
11350	10	46	1459.46346347195	
22160	3	31	995.285743938426	
23671	5	50	1593.33036970037	
29239	3	46	1455.2935164493	
12549	7	40	1295.83319042615	
12700	6	43	1383.37580205099	
23367	8	46	1477.69832851258	
29246	5	22	732.447777284518	
18476	6	30	965.498269985196	
15808	7	4	198.500704708742	
26409	3	25	836.129654513732	
8462	4	1	82.858311870535	
10753	7	31	993.580138773462	
17445	8	19	640.411092713667	
15511	5	8	312.855102379273	
15834	3	27	875.948377436003	
19398	7	35	1123.76612905588	
26969	2	47	1484.48463766113	
22148	2	10	371.927369186621	
13117	8	3	142.161307587363	
11479	10	33	1081.08477028137	
24992	6	35	1118.519393801	
17038	10	17	578.581894384037	
10731	4	11	409.900442738971	
8574	9	44	1412.96463048689	
24975	9	49	1547.02259385354	
28020	4	50	1579.03326823331	
11538	1	15	505.691899892731	
13689	5	9	328.993412446693	
8088	4	21	710.11235773103	
18199	2	31	1000.38743859175	
26332	5	21	696.759528506901	
18046	6	30	962.656081208333	
8331	8	8	310.091526689982	
28408	7	17	579.474651152023	
9899	8	21	693.806870455764	
16435	2	9	344.38400139305	
10539	1	34	1091.48168271942	
14104	9	26	867.812883363949	
26840	4	36	1147.32167729518	
25783	1	21	708.456988329281	
23825	7	24	786.829079569703	
10927	4	41	1310.9933215524	
29139	8	35	1128.54303598802	
16106	10	49	1569.31231255145	
27493	7	14	475.897375492331	
17408	7	25	811.282841754743	
28579	1	17	572.306394061216	
9984	8	4	191.389225624217	
23528	4	23	771.363681988494	
17980	3	9	337.799445026461	
23262	7	35	1143.57444283719	
8377	9	15	514.365916901438	
28114	4	12	429.356114542743	
19286	4	32	1029.23196672892	
9612	4	12	420.944069670953	
18843	7	14	496.70384955439	
23041	4	39	1263.42992696139	
14700	2	2	122.328885962408	
27635	8	42	1348.81059657261	
26332	5	44	1404.34253381767	
10874	6	32	1052.00642861985	
24732	1	14	483.454364837825	
17265	7	9	335.385912254167	
11954	10	24	798.113266116992	
12037	10	5	219.370126006831	
24723	3	22	720.202230662202	
22713	7	23	763.48861208348	
27345	7	3	140.936441561643	
24903	7	38	1219.04823192351	
8952	3	18	611.564376042953	
9154	6	2	112.284446336461	
11462	6	21	696.671754297182	
21817	10	25	824.605691891446	
17080	6	32	1033.70431925808	
28015	4	10	374.25569071167	
18714	10	44	1407.5260722486	
23188	8	32	1050.03885839602	
11563	5	12	440.588130187517	
19190	1	31	1017.06725499456	
19124	7	25	815.739752098797	
22729	6	34	1086.72687417209	
10097	3	11	394.302674268513	
27747	2	36	1157.6297304582	
26031	3	13	452.312912704569	
8089	6	46	1456.81299575456	
12079	4	6	262.393611605462	
13764	10	18	613.29996666559	
27189	8	27	880.859559961064	
23149	9	6	238.530581481071	
26953	1	7	277.103020901374	
19274	1	20	680.954074431655	
13641	8	32	1049.15279675701	
27843	5	35	1119.00228679134	
20409	3	42	1342.9791434775	
21505	6	39	1256.45055970943	
23621	6	10	383.374714731879	
17581	10	33	1055.60740929824	
28537	4	11	410.429769871025	
16236	2	45	1429.94218654462	
25160	5	42	1355.69514483013	
13911	5	2	127.794229671263	
25548	3	15	511.369952499573	
22356	10	17	572.340993700708	
13920	5	6	239.799305945541	
17856	10	8	305.514998689999	
12010	6	15	526.902688540007	
16678	2	40	1289.76022500999	
21219	2	31	995.65179528466	
23003	2	22	734.976276017249	
14529	5	18	613.417997422357	
10200	8	32	1046.66499115837	
8063	8	28	902.841796773878	
13121	3	21	705.261630967847	
12108	10	18	613.070844473816	
14769	4	11	397.61565964558	
22581	9	22	737.703754351336	
21143	7	28	925.824634379626	
13574	10	47	1483.0729995496	
22555	4	29	941.300270362431	
18524	7	49	1556.97651440137	
23065	7	4	186.902263996611	
10569	10	47	1482.62905212242	
8296	9	47	1502.40586008057	
14680	7	31	1021.94521102214	
14512	7	48	1530.6103016113	
21733	8	20	663.131649579448	
20384	6	37	1177.66946750584	
19104	1	33	1081.62654841394	
12163	10	43	1377.25375954865	
29077	4	50	1590.88097597979	
10235	10	12	431.918662950359	
24750	4	22	719.609088524994	
25614	1	18	610.645943642895	
24892	4	39	1261.37211016443	
18929	8	23	767.945522427534	
23718	5	19	655.356921672522	
12576	6	45	1421.96168056781	
23440	2	31	997.830424512658	
27853	4	5	226.797914014569	
21474	8	31	1009.91030721455	
19113	5	17	572.63338659547	
15056	6	38	1217.64817138093	
23144	7	5	225.883283943815	
18190	8	38	1225.11258405871	
27063	5	25	830.438029743004	
23594	3	43	1378.11227765778	
19573	7	12	423.891165789166	
16918	1	17	585.931442317521	
27055	9	32	1025.36348383192	
26181	1	18	598.746805358095	
25091	7	33	1057.55008035225	
21643	6	36	1172.53440974864	
21172	10	33	1069.12949950859	
12587	5	46	1472.96567214325	
24303	7	39	1248.79288083352	
9878	8	6	245.165177548847	
8615	10	18	608.964092419	
28103	5	36	1150.39578267857	
27862	5	8	309.189004334243	
29480	1	39	1242.38334911055	
24736	5	29	949.233221034162	
28762	10	7	288.133676596048	
20756	1	38	1218.39803573601	
9029	6	22	744.095300037458	
11826	1	6	261.499334471998	
26317	9	11	407.055902633376	
21733	8	10	372.195853130983	
24896	7	32	1043.88952080342	
8045	2	45	1445.12532204628	
11798	4	42	1342.25873797306	
20232	6	28	915.742073783531	
23251	9	48	1527.99420986697	
26408	3	42	1336.27508553503	
20524	8	48	1531.38996314788	
14831	7	33	1064.3431278059	
25020	9	17	569.254092615682	
19075	1	42	1336.7457681786	
20083	10	10	357.293276021859	
14508	2	7	271.507181279132	
25295	5	6	232.498023953521	
13518	2	8	319.240483790282	
21105	2	20	671.738025188324	
14483	10	2	136.263064582023	
12001	4	26	858.506954190557	
9738	9	18	613.330895627537	
19205	7	26	859.38425320172	
29860	3	39	1250.4795890164	
14776	10	22	737.680271499641	
25367	4	1	92.5792293309137	
19398	7	18	602.780344878687	
17344	1	2	126.392829253521	
25538	7	9	351.565897889233	
18250	8	23	768.641420178414	
12471	10	17	584.414564904019	
20314	6	2	140.677086180391	
8749	10	10	364.499709999422	
16811	5	50	1599.25013564492	
18666	3	33	1081.78798390636	
13526	7	32	1043.61324958672	
15030	8	14	503.382127109627	
28756	3	34	1085.91642452679	
20003	1	30	980.001644985751	
15922	7	22	740.806120271239	
18467	4	40	1283.10474585886	
27375	9	40	1283.00473157456	
23367	8	35	1129.55587048529	
25769	7	45	1436.25932421361	
