idEmpleado	idDepartamento	ventas	importe	
24306	5	39	1250.46688462164	
26213	1	25	824.256460119158	
8190	3	41	1302.52284453368	
28609	6	2	137.222972240868	
13898	6	18	616.894611072212	
22963	10	36	1149.32936166848	
11789	3	25	829.167837998442	
29279	10	50	1584.80647179522	
8108	1	41	1304.89468899783	
26025	4	20	658.693411843243	
24572	5	40	1277.50712115202	
12905	4	22	743.828383881519	
25446	7	10	355.140081064375	
28026	1	45	1421.52345149849	
28250	6	9	348.357706604692	
23832	7	11	385.46938977459	
27641	7	47	1500.05862529392	
11391	5	26	846.574718936614	
24360	1	22	746.118830044809	
9840	4	36	1168.41258569081	
11018	3	37	1182.96892858249	
22590	4	23	765.385335965727	
22756	1	19	639.076778068709	
27092	8	13	448.258634492875	
18765	3	5	213.513075846021	
12387	1	49	1562.13400108839	
16568	9	30	961.867446825778	
22100	3	32	1045.41914932682	
20201	6	34	1088.53685582454	
11079	4	13	449.341557272403	
19039	3	12	428.953682719243	
23468	6	10	361.390004847846	
27167	4	46	1467.23456104623	
11651	9	12	441.513220910688	
28830	8	6	244.787098469579	
16812	1	49	1555.27463370714	
25847	6	50	1575.12372060452	
9928	10	21	699.042987217681	
21678	7	45	1422.65811837402	
22348	5	30	963.373836690268	
19456	10	24	791.64897363244	
27843	5	43	1358.84604919648	
24902	5	32	1023.69095298633	
16468	10	40	1269.86371516709	
29576	2	21	702.115053414421	
29726	3	5	215.579474072708	
15905	1	38	1212.9012272567	
19876	10	9	337.729460791559	
24358	3	5	202.771584038982	
12540	3	41	1308.1574138385	
10947	8	37	1201.5121114261	
15636	4	9	333.503183095485	
17158	4	11	401.812639870594	
10897	7	44	1391.58224651198	
27880	6	20	679.847942721028	
22740	6	16	565.081548655909	
24511	1	7	265.17968205045	
27997	7	29	934.264210040804	
24300	8	48	1523.70989639485	
18522	8	19	654.760609983821	
23785	9	7	267.461914842698	
25442	7	43	1383.74868867162	
23197	4	17	576.269615970677	
17133	3	29	935.553131725431	
29043	4	8	309.739729124	
18520	8	31	996.117116304169	
11406	8	27	876.59382283529	
13970	5	48	1513.62686015369	
23563	3	39	1256.73635302891	
15143	7	11	393.083072897551	
16887	5	11	410.345669170071	
25779	1	27	881.015638076242	
14288	9	32	1023.91660056259	
24444	10	43	1382.74499335454	
28581	1	13	456.763612058369	
13531	6	45	1424.12287938601	
19548	9	42	1341.69438297939	
16647	10	30	969.213062901615	
11763	1	42	1346.14358107845	
27382	8	50	1597.93360177331	
12843	2	12	429.232773831688	
16975	6	21	704.137986034219	
15173	9	28	922.647565287839	
8008	7	43	1380.37944198604	
27997	7	26	847.829445846299	
17106	9	4	175.450499623758	
21598	2	49	1559.57736497725	
26501	1	3	155.652314534249	
15494	4	43	1361.66527818966	
24620	3	40	1279.70554981367	
11465	7	43	1370.09495165669	
13028	10	22	720.859510563714	
11385	10	23	775.333090822833	
19889	2	26	847.8975083902	
9290	1	23	775.911921847571	
9544	3	31	1007.90028496082	
15792	9	26	862.576433225803	
24819	5	3	168.137821260904	
18382	7	32	1040.12398604309	
14870	8	41	1305.99793711025	
21978	8	29	938.985651237418	
9132	1	41	1299.27436710302	
28131	4	20	680.99310776265	
14484	7	44	1409.68851114143	
15564	10	30	977.811744668433	
9997	8	11	400.496473349862	
10929	5	28	909.586582532891	
14969	9	18	619.067646516053	
19924	6	31	1014.81863445361	
24331	7	26	855.725063335022	
15331	5	25	823.387165676517	
17622	7	27	895.966619148835	
10309	4	37	1188.12062896235	
20846	1	48	1525.77629462153	
20350	1	8	305.527836152133	
21625	6	36	1163.32392880848	
16968	1	16	541.101123383781	
14724	7	24	795.89017398464	
28738	8	3	167.723685879132	
28303	6	5	214.289229500242	
12927	4	32	1036.53975132692	
28334	5	24	800.941508301041	
24107	2	5	231.961581964028	
10983	7	50	1577.03080321524	
18405	1	18	622.98812124086	
9915	2	40	1289.48615860636	
9842	5	4	185.682547253409	
25181	1	6	256.019092172393	
18096	10	20	686.83307150697	
26393	2	32	1048.86332709755	
17172	7	19	641.546446160202	
28100	8	39	1253.55656171849	
16701	8	48	1529.08907685852	
25648	4	2	120.145643968203	
24764	5	22	738.947950535895	
17318	3	22	729.958406728673	
9304	9	1	103.144878271569	
14383	3	34	1112.95905414641	
18405	1	14	482.567697317604	
20815	1	15	527.332972496437	
8855	9	26	865.863917090867	
9958	5	31	1020.5097184612	
29006	1	22	740.833680080638	
25701	2	17	585.940214854637	
24026	3	16	536.318384137153	
17497	2	16	554.128332507856	
10355	9	35	1132.73888160136	
21729	1	26	849.556796201298	
24720	9	18	622.369672238068	
13329	7	38	1212.58799303909	
9578	1	16	546.799161577038	
13117	8	3	146.686259241163	
29932	10	1	80.4141353817722	
18042	10	28	905.834756542852	
15073	9	9	349.458185783335	
27254	3	5	218.044142936377	
15013	6	36	1147.31278513899	
29464	2	21	703.962304547411	
27876	4	26	866.700389900571	
14784	8	40	1288.32558606208	
26533	6	8	294.813926096453	
26961	9	22	733.567490360498	
18860	9	48	1532.23457500908	
19877	1	49	1565.95530735606	
21481	4	8	294.17861717482	
8162	8	36	1169.83060395803	
14537	6	30	966.877542290314	
12851	8	36	1147.97498499415	
13127	4	26	866.828344085639	
14218	10	37	1175.56942942346	
12396	9	35	1140.17905053691	
24788	7	32	1028.14206923737	
20177	5	11	393.322476667036	
29029	7	39	1240.39071338269	
25783	1	29	948.425312409375	
25322	3	1	96.0300328657171	
10541	1	2	140.107828220403	
10908	3	39	1246.02136710939	
25565	4	35	1120.71241907809	
17873	4	3	148.859788733004	
11392	6	6	236.747277004992	
22149	4	29	936.12575105211	
23573	4	38	1233.64941993433	
17399	7	33	1074.24507846788	
14429	4	17	582.064165520512	
12102	5	17	574.860186919039	
10065	5	39	1253.14242633672	
20464	8	21	703.254320315669	
11859	2	43	1370.68745818487	
20215	4	18	600.903807599518	
9349	2	37	1182.64562158969	
19955	6	31	999.182573724157	
12721	2	9	326.258664245838	
19240	8	24	794.242111255527	
17393	5	8	312.519046399984	
23034	3	5	212.296426730368	
18044	7	34	1088.27514345212	
12429	2	23	774.878372724577	
11430	10	10	371.761597679817	
20450	7	30	966.487780179124	
11371	1	37	1187.25079021754	
13827	7	50	1584.76389660722	
21209	7	50	1582.72845211566	
26370	2	32	1046.80024281461	
23087	6	3	152.408942502182	
13718	6	35	1118.65709233967	
26767	3	42	1353.36378257413	
18467	4	12	440.023421999078	
15736	7	49	1557.40944413348	
15373	4	9	333.428152917618	
25420	5	3	157.936314715974	
20356	5	47	1501.2914180296	
15630	10	37	1183.24988546933	
22895	8	24	797.840601167567	
25444	9	35	1131.57830905708	
20854	7	29	958.688175044343	
24792	4	34	1099.91807042617	
18364	5	16	537.989496541205	
14982	8	33	1063.89114183555	
26677	7	41	1319.31843025578	
26372	4	48	1516.68817762131	
26712	6	9	343.623221974644	
24331	7	43	1377.28752680928	
9349	2	9	345.924536486121	
26155	2	50	1592.92380783377	
17054	3	5	220.996476812752	
24618	4	24	781.883404991535	
28962	3	37	1199.08036541151	
8480	3	31	1007.87166698271	
23185	10	25	816.128885679007	
20924	1	18	607.7548894136	
25019	3	30	965.229455495826	
28113	1	29	954.259769429574	
18955	1	6	234.224638898962	
14203	2	16	561.608998515461	
15057	5	6	251.983380397774	
24271	4	29	953.397298936452	
14203	2	7	266.849177119718	
22839	3	31	1001.8361359657	
18678	2	33	1063.40707318085	
27176	3	25	821.496404344913	
16749	6	27	893.119004337638	
10594	7	22	745.844876182193	
17120	3	35	1117.25930526725	
25559	1	15	522.967492883544	
26770	4	40	1281.35420356009	
15675	2	44	1415.93268825483	
20419	10	35	1128.41806307827	
27164	6	39	1262.66380219844	
17750	7	29	953.830871355641	
12184	1	21	712.378356304196	
19383	2	19	630.285646910912	
12544	9	41	1310.98723088903	
10669	10	19	652.443167424036	
16424	2	32	1049.79960255781	
26087	3	28	923.627568242898	
27374	3	7	287.47636979794	
13985	8	41	1316.80391562954	
21068	6	33	1053.87643498083	
9126	2	48	1531.41246568943	
26377	5	12	416.77368734813	
14454	8	6	234.283417162617	
22219	2	32	1032.15175501637	
16676	9	25	821.280558454469	
14176	2	41	1325.67326350402	
24929	10	24	792.706859220149	
21209	7	18	627.031648600023	
27990	8	32	1029.02524657036	
18911	2	8	316.231602652106	
19671	6	29	959.59492865931	
26032	5	1	85.2908761078915	
12675	8	28	913.068893306455	
24091	6	35	1136.15336057551	
24481	3	1	80.484068654703	
15682	9	17	577.822025910868	
11614	3	21	703.569173283674	
14890	3	37	1197.77834579245	
12093	9	9	340.028221542029	
21689	2	45	1422.95704360258	
20575	2	11	391.569604273685	
15903	10	11	405.063788557921	
27381	2	39	1253.46534191326	
9367	3	48	1536.41656321307	
15442	3	2	134.040795627069	
12520	8	4	183.750529374811	
21598	2	50	1577.46924250269	
16517	6	39	1254.2422246068	
26725	2	10	381.816602005538	
27292	6	24	784.42503634115	
9683	8	39	1237.98143027256	
9991	5	49	1564.50701059983	
19874	1	39	1236.59338330691	
23774	7	25	812.972742138883	
14969	9	33	1070.42367027627	
29193	4	22	726.633385832716	
17536	6	20	667.212987182295	
16875	8	46	1460.96724932127	
8124	8	48	1524.56431772772	
11228	8	44	1391.58604176323	
17393	5	42	1330.2606336634	
13104	3	22	734.322554960066	
10282	3	13	466.907441684467	
11033	7	27	892.186460426164	
21335	1	10	383.068873539133	
19536	2	29	948.53999524775	
19504	6	44	1399.30946299774	
19827	9	34	1094.1322863354	
10665	2	41	1310.50316223432	
20283	6	3	154.621141513167	
10824	6	12	426.230429274137	
22902	8	41	1325.84922245045	
9640	4	49	1547.44814825591	
8305	8	47	1493.84687202696	
24092	7	22	742.306830707149	
20893	1	38	1206.34867713151	
24528	7	23	763.308345434865	
22911	9	8	297.866853949552	
24107	2	30	978.110959389299	
9635	5	21	717.530029079658	
11937	1	42	1348.20402100133	
25835	3	35	1138.46463461335	
14751	9	9	325.215046594485	
23540	1	9	324.600210229214	
25572	8	20	678.250172379543	
8074	7	31	995.087918059476	
15070	8	13	448.697492800978	
26353	2	4	180.096151167572	
11804	8	3	145.729690299244	
20765	3	29	953.850682821987	
26267	7	48	1510.60903872857	
16701	8	26	842.601923962404	
22052	6	40	1273.21402806473	
11457	2	16	548.442179778797	
27927	3	4	172.696409939181	
21342	2	39	1257.24704931362	
8003	2	48	1538.15634687345	
20550	7	12	441.278881487101	
15425	8	38	1233.34768967393	
22419	8	24	785.50080037932	
11758	7	11	384.44106637707	
18036	7	16	563.336956167285	
28371	2	49	1543.73906237247	
23245	7	8	307.19546049237	
26986	10	12	438.194607067013	
8828	5	48	1512.13220782212	
28452	9	1	97.0588623439236	
23602	1	42	1342.74651127995	
15320	8	3	150.665911431734	
23969	5	46	1464.07499314476	
9175	9	49	1563.32504039785	
17275	7	13	449.346133232744	
19169	1	16	562.856289931972	
24199	7	27	887.034288648066	
15694	10	2	123.382020761902	
26906	4	7	271.795999050045	
27490	2	14	489.107508365581	
8372	5	5	222.307231455253	
13426	10	8	293.936288046621	
24562	1	30	987.980955479658	
20516	10	17	579.842502446772	
28609	6	41	1299.21331183017	
18304	3	32	1028.40259603616	
10291	1	12	436.652479412338	
24524	4	6	244.012102784595	
20156	9	37	1183.62850531173	
26711	10	2	132.63519438572	
25661	2	33	1079.00596847711	
23211	9	44	1401.15046208778	
24622	7	34	1085.05978139353	
29171	2	40	1268.19233025806	
27039	8	11	402.029463947764	
9876	1	20	664.51916427562	
9224	8	7	272.610159009979	
14470	8	11	413.088962702588	
24135	10	26	864.867064834045	
24355	10	37	1194.72557224088	
13771	9	1	98.0195861021148	
9552	3	47	1486.4056031622	
26838	5	23	766.117964557427	
14196	10	30	978.029055715552	
19191	5	21	705.950981521025	
9641	4	1	109.430239735837	
21995	10	7	281.654697154488	
24137	9	30	990.525642424135	
16888	3	35	1141.26290549583	
24829	2	10	359.745634030432	
29862	4	13	466.179739416661	
27775	2	14	505.060159016894	
20883	5	47	1500.90041088914	
15970	1	26	848.139540948039	
17653	6	44	1395.8491154182	
19177	1	5	227.34259344048	
24434	1	9	325.366734194274	
16822	10	7	285.658297932548	
25639	9	20	685.227754546901	
24440	1	35	1134.93436013113	
16019	6	37	1187.08658296014	
10984	7	3	143.183357707776	
10644	6	26	854.566101755279	
29362	1	46	1459.4970134364	
10896	7	18	618.05289386681	
9669	3	49	1541.59604919217	
12863	3	20	665.606130038205	
24306	5	7	275.882662886699	
23311	7	39	1241.29557645009	
13578	6	43	1384.82696895712	
28059	7	10	370.246130921993	
19755	4	16	553.945325945479	
23984	5	26	858.514955927858	
14693	2	20	677.070426809169	
25726	9	13	471.087922263466	
27133	10	9	335.901628293051	
8990	3	35	1127.81832348919	
10159	10	1	89.9518997641056	
9984	8	46	1473.89152092575	
29833	4	40	1269.78307209433	
12113	3	25	826.747898881672	
28130	2	32	1046.1268369882	
12156	5	21	702.749197288765	
21317	1	28	903.882871281301	
18404	7	40	1266.45545496906	
14846	3	19	653.94580946022	
29171	2	47	1500.25005119864	
26816	9	8	316.920240445491	
21439	9	46	1472.34321483986	
29562	5	6	254.686870507284	
22440	10	12	419.152430081345	
19916	9	50	1586.95186107743	
12520	8	42	1327.86120815569	
29846	9	42	1329.93270470292	
12066	10	1	87.6389892807412	
11495	4	49	1554.83622839434	
9157	6	21	711.839501406923	
24048	1	28	906.620951121031	
19439	9	12	439.976161848743	
24026	3	23	764.354932328851	
25828	3	32	1043.82410969763	
26328	3	1	85.7720342677888	
8485	3	42	1349.23006597405	
21870	7	42	1356.43593653871	
14043	10	50	1589.49950310844	
25324	5	48	1512.23441347118	
10123	1	39	1246.54520308904	
26267	7	28	903.829984079967	
13810	4	13	457.051618684573	
9481	8	35	1139.94748712515	
11134	7	21	699.524269951286	
16472	6	8	315.414834430169	
10811	9	11	411.766777006801	
14012	7	31	1015.44468245257	
16285	5	11	388.186461249453	
24064	5	5	220.959745971933	
18810	9	32	1040.43416041901	
27713	2	49	1550.68323047398	
11187	3	7	273.041558467337	
27269	7	49	1564.10708440659	
13350	10	2	121.34599799353	
13976	6	12	428.685889592714	
23053	5	11	403.539448046842	
10351	8	33	1066.6087059428	
28332	4	32	1045.67453887578	
17186	7	10	383.294269844561	
20635	2	25	826.084117789792	
11636	5	35	1128.58225122494	
21095	7	20	669.431437528427	
15956	3	15	516.251693869127	
26208	9	38	1224.06212688613	
16095	2	8	301.197372368163	
23385	5	39	1249.97573791536	
18359	7	24	789.536588596896	
27862	5	8	305.958962396699	
26711	10	25	820.975864613883	
27705	1	41	1296.89677101415	
28520	7	29	946.31326075006	
15675	2	28	914.383368172861	
20046	5	42	1354.22104149788	
25181	1	31	1007.40060637118	
28631	2	20	676.420067118676	
25211	6	46	1459.86862176092	
14270	8	11	412.395727714708	
22740	6	36	1155.162600556	
17198	7	4	183.737595651177	
25057	4	39	1255.18508407063	
11130	4	11	392.416525703117	
16727	7	31	1021.74624345347	
12261	3	46	1466.67924330881	
17408	7	17	594.402067975328	
25136	2	23	761.156270932945	
11930	2	21	713.579392653694	
21677	8	14	475.869077442153	
14442	9	22	723.008934335322	
29693	9	21	695.138220104919	
12063	2	40	1282.23258622095	
23192	2	10	362.621360031246	
15327	2	11	390.761397662927	
26317	9	40	1286.20523326388	
13414	5	23	766.15029568139	
29131	1	4	197.962951864099	
18943	2	8	314.39854655154	
11992	9	49	1540.79992481545	
12922	4	48	1515.88536023902	
14998	8	14	478.326897583123	
24449	8	20	665.439096514806	
22362	7	38	1222.2301884099	
24011	5	24	789.48572005587	
11235	3	36	1167.21059663557	
23361	8	15	524.062974957779	
8922	6	4	174.120899668951	
25374	6	21	716.299862301117	
12807	9	15	518.820516969459	
24888	8	19	636.706478035406	
16403	5	32	1044.92593087485	
24920	3	17	568.817267831796	
25901	5	50	1591.14372033213	
19990	10	48	1511.4461053868	
11495	4	29	941.936943224602	
24572	5	22	728.10918577393	
26756	10	15	513.667592086674	
15179	7	4	186.836007771472	
17325	10	24	802.752194219619	
16858	9	48	1521.8496258938	
19120	7	16	542.905855953184	
20830	5	37	1187.61797971447	
26917	2	26	854.10666047321	
20291	9	3	146.527654261574	
29815	7	38	1210.82074229178	
16434	1	35	1138.74327839294	
28250	6	31	1014.27541098291	
15242	6	19	635.551863087132	
12734	3	38	1228.17813490898	
20804	9	20	668.070745816487	
27672	7	27	889.437654507085	
28848	1	12	442.021520567137	
12035	3	48	1519.06869694547	
18388	5	14	496.510367475688	
23461	6	23	756.835702972876	
24918	8	35	1118.29849913637	
13212	9	2	112.954895660726	
10819	8	37	1202.93080564725	
29521	10	46	1454.5356468179	
28627	2	32	1022.61626835103	
8995	7	14	500.281168306377	
10943	3	2	124.856408631828	
20129	2	7	274.758875684235	
24004	6	45	1439.16259940675	
21318	10	40	1278.08300346047	
27147	1	5	206.320952273123	
26731	9	40	1291.08886588881	
16577	4	13	451.175254644442	
16845	4	32	1048.82445443833	
12955	1	19	638.096047489949	
15680	2	9	332.482703594716	
22428	4	1	91.1269440926271	
9502	6	34	1111.64635233192	
26980	10	1	98.9502989216476	
8126	1	33	1052.97950428584	
20398	7	27	890.708917868654	
27582	9	44	1411.3324360416	
29897	9	36	1155.70253414833	
17894	4	37	1178.66497776409	
28046	10	1	108.467318242633	
28312	7	34	1109.78756397487	
20015	2	35	1138.56903658182	
18861	4	34	1088.12172739213	
9890	1	46	1450.74977115297	
27553	4	42	1347.26882352832	
15826	3	20	682.904410307717	
18326	5	19	649.748570886323	
26542	1	37	1174.63335285645	
22339	7	25	834.610402413928	
18604	10	45	1423.63844408823	
26576	4	21	695.154290113204	
16274	4	28	910.736786439427	
19826	5	9	332.300360953575	
10942	1	43	1380.13592586859	
18888	2	34	1101.56845758742	
27195	6	14	498.049447321356	
8994	4	31	992.859104030234	
18360	1	31	1014.94406106646	
8097	1	13	468.444650801106	
14925	5	34	1084.49979001866	
29871	9	45	1447.65441250412	
28720	9	19	643.100156338466	
12047	3	37	1186.72740864881	
16974	9	20	670.082087419034	
23391	7	12	415.588042221772	
18561	1	27	878.310710414458	
16361	8	28	930.375168235216	
21648	8	47	1500.11839802382	
15298	7	32	1043.53086318985	
9770	8	46	1466.12678510422	
10350	1	41	1306.96606309478	
8615	10	16	557.252361512395	
24091	6	1	104.265827883159	
13783	1	45	1426.06832857526	
26218	8	48	1512.82870437616	
26870	3	30	961.712131724559	
20641	9	19	636.734681239694	
21509	2	12	424.009104531263	
27775	2	4	171.893775878425	
9593	10	20	675.178593152751	
11440	9	36	1156.5723813868	
8179	10	4	196.455513032365	
16268	6	38	1216.56485223051	
12950	6	38	1225.18601035009	
13601	10	49	1542.94175737674	
23651	3	31	1021.74591715529	
15426	1	43	1358.82658313905	
28428	3	42	1331.51042646333	
13161	2	18	597.381841334226	
15653	7	19	634.93005696448	
25217	8	47	1497.84981383842	
13701	7	14	476.388374975132	
9964	3	23	767.257883347225	
11551	10	4	174.165187745432	
8891	2	6	260.812905738509	
14693	2	16	546.687407636404	
28571	1	49	1551.84162793301	
8694	9	14	498.0396399731	
27691	4	35	1115.1617289312	
20850	7	16	548.958113113864	
20409	3	42	1352.5292420725	
9719	10	23	749.630172862499	
23656	1	5	211.102489666595	
28100	8	30	968.483617309706	
21859	5	4	196.672380993456	
13259	8	5	217.901928600809	
27044	4	27	886.470958556268	
12264	7	15	506.232032378312	
28526	5	46	1467.30722149243	
24217	8	5	219.856325862862	
8098	1	46	1461.31476608166	
21818	10	19	648.849999498972	
8937	6	28	923.050285188039	
28029	5	44	1393.26605764835	
11326	2	48	1527.92740863186	
8085	5	42	1331.19889947176	
15317	1	32	1026.53530410795	
12163	10	49	1561.54139829871	
28917	1	22	727.14033004229	
21625	6	31	993.842125066483	
14003	8	35	1119.48412727541	
11717	1	37	1198.86474177188	
25889	9	30	982.736556689598	
10355	9	14	488.600806225371	
23950	1	49	1568.2769712658	
24046	5	28	910.577688119643	
8909	2	44	1389.99447816517	
11637	4	48	1530.10064013773	
29480	1	39	1245.25542283675	
26659	8	32	1046.14129673976	
21412	4	31	1009.87050379155	
17639	5	5	218.695041266594	
15680	2	28	908.847375600062	
18130	2	38	1222.93566276456	
10778	1	28	922.649351080251	
16638	10	14	486.942208524301	
11909	1	50	1585.35302336577	
9950	1	9	328.081234920808	
27770	9	34	1108.51362935664	
14696	2	44	1405.03982877593	
13799	2	5	215.274958599021	
15404	1	29	932.59455076074	
8894	9	46	1464.2032049709	
16664	4	13	457.525515471364	
27132	4	23	773.615290882818	
19101	3	28	928.999814339448	
20144	3	36	1153.33808978709	
15619	3	30	973.991825698871	
11283	7	6	246.237779113575	
11235	3	15	529.614006266749	
11417	5	35	1120.15210352845	
17680	2	50	1590.3002296343	
8219	4	43	1370.89930993081	
10065	5	4	201.319603864718	
14202	6	32	1029.47398583846	
22879	5	6	233.664500300616	
12905	4	43	1366.8936161729	
9686	5	41	1322.50168344122	
20289	5	31	1000.2066460439	
28861	1	27	886.094692873813	
11217	5	12	427.90745043564	
23347	2	29	956.370318418541	
15656	2	26	860.976609541558	
8262	1	14	501.165924752674	
8693	3	25	809.985822071315	
12555	6	41	1322.61972481507	
23161	9	42	1340.00262389891	
20521	4	41	1300.11462242348	
11047	6	16	550.616706568104	
27058	3	35	1120.98520010756	
22066	2	42	1345.84587610599	
14003	8	23	778.454069187145	
8729	1	15	533.027768942075	
9930	1	28	922.100501266355	
18013	3	26	858.567166467461	
11128	9	7	266.889576514666	
28331	7	42	1334.66153680098	
21681	10	18	605.211041218234	
11143	5	41	1314.98551534255	
16029	5	22	719.277156926355	
19844	7	43	1357.23959833255	
11638	1	14	496.002652466298	
20660	7	43	1363.86286102415	
18697	9	24	795.641416570005	
12136	2	48	1525.9891932113	
16695	10	31	1019.57027415725	
25701	2	13	447.795731335783	
21668	9	24	787.527771735344	
18127	7	7	273.461676926101	
27428	4	23	768.984850779634	
15833	7	22	720.0485923514	
26130	1	9	342.851339924546	
9090	4	28	927.874588876904	
16911	2	8	302.418936482826	
20484	10	33	1057.13237834029	
20067	5	26	858.90464018048	
17065	2	3	151.617941219182	
8166	1	32	1043.03728021823	
11739	4	39	1247.53969340005	
23731	3	32	1050.99556606775	
18308	9	37	1188.99719044054	
26429	8	46	1453.22346736361	
24787	6	14	503.375119130768	
20981	10	22	725.252579006018	
9683	8	24	783.76813016076	
21906	4	12	421.698034341306	
10655	4	35	1137.27246069222	
9238	10	15	528.798808664455	
23585	8	29	942.752437397257	
8994	4	26	842.584409323793	
26549	8	14	499.002963499633	
28489	7	26	841.682574954667	
14489	3	1	87.5161680986714	
11035	7	10	360.929489117549	
19021	3	35	1128.85509454126	
11746	2	48	1531.90479796934	
21097	8	37	1192.50745739439	
9516	1	3	145.335192971553	
24103	7	17	575.176731541369	
17366	10	44	1390.41554791407	
24961	3	29	954.823993479285	
13192	8	19	632.474852163566	
29685	10	34	1106.65294549738	
19880	3	43	1381.63185578847	
14489	3	14	480.936607756157	
9895	5	33	1082.99453618144	
29000	10	46	1450.57948031024	
16529	9	8	310.608832459249	
25132	4	46	1464.96812292606	
16651	7	50	1599.66252628698	
11395	3	4	195.271635295484	
8993	8	10	371.624256582756	
8281	8	29	957.671347818184	
29542	8	9	343.989949274804	
28810	9	35	1130.27996648582	
28453	6	47	1504.01613096894	
26130	1	50	1592.62753333553	
13712	4	22	718.610282018134	
9641	4	1	91.8732864092445	
29916	8	37	1184.29115887	
28867	6	47	1482.29781346503	
26830	5	48	1518.99692267133	
24158	5	45	1444.77533433809	
25431	5	32	1030.87726760231	
25311	3	9	349.981887280001	
24412	4	46	1478.36601739673	
24225	10	9	335.335171825874	
22103	3	19	646.945099759356	
26612	6	23	773.563841941563	
13644	6	35	1125.22758037095	
11679	2	40	1266.39718278609	
19751	4	1	86.2827482476284	
21570	6	16	547.860548676858	
17507	2	46	1457.12414548598	
11462	6	4	176.171572588464	
21978	8	19	636.522338276972	
12270	8	12	426.570521866237	
28756	3	22	721.743263342298	
9445	5	9	324.315971249862	
28079	5	41	1300.77359397932	
28590	6	17	571.118554031066	
13839	1	28	906.663628232974	
25384	8	20	663.830685738395	
22511	6	29	943.089911110275	
18131	5	22	727.312774028309	
21689	2	5	207.378706916877	
10788	7	47	1484.01122713648	
27280	4	42	1343.52621882387	
16211	8	25	830.649522631732	
9171	8	38	1224.83896357233	
28286	1	49	1539.27726463381	
16937	10	16	553.897175376256	
17897	7	2	133.461906562309	
13766	5	30	990.885572671371	
14878	3	47	1508.11773444904	
25764	5	32	1035.82707080796	
27276	10	24	787.699517825478	
12528	3	3	155.775677895069	
8485	3	34	1111.64996850847	
10091	4	18	602.570590359425	
17600	1	25	827.659364355569	
12437	10	27	883.634380550885	
12130	9	35	1137.04499051769	
23131	7	12	419.740542555107	
26693	10	11	413.26534350089	
29962	4	4	188.988887047856	
17513	1	45	1423.7637079059	
22117	5	34	1100.5472023322	
26224	7	6	247.818376686339	
13123	10	17	573.757628208845	
24744	10	36	1157.4456091027	
21860	5	29	950.884269993233	
18911	2	13	474.294310768272	
24944	10	11	391.099692429928	
22440	10	21	693.172604838932	
13354	4	19	655.634185232052	
23750	7	29	935.166236932933	
17721	8	17	581.685423227812	
19562	5	10	383.564493573999	
13472	5	5	222.603180363124	
16634	6	50	1594.35479026025	
23366	6	17	591.808953002006	
20209	5	44	1416.29557712762	
18714	10	36	1148.72487836924	
24184	1	37	1185.95031573714	
19990	10	24	792.500007409835	
11187	3	49	1552.82084168532	
8490	10	36	1156.97497600549	
27770	9	49	1549.00641103695	
29246	5	22	740.344501780506	
22530	4	46	1448.82282045149	
28444	3	9	350.794843971168	
23868	7	38	1210.09329483383	
16431	4	41	1321.74538089044	
20526	4	16	553.114229623747	
25969	10	40	1287.48417348018	
17420	7	43	1369.61863771529	
20468	10	9	324.090143183288	
9230	2	18	609.824567609385	
25931	7	18	618.323886980453	
8561	8	10	383.61499901098	
15332	1	13	463.464024804283	
26583	8	37	1175.70784213753	
26364	5	9	336.891894422887	
19842	8	3	147.393354469628	
8438	10	20	668.392994640578	
8045	2	3	159.602864607984	
17250	1	42	1342.36221413238	
28930	3	10	377.712967832439	
16888	3	29	932.483549216987	
20340	6	4	180.660833875025	
8726	6	7	286.014094597667	
24232	1	43	1372.21118432107	
14960	2	30	969.046788145344	
27520	6	18	608.215800099175	
13762	2	8	315.850411353563	
22408	4	33	1067.33880342326	
18977	7	50	1588.32011214845	
15190	4	25	833.790226817965	
24299	2	38	1220.76533609106	
28758	1	6	236.168045362536	
21467	7	9	346.788731900411	
19353	2	36	1151.54079129526	
23030	5	34	1107.47387490583	
23774	7	22	724.934807757351	
12540	3	27	886.650765131531	
20846	1	42	1340.7909751594	
20663	1	23	752.548929877835	
15163	5	45	1437.98546280618	
15826	3	31	1005.68843135875	
13608	1	27	886.015547516763	
14456	10	21	691.076093749644	
18371	2	50	1571.86085561843	
28848	1	43	1365.24060659355	
28572	8	45	1438.98818135214	
23317	5	38	1210.89076545597	
26969	2	31	1016.10111086448	
22890	7	36	1159.40368270474	
18026	2	33	1081.33152389961	
23030	5	18	597.557321096564	
14484	7	21	712.897142801852	
18977	7	7	290.458627552939	
8193	4	26	859.262008173048	
23152	6	21	696.522861819958	
15934	7	19	639.683667905481	
21703	3	39	1242.80872585383	
24300	8	17	578.583659650098	
17186	7	8	321.046506688486	
18482	2	24	793.529580791262	
13906	5	8	317.263818270184	
8597	7	8	300.14537005692	
22789	1	43	1381.29852556684	
11483	10	34	1090.29991636532	
9669	3	30	989.05923151833	
12361	2	13	462.155841617918	
29346	6	2	116.826267110569	
9984	8	28	911.923233509028	
8286	6	3	148.233967231696	
14205	4	38	1211.95708666554	
16951	6	26	860.742589338097	
23030	5	28	927.602019481176	
26677	7	31	1007.05393473015	
14721	9	47	1504.3767513262	
17038	10	30	972.024536473688	
20150	5	2	126.468001700224	
12468	3	34	1089.58474012538	
20498	1	8	314.15323897924	
28963	9	1	86.9705777275239	
14610	2	35	1130.0586067932	
13958	6	31	997.325034643209	
17705	8	27	899.749300489085	
14456	10	47	1507.93512071852	
12576	6	17	586.98858824884	
10909	8	8	316.2329057214	
20663	1	17	587.868193289204	
18355	2	49	1545.7094178096	
28352	2	34	1087.52672372736	
12599	7	15	535.017929475297	
16232	1	16	547.790207000352	
20650	8	33	1082.12608190352	
15741	1	11	388.067105481432	
12383	4	34	1099.74446847092	
15173	9	49	1559.01934908657	
25168	5	37	1200.721644536	
25522	9	24	785.543061301831	
26362	1	34	1104.71702194992	
16900	6	37	1200.77617738432	
22325	2	20	662.801624100097	
20982	7	30	983.084764975628	
10402	1	44	1402.16191424158	
18082	4	10	378.967531946938	
23035	8	29	947.867143632782	
13986	7	49	1547.4465960392	
23144	7	8	300.588934561512	
19400	7	40	1269.95530161539	
8523	1	41	1305.8432080717	
27382	8	11	386.081876226739	
24828	3	47	1487.23747169936	
26794	5	19	650.054860119733	
19608	10	36	1150.0989277801	
28999	8	31	1008.65548687459	
18224	9	17	571.613081922575	
14096	1	24	790.987899895286	
27168	6	44	1396.20454614805	
18327	10	31	1017.5145177811	
25757	8	11	392.210249338397	
20365	8	27	874.309937318	
21746	6	26	854.067010643923	
11763	1	14	481.191038229126	
12747	3	15	516.446423808321	
15217	9	19	629.299543383205	
16529	9	13	456.905304033731	
20805	5	37	1200.44376023134	
24826	6	5	209.831004762012	
15116	3	16	552.675483856665	
28191	5	45	1427.85755101026	
15778	9	32	1048.03458564358	
10896	7	10	383.655106790203	
23312	9	7	266.481475171857	
9535	9	18	621.750979750301	
23694	4	47	1488.80856274106	
8131	2	39	1251.35161487914	
12361	2	21	703.885812751896	
16252	7	42	1327.89669255162	
24985	9	21	698.357502696271	
23450	10	49	1551.8821568563	
20466	6	49	1560.48852467932	
27746	3	10	366.399653687328	
19083	5	19	646.277604106012	
19586	9	27	882.024985217501	
29128	5	39	1239.62754158286	
21635	5	37	1200.289252028	
29724	8	47	1484.96306935556	
9634	2	31	997.691279220251	
22700	1	3	153.470595028936	
9847	2	44	1416.45402355886	
22497	8	11	388.75656857563	
27932	10	6	242.81480293852	
29461	6	7	263.207126754898	
28104	10	13	473.332811963434	
22015	10	8	310.407084631923	
15980	8	12	426.709166740398	
19294	4	6	261.610585870971	
17905	5	16	546.638341167308	
25688	1	26	852.862370858371	
25509	6	48	1522.06222791321	
26435	8	42	1347.42338340144	
19194	3	45	1417.61559127719	
16492	6	42	1347.91345070485	
16904	6	45	1442.09775060513	
29001	4	9	337.808622428127	
10795	8	1	82.4267694365358	
29217	9	41	1300.7559965275	
23647	9	1	108.303880369432	
8427	9	39	1261.29036503904	
11091	3	43	1357.30387199545	
17942	3	46	1467.72726917068	
26081	2	33	1063.09120734366	
18799	1	23	777.847043451782	
10874	6	33	1065.6323609248	
23607	3	12	431.721724659075	
11794	8	17	587.910283630672	
26664	7	7	287.789406537912	
28312	7	37	1199.16605301163	
19345	9	27	876.818882225463	
19442	1	32	1029.0102913552	
23317	5	17	571.942234678167	
23924	9	7	282.752481011093	
12749	4	2	136.360409733076	
23825	7	22	736.221460297807	
22381	1	35	1119.10098243463	
22608	3	27	885.219782705055	
18707	8	4	200.447980035305	
19828	3	44	1393.14866320842	
29002	8	11	391.343895118378	
26505	2	35	1142.09939600066	
29346	6	33	1069.74102900817	
29193	4	6	237.247471584588	
16978	5	16	555.034321693254	
17023	1	23	776.295274783063	
21754	10	7	284.458773454865	
9683	8	5	222.872933402133	
26858	3	18	618.486202982481	
19445	4	24	804.179853500882	
24061	9	18	624.216362789374	
25032	4	39	1237.20077214632	
11984	7	47	1499.5332555005	
11340	6	46	1456.65918898613	
17112	10	42	1336.40091418121	
28670	4	11	396.166723033491	
12254	8	49	1548.72675438818	
22005	10	28	925.665361231968	
27075	9	33	1064.96775948674	
27400	1	24	797.574765830103	
12558	7	2	121.611087304359	
26202	10	41	1322.49680100125	
28735	3	5	218.919760202486	
22413	10	20	662.444532859346	
29403	6	40	1269.81945894184	
11677	4	45	1423.85207950317	
15826	3	32	1030.11999323504	
14143	1	36	1144.67090239035	
22151	5	43	1361.25518154411	
24750	4	21	691.69199040704	
23019	6	11	402.996768170501	
25420	5	32	1052.58883972307	
18890	4	47	1481.97878940123	
12627	1	47	1507.60733331908	
13238	5	41	1316.95998525105	
21865	9	4	199.190969038378	
17942	3	10	367.562842987274	
21885	7	41	1310.47979758609	
20801	8	17	588.056885650408	
29720	5	1	81.5517686687185	
15664	10	26	861.173587469931	
22309	8	7	288.848791256942	
21299	6	49	1569.42408064819	
11508	8	34	1083.60955303703	
23809	2	19	654.949690222251	
11292	3	39	1239.61811007914	
28569	2	35	1129.4770358547	
29794	4	21	715.283045692035	
17440	8	16	546.351566829882	
26906	4	42	1340.19368669958	
14596	8	24	787.494705909628	
25819	4	7	273.435621202661	
20377	2	45	1420.25202321832	
27582	9	31	1002.8732142052	
28878	7	42	1351.53757590406	
21467	7	20	668.847094117127	
23827	8	31	1003.17963579818	
19120	7	14	487.296496148825	
19439	9	17	567.428012642743	
23783	1	22	731.182242190084	
27716	1	42	1346.17528154802	
17366	10	22	739.787871064519	
11422	7	13	461.617751858019	
15565	6	48	1526.79421257544	
12558	7	14	481.183085330382	
15944	10	36	1171.6275230663	
9409	7	42	1355.22198274509	
17013	7	50	1591.92592218142	
16424	2	5	219.699203735077	
19295	4	38	1217.20994514283	
15994	4	1	108.603880046217	
13364	3	8	318.246956802088	
29410	6	12	417.608475581561	
13955	10	33	1063.41599081802	
15874	8	48	1536.40117836017	
24102	10	45	1432.76229604742	
21730	4	42	1353.07272035306	
20677	2	22	735.310207165457	
28909	10	1	87.4948426370951	
20954	8	1	110.201348862705	
27627	1	10	374.37504364847	
20003	1	11	394.836947543005	
28710	3	20	678.319335560463	
8142	4	1	101.061494844529	
29138	2	47	1504.19728449741	
14940	7	5	209.56114696784	
23885	9	38	1232.33681650475	
26057	1	16	559.105575196028	
25383	8	6	236.069757415014	
21059	1	22	728.112891133927	
21342	2	24	796.011333240201	
26262	8	47	1480.26634683845	
9121	1	25	823.051784943348	
23318	3	46	1456.87464346032	
21595	6	9	335.376487120696	
18036	7	4	201.385716405411	
26280	6	45	1427.23103939892	
13046	8	2	122.629868072751	
29416	5	20	682.426467706648	
17201	3	34	1083.32216715595	
18595	3	47	1484.39612733405	
24524	4	35	1137.55111367328	
11597	8	17	575.583841956958	
28907	6	28	929.14162168705	
28999	8	41	1311.58980665337	
24732	1	16	549.247749107539	
25937	7	46	1455.8271456211	
22520	2	12	436.836032400297	
16120	1	33	1066.47203584503	
13135	7	48	1518.77527985665	
24552	3	28	915.774373764067	
23482	10	9	347.86942863272	
28245	4	14	479.80165351173	
19044	5	16	537.226663780039	
13347	4	12	436.807198541615	
29881	1	32	1031.33833400502	
28200	5	3	141.468535504056	
24081	6	12	440.556257013491	
29465	2	1	102.596928078028	
8558	10	9	351.621938362542	
13869	7	49	1539.29070656155	
19524	5	27	876.116407549063	
24116	9	45	1435.85616476641	
15013	6	34	1091.58631260115	
8491	9	14	501.198611902631	
17875	4	5	228.337533207767	
10416	5	34	1095.19517185874	
28407	6	16	560.733832121237	
20867	6	24	808.039503697324	
25614	1	44	1415.01546195476	
23672	1	1	85.5312566484936	
28210	4	41	1310.44285228031	
22535	5	2	132.883739458809	
15475	9	18	604.172675481146	
13354	4	5	225.805221528655	
12646	9	25	836.823929975193	
10862	9	45	1419.25310558605	
9290	1	42	1349.17771387341	
11273	1	11	389.47168819116	
28015	4	32	1034.94953538987	
29235	10	10	353.73400134674	
16425	6	27	875.500784104457	
12035	3	34	1092.633539351	
22019	5	8	317.294477558366	
16546	8	44	1412.33851736986	
9435	7	15	528.141904607481	
29860	3	33	1080.46469332672	
27405	6	10	365.825121163309	
20438	3	34	1100.06744491871	
10766	6	28	904.038153115678	
10767	8	2	139.917180901355	
16316	9	33	1066.67478238543	
20522	5	1	100.032939994723	
13068	1	11	410.804529344106	
18829	4	36	1144.0314605944	
11829	9	21	688.279719784986	
16709	6	41	1301.69494890687	
17963	7	34	1083.99752935581	
28839	5	15	507.943009784419	
8099	1	36	1163.2522734456	
19727	5	33	1054.0525772488	
20727	8	30	975.093313499863	
9778	2	38	1228.79652870297	
12055	5	39	1251.45657389027	
13819	10	48	1513.24402320815	
13702	7	38	1205.33152148376	
26107	4	8	294.985689173912	
8105	6	46	1475.62897803058	
17065	2	11	391.421442251383	
17098	7	37	1199.98326856642	
21106	1	38	1212.08522841897	
29034	7	11	392.290821630643	
21481	4	2	131.08456882233	
21571	10	20	667.647392688155	
22782	6	50	1597.8879370158	
19283	7	22	743.789922457091	
26779	10	43	1383.48286819806	
15606	1	37	1198.56168720804	
24819	5	40	1279.24779523129	
11764	1	50	1573.05670729515	
13182	8	22	747.872839881048	
12267	1	24	809.370050695431	
11408	6	33	1060.66638720253	
17537	3	47	1504.00135058165	
14939	10	42	1355.09828105341	
13188	10	18	618.856474263061	
17446	7	40	1290.40991228559	
25316	9	41	1322.0792101147	
14947	3	33	1060.14121488675	
10394	3	35	1137.52550174367	
26028	8	35	1135.12898106832	
15833	7	12	415.255576230239	
20042	8	28	921.234704088995	
25600	5	25	826.21941474556	
16100	10	50	1580.89695814107	
11746	2	30	978.640687846877	
19889	2	39	1246.70425540148	
19831	2	45	1441.17696546073	
15291	2	11	404.050454350212	
10764	5	7	287.006995886102	
14085	3	8	313.15621543357	
12699	5	38	1204.83571529614	
10826	10	50	1574.40367891193	
16196	5	47	1500.08417635229	
14116	2	40	1291.95292469671	
23396	8	42	1347.62635927071	
17927	2	31	1015.5902135631	
20373	4	32	1032.38554730657	
29559	5	11	412.916592328305	
21231	5	14	480.24153813731	
27067	8	28	904.796851586922	
16029	5	4	183.133261698826	
16476	4	44	1404.74973412452	
12843	2	15	534.886302489269	
25860	2	14	495.379433564553	
27754	2	9	324.682526553368	
28200	5	48	1514.42692629733	
29012	5	41	1324.79517812133	
8995	7	47	1496.35829283686	
9879	4	30	974.387548945093	
23151	3	48	1514.92160919817	
16476	4	17	572.906479059209	
18724	8	14	495.487763143837	
28491	9	26	853.895940507714	
17568	2	3	144.854287498097	
9980	1	27	876.829652188732	
27932	10	33	1071.05611754165	
23374	10	28	904.865154076771	
19729	10	20	686.750434547081	
27167	4	21	699.247249168925	
11538	1	34	1097.08566705561	
11134	7	49	1542.30590273734	
16275	5	27	874.511232857831	
16095	2	33	1072.24079934519	
8019	6	42	1339.90049186158	
28990	10	35	1143.03712458491	
8319	4	25	834.966371783505	
18866	1	36	1160.58221085024	
20870	8	7	292.04842588494	
21253	6	1	87.4719217826947	
9964	3	37	1203.26626069996	
14870	8	9	338.024364979018	
21718	1	30	989.162617786398	
20813	4	20	659.899676749436	
28162	1	8	312.728650156748	
24994	8	32	1031.9957193695	
21158	10	18	610.505842105721	
24256	9	13	466.348401599726	
11763	1	11	410.839981181007	
18855	8	42	1336.21443158771	
21470	6	33	1064.21376154954	
29043	4	48	1521.90907728016	
21403	8	49	1544.81867262387	
9432	3	32	1029.66290540512	
14215	1	10	372.085386687929	
24048	1	42	1340.24973637436	
27142	10	24	789.347952152299	
23356	8	24	800.507738404212	
26326	9	45	1435.22988885419	
16229	9	14	495.123272507975	
28334	5	10	356.570241729063	
19064	5	4	190.725059486332	
18562	3	12	425.635112759487	
13290	8	41	1313.66934315938	
19334	10	30	983.155871081704	
20034	8	30	962.490948849586	
29219	4	28	908.622028840995	
10897	7	11	412.50893477933	
18816	4	24	794.985810627689	
11853	5	29	952.342308979641	
18163	5	34	1089.71615476986	
12724	5	12	433.844715447093	
21698	6	34	1112.74675223639	
12481	5	47	1488.88637105417	
25057	4	43	1371.12128824513	
11465	7	39	1256.89724421915	
21928	3	37	1183.74386127281	
11303	1	45	1435.5880863944	
29868	7	18	621.167290350966	
24461	7	21	712.858568128598	
15065	3	9	346.323810083011	
14382	10	20	684.707715941923	
25133	9	17	574.025172895764	
11081	1	29	950.536002959374	
13085	8	38	1235.03348761938	
28749	7	37	1175.17658977545	
15638	9	50	1597.48723011347	
13308	9	45	1444.84832745271	
19197	8	24	780.155412657259	
14906	3	50	1599.65075548722	
24840	6	12	433.689172432613	
14869	2	2	114.458633379293	
22108	1	41	1325.35232199605	
11531	6	44	1396.92515337697	
22005	10	42	1330.90168005363	
17888	4	34	1092.54120121363	
28733	6	48	1512.38925221953	
12076	8	40	1275.49327462702	
20370	4	40	1276.74380566773	
17778	1	29	950.237701307162	
28453	6	5	203.373690528503	
9455	5	7	277.996907326391	
29202	6	40	1271.36259097204	
15944	10	33	1058.49767220137	
16185	10	9	326.498276817844	
27132	4	21	710.36904610245	
23636	7	14	489.162325043773	
23372	7	2	135.932301569699	
21033	2	39	1258.54161715998	
24458	7	21	715.188142468775	
19601	9	6	236.505875101549	
25540	5	29	953.759865757897	
21071	3	6	259.340448053247	
27825	7	24	802.371320725592	
11657	9	5	228.799462424963	
12576	6	40	1271.86252578714	
14956	6	38	1216.69988659057	
24215	5	33	1075.09910980011	
25600	5	3	158.635855539998	
10638	9	44	1407.97928130626	
24158	5	30	965.003718736118	
17096	2	33	1063.77370138828	
12480	10	38	1232.35352212207	
21632	6	24	795.335055140469	
14392	2	18	598.653136547028	
28334	5	33	1055.25752139057	
21814	9	21	708.492393451041	
15496	9	41	1315.82159885942	
25532	1	6	237.984691000536	
14508	2	10	358.580087031508	
19645	5	42	1344.50799199962	
17856	10	47	1508.25058664579	
15355	3	6	238.844280726669	
24417	1	40	1270.9295890438	
11909	1	17	589.484877600095	
8169	1	3	148.32690275662	
23411	4	31	1013.34512496989	
26893	10	35	1115.5275006944	
23392	7	21	704.03772614153	
18075	5	18	604.664441516932	
13288	5	23	766.014264731675	
17023	1	49	1541.55492854377	
12203	4	7	266.306710292728	
25917	2	3	144.967270188484	
17604	2	45	1443.14488038567	
12599	7	33	1079.92930667472	
25801	1	46	1455.11818532605	
13518	2	18	602.981001270461	
20772	7	39	1248.125690952	
25743	6	2	139.039154266491	
25603	7	46	1475.84131462306	
22234	5	15	517.290142419417	
15033	8	37	1196.85741908702	
29842	6	46	1468.76452436147	
14150	9	50	1585.23398257104	
13859	6	22	739.59998914022	
15965	10	19	645.643385204321	
29487	4	16	556.027535831569	
18168	7	16	539.844535654338	
10722	7	27	871.240755427275	
10291	1	1	81.876652651409	
13487	7	23	773.340726184352	
29024	4	47	1497.94761056916	
26884	5	30	979.961530128476	
23528	4	30	970.68015046915	
25024	6	9	328.255288455754	
25420	5	24	794.915585031228	
29520	6	17	588.410859009442	
15291	2	8	292.886443125497	
29860	3	3	160.472559668344	
22521	2	9	338.517400817255	
18534	9	4	181.172385896171	
22207	1	13	451.061383658583	
14804	8	36	1153.97141402307	
27489	3	22	721.965016574583	
21255	3	32	1023.44879019235	
15641	7	27	877.466991095556	
21304	6	36	1167.38625193359	
9975	2	29	952.190174754798	
23671	5	35	1118.72382987231	
9582	1	37	1200.13933606452	
18988	1	4	185.51139218058	
18467	4	3	147.695907907419	
9060	4	4	178.945536734045	
19194	3	14	482.738772408449	
28848	1	28	907.217849580207	
15143	7	11	391.393167558775	
25362	10	10	370.079756365195	
20583	5	40	1285.69560647276	
21943	9	46	1449.88488845987	
28231	10	34	1102.6835175523	
19326	1	16	537.317589138317	
9679	3	19	655.682965040059	
24580	10	45	1432.79697071425	
21158	10	18	602.787788865523	
23875	10	50	1592.67353854732	
27943	4	2	123.607317974608	
13385	5	27	886.345180164252	
19890	2	23	774.287119719334	
26717	4	37	1194.88959192992	
19391	10	10	365.013721643488	
19721	3	29	946.707326316604	
13520	6	11	390.094558144964	
10456	9	36	1167.65313128366	
18195	2	44	1400.52175344924	
14485	2	43	1374.66892872689	
10598	9	3	146.228758760834	
18319	2	2	122.886005063954	
21240	10	25	826.799507786892	
29717	9	19	641.785192378697	
22646	2	46	1462.13299804466	
26218	8	33	1078.25713327073	
28293	6	37	1203.83736107677	
20011	9	31	1021.12070578203	
21943	9	40	1271.10141936275	
9430	6	47	1496.36526047083	
8440	5	21	705.644818276933	
28026	1	44	1399.00207383512	
10135	2	17	577.222757720026	
14501	10	3	143.462300888944	
21569	3	48	1536.86212089698	
28171	1	14	504.835828666033	
14133	4	28	902.715252536682	
15377	1	12	443.001554665622	
24550	10	20	657.789042116045	
16903	8	44	1401.19981167894	
11563	5	35	1125.48942085611	
9025	9	18	618.264412944328	
26627	6	19	631.183625157542	
23097	6	22	729.29147802726	
16818	4	30	979.841472217739	
17897	7	50	1591.1218109313	
27276	10	13	473.099132214253	
10664	8	43	1357.30058282488	
26055	3	25	833.710108228824	
24306	5	9	333.432009747919	
29152	6	44	1395.41683403562	
9143	6	17	580.042776623761	
17806	7	10	378.423783284809	
8485	3	21	708.069843681562	
8633	8	26	840.989090819372	
21516	4	9	348.507162494821	
11978	6	35	1143.2802485783	
21402	8	22	723.910414094064	
25383	8	50	1587.75189041521	
9274	9	1	104.426384281566	
25678	9	29	933.480228061546	
16010	2	38	1234.56225925803	
19556	7	6	241.695551351502	
14354	6	21	706.422528394695	
13696	5	30	967.02872027039	
12380	6	9	324.605244139491	
12572	1	11	389.122422444225	
25391	2	21	710.82481883039	
27342	10	39	1258.02747103294	
15587	9	46	1460.17789297745	
29235	10	2	123.992073779922	
16227	1	49	1547.09300347934	
26428	1	17	589.864089167614	
18331	8	50	1599.3219417703	
28668	5	9	329.179507870776	
19967	1	35	1127.96434581651	
19353	2	34	1091.70237990641	
29083	6	4	177.508029759632	
24208	5	39	1261.94372016096	
18879	9	46	1471.01118711336	
25655	3	20	685.15800105648	
9612	4	45	1446.53677825189	
17933	1	7	267.410597553202	
18390	3	31	1017.66940961483	
19920	5	4	180.948426435212	
19734	9	5	205.602041653172	
26487	5	34	1100.57829055031	
16093	8	46	1469.15291403846	
20744	6	28	902.473210069571	
25743	6	40	1268.35495840216	
24552	3	29	961.555580087731	
21720	1	6	258.804838442618	
29945	6	13	455.249664250412	
15990	1	19	633.362657834479	
23477	6	16	547.719583617393	
13940	10	47	1490.92716159808	
10184	6	13	456.568861592826	
26885	9	48	1524.76109676285	
15377	1	43	1362.26275775687	
10571	5	22	735.236228078248	
25098	2	40	1281.99938848708	
29481	5	43	1362.27431338386	
13308	9	4	179.273111791943	
21698	6	30	973.53221525137	
22856	3	7	289.439935967997	
26886	9	46	1448.32383055628	
25133	9	50	1590.17868745615	
22408	4	10	379.101841514512	
10655	4	13	458.890335810785	
20142	5	41	1313.02474500287	
29539	6	26	856.80478258841	
14689	9	32	1045.77221881867	
11992	9	33	1061.96669393311	
19844	7	4	196.740703301849	
16852	1	31	1019.26838322509	
29551	2	34	1086.94344980966	
19823	7	32	1047.15166170483	
20804	9	25	824.026141736669	
25290	2	18	605.474101959483	
14741	2	26	841.426678617218	
9534	5	25	824.026953589184	
13948	2	15	519.969508405761	
22512	8	44	1408.35160876082	
27254	3	50	1589.67251263078	
15630	10	17	578.622312889724	
19826	5	46	1465.1872353373	
13880	1	36	1171.84333922893	
13240	3	49	1556.50143133313	
26284	2	35	1131.6023581529	
20891	5	12	438.252346272698	
20466	6	23	751.39548422368	
12261	3	36	1166.94128314356	
14786	4	12	415.245272002763	
26544	10	18	606.707492082709	
21299	6	7	269.011798626283	
10285	2	28	922.883687672617	
28613	7	42	1347.26366645995	
29481	5	27	893.878382301833	
27943	4	24	808.229473646837	
8706	1	9	332.624595878937	
23324	5	5	215.423354197025	
10539	1	24	801.476449035796	
24730	4	34	1090.26257822768	
20067	5	37	1189.44846506671	
20762	6	14	491.550175813749	
9395	4	48	1515.78336126906	
25503	6	24	796.838144509512	
19800	8	9	338.508960948563	
9203	9	38	1214.09427460939	
27919	9	33	1060.77613380774	
17675	1	15	523.775499893248	
23934	8	38	1232.54271985616	
27443	9	31	999.286994803365	
11746	2	18	600.836079139652	
28569	2	48	1511.20927448906	
25458	3	26	842.029880081317	
22839	3	49	1553.92270462304	
10331	10	4	189.600599161163	
19207	1	13	474.909902361645	
25320	4	12	424.252700630693	
28098	9	10	356.480491327346	
25260	1	2	113.677256123013	
19269	6	26	847.499483361607	
13127	4	1	100.637989538088	
21509	2	19	641.629260779186	
19011	9	40	1289.86349944485	
29288	8	21	710.526946815907	
13328	2	15	535.259201850397	
9757	9	48	1527.72890467557	
11177	7	4	176.384695552469	
16722	4	42	1339.67978334971	
18977	7	6	233.273279402998	
15751	2	1	95.7966680898316	
18596	9	9	352.849506080546	
13940	10	21	706.003324420193	
14470	8	1	102.550504553388	
19827	9	32	1029.70693017808	
22252	10	8	298.903143694114	
26451	8	37	1178.12233681703	
19402	3	20	662.838951620664	
15420	2	22	748.349090827792	
27527	8	28	913.334378280367	
21672	6	12	422.407156723741	
25368	7	3	150.826224345167	
14890	3	48	1514.47684637945	
9722	5	35	1118.85276436752	
25724	9	6	247.654288340199	
28071	3	44	1414.40919286311	
29267	2	21	695.498217593645	
18988	1	32	1026.98191854497	
21097	8	30	968.960983049572	
18803	4	39	1237.66306729878	
24116	9	14	498.968479940187	
27661	3	13	463.976773016144	
10417	2	50	1576.14410455159	
24842	3	4	181.746098074012	
16790	3	49	1553.97696567419	
24397	6	33	1069.62458868959	
29679	7	19	627.819204287519	
28398	9	24	801.686676368903	
8918	2	27	885.256414453153	
11654	7	9	341.578942659115	
9127	2	11	410.780056272997	
22707	4	35	1117.70957905692	
28597	3	41	1321.09635045803	
25614	1	10	370.50222049025	
12626	9	38	1216.74605176633	
21612	9	22	726.437488722819	
28992	3	47	1494.83275471946	
16094	7	47	1488.65876993568	
28602	4	44	1412.32294990324	
23347	2	42	1335.01956092893	
14582	9	18	611.478262344132	
9796	6	44	1412.07095074098	
28572	8	40	1275.9036098029	
17933	1	32	1043.14611304698	
24693	10	40	1291.27009939927	
24592	8	23	776.67325901644	
24509	2	4	186.161143158638	
14300	4	35	1122.77649641166	
14972	6	35	1122.20921110465	
28114	4	27	896.117753952796	
8365	1	45	1439.76098425675	
12136	2	17	580.7469861306	
13150	4	24	807.423712502897	
15440	6	4	182.016716050923	
20645	6	42	1334.30479946281	
13930	6	38	1231.81989507369	
17391	2	10	376.705401528955	
14909	1	18	604.25722634618	
27189	8	3	148.5735388792	
17099	7	49	1560.08234148849	
21698	6	40	1271.08393940659	
20523	1	13	456.435660448128	
20242	2	43	1377.58253716751	
12512	5	14	486.770148168677	
23312	9	17	582.55432200737	
25779	1	28	904.697577666816	
27007	6	12	429.729873887137	
10123	1	38	1223.9746258892	
18080	9	47	1502.1067126012	
27764	10	35	1121.21679961738	
13950	9	48	1519.57643814365	
18149	8	24	806.839447657969	
8124	8	38	1214.65896864173	
25493	10	38	1233.94142212064	
11981	8	21	706.184804954652	
24871	9	20	686.897529199206	
15546	10	24	788.073163213242	
23392	7	18	612.997991504612	
8234	9	14	490.475998674741	
14270	8	26	857.303706657749	
16751	7	30	963.463445530954	
15380	9	34	1105.04270787586	
27872	4	40	1279.47746526426	
18286	10	50	1589.13866050036	
13189	6	14	501.817958402363	
13472	5	45	1430.0330701424	
25654	8	11	390.285866554028	
11351	8	38	1219.07963440711	
8857	6	19	636.197421027439	
11079	4	50	1584.92615669264	
12685	5	12	429.732087193864	
24826	6	30	970.575528373278	
24128	3	45	1420.08523105648	
15031	2	46	1452.24060841475	
17269	9	3	143.935621522337	
16870	8	6	235.042601896004	
18833	2	2	114.48841357347	
11158	4	26	869.133461634225	
24389	3	16	540.591791039608	
29499	10	13	466.572521732455	
19092	9	12	426.943385129302	
10942	1	16	562.186517269437	
12636	3	38	1220.66978381047	
18224	9	1	80.9924114872666	
23399	4	30	976.541315809144	
21327	2	21	712.921536598784	
11950	5	30	966.088017488871	
20255	6	36	1173.48229038226	
23452	5	33	1075.83191109627	
28922	3	22	727.407270263604	
19779	1	15	523.746731860445	
11614	3	43	1363.70741002434	
17458	3	4	193.781227671439	
17648	8	27	891.269832221451	
20954	8	20	676.618895957535	
11846	7	6	246.041231530738	
20028	2	23	776.958195183872	
25589	5	44	1388.44387666715	
22826	10	50	1584.95218976631	
16253	3	23	752.521251864974	
26258	9	17	594.411711112788	
28941	6	25	810.650239480031	
10581	9	20	667.777204861761	
25339	5	48	1517.18055590856	
26919	7	23	771.484712423517	
25621	2	19	629.000909770374	
12876	7	30	986.754216601492	
16060	9	43	1362.41836022698	
21196	5	36	1170.0058005983	
25493	10	16	551.142203058648	
9269	10	19	652.409115625736	
28023	1	48	1518.93970157902	
24562	1	3	152.406200465004	
16900	6	1	103.903476942286	
25478	5	15	510.360321528446	
13504	6	14	481.276928261517	
18744	8	47	1484.37292406539	
13644	6	40	1278.48505377699	
13934	2	21	692.597344691212	
28149	6	44	1388.89642180358	
12933	4	16	543.945052653526	
27812	4	25	816.803576171772	
18678	2	5	223.247723310836	
17283	3	47	1508.79015076384	
25168	5	35	1141.17942483219	
20471	5	20	666.024677169521	
26236	7	26	856.794300701839	
25957	10	18	608.815398835025	
15834	3	26	855.621712457213	
29624	3	47	1497.8943899916	
25339	5	33	1058.08440671213	
29822	4	9	326.044536906315	
18833	2	27	884.181271867911	
24300	8	44	1388.07053917463	
13911	5	46	1472.16081061967	
26184	7	38	1216.29314564927	
12069	6	47	1494.40931240768	
20542	6	41	1303.48922790191	
29999	10	28	909.50769906375	
23789	5	12	427.540406038771	
17141	2	41	1326.16731999729	
18021	6	37	1203.66965726189	
12970	10	1	83.4764897839522	
25929	5	18	604.689708037623	
12412	9	3	154.998154637869	
23119	7	18	604.807030281428	
20952	10	40	1291.30120955934	
25168	5	3	169.877750729154	
17691	3	13	460.909510693005	
13510	2	7	275.341967696018	
29288	8	10	361.668307465347	
25975	8	34	1098.47314140688	
12380	6	23	775.846531975943	
20203	1	7	276.055767962735	
16727	7	7	288.576199211449	
27121	9	43	1377.60813494102	
21956	6	20	667.402516169195	
19049	4	23	758.987054097926	
17112	10	13	456.001131076366	
24889	1	4	185.460035253996	
22252	10	43	1372.20660906853	
21198	4	13	457.938817766467	
20448	1	17	586.79664776977	
13911	5	40	1272.1114106067	
8234	9	34	1093.05779634652	
20105	7	11	406.364578719421	
16895	8	21	714.758429711106	
9238	10	10	364.33566129037	
8191	6	5	231.742666322618	
12843	2	27	894.067175879175	
24840	6	17	586.86761585384	
29083	6	6	260.883696163485	
19811	2	13	448.977354713239	
21551	4	9	345.056938652441	
16959	3	3	142.729101806287	
22894	6	29	940.275395391637	
29035	2	25	813.32708638782	
17648	8	38	1218.55801527321	
19507	7	45	1433.79199612597	
27441	7	18	616.372394550765	
23988	8	30	974.723467610182	
10629	8	23	766.916549972685	
27781	8	5	227.90588814202	
8121	2	20	660.279744761195	
18043	3	38	1216.22608252625	
17555	8	49	1559.61126530525	
24785	10	36	1150.19800493037	
12685	5	21	688.125503905176	
14537	6	37	1179.49433996319	
22914	7	4	174.552675678652	
12204	2	19	628.890629480076	
14185	9	25	815.422258309751	
12961	9	28	927.48809682554	
19011	9	24	804.047663809754	
17213	9	19	655.333796970236	
23310	10	29	948.228502230825	
15846	4	21	696.873009492118	
8319	4	11	411.365079177248	
10590	4	34	1111.63191169111	
23465	8	42	1348.63357591845	
9560	9	47	1490.04860057032	
19862	2	31	1006.96554826897	
24615	10	48	1538.13508440654	
20665	2	36	1166.84233481383	
29219	4	40	1288.47435184218	
27536	1	4	180.784611301862	
28505	6	22	729.495786693644	
25378	8	15	510.789593323502	
23723	6	5	213.326666156448	
23078	6	29	948.300803819811	
9980	1	19	644.281048553195	
16384	8	32	1048.84450089598	
21325	2	28	925.19505797196	
16858	9	45	1439.6287365256	
26729	1	25	810.736567643814	
23602	1	20	685.290059095849	
24921	1	8	310.032929624446	
13148	8	48	1526.51690300858	
26592	6	2	135.885328080452	
25703	2	35	1133.44653104127	
16936	5	26	856.166573789048	
27455	9	1	106.63292580593	
10528	1	24	784.841321327184	
27657	7	2	137.189990643966	
27242	8	9	345.176546399098	
19544	10	43	1371.44535754409	
23828	2	29	933.395599337945	
10893	4	39	1244.92969090349	
