idEmpleado	idDepartamento	ventas	importe	
13645	4	13	473.730451946021	
9437	4	16	557.073845973738	
28103	5	42	1332.72800351154	
22143	3	24	784.774750128749	
21507	7	39	1256.46052206702	
24261	1	46	1463.0568210888	
17704	9	46	1448.97850856603	
11567	3	44	1391.32900302826	
16152	5	14	488.299708742788	
16120	1	6	244.926648626535	
23733	9	29	956.836842706817	
11579	10	45	1439.53999333062	
26870	3	41	1322.695917209	
20800	6	29	936.54095805089	
11557	4	24	806.626449267672	
15088	4	44	1403.22124941425	
17820	8	18	607.317593231479	
29087	1	38	1206.0984545602	
10079	9	38	1204.81542818473	
13702	7	49	1552.56036230948	
8094	8	33	1073.90319937556	
26501	1	41	1301.61888533347	
8565	6	36	1152.36356028931	
13388	3	17	566.956443119308	
23636	7	19	648.746769655844	
22341	2	36	1155.51191514149	
11950	5	50	1582.31002743464	
8084	5	47	1490.67550501352	
23740	2	7	276.929413991482	
12299	2	26	854.38960204571	
12927	4	19	656.491208456685	
14480	10	18	614.836884166504	
18520	8	4	173.146530135137	
16597	10	46	1474.12407031009	
20590	7	13	473.068731274953	
21093	1	40	1268.39206579532	
12467	7	26	845.264433568932	
20526	4	33	1075.23432181926	
10665	2	45	1441.55483290625	
18405	1	39	1256.00344556198	
15847	2	37	1203.75770114537	
13955	10	48	1538.0896220813	
11542	3	38	1216.84754394779	
20065	6	6	261.754836561975	
18970	4	6	250.565617648217	
28296	7	1	98.3548415537713	
28509	6	39	1259.03596951581	
12226	7	8	318.151262252662	
20370	4	37	1200.31700506821	
22413	10	9	329.996426147407	
24998	5	8	308.880692193695	
8524	1	9	337.574474819738	
13371	7	8	320.714707449411	
29278	10	18	621.689243568894	
15721	4	42	1352.35629412921	
13309	10	23	772.111566612549	
29953	1	31	1004.71028568442	
19632	2	26	845.771560392236	
15593	2	5	216.027980472906	
14807	1	4	180.948606925527	
10242	6	47	1480.74679365416	
15605	2	49	1558.30300355251	
8661	5	37	1194.39958903678	
23449	4	38	1233.91010669708	
27580	2	37	1188.43544016985	
26706	3	12	421.999958540313	
18439	2	42	1346.39346319548	
13270	1	46	1448.57184689891	
24374	8	16	543.472226775937	
17158	4	35	1138.23438347235	
26779	10	19	637.956815845313	
28129	4	35	1132.08327141222	
23034	3	43	1364.54362165394	
10388	9	49	1548.81198262275	
15229	3	12	428.802661164106	
23144	7	35	1135.81357729426	
13661	8	3	164.771341385679	
19118	4	30	970.608723727338	
17158	4	11	396.390825471091	
14622	8	19	630.391928102072	
24363	6	47	1496.47594562568	
18479	3	42	1344.15876518197	
22014	9	10	370.358499945308	
14582	9	49	1546.93298784407	
21485	1	18	625.508909852015	
11653	10	11	398.916733636948	
25478	5	10	374.122176717092	
11954	10	36	1151.45728656624	
23034	3	5	201.767776180882	
29825	1	41	1300.9571646624	
18046	6	9	343.681780110896	
20365	8	50	1599.4928731767	
22138	5	29	939.206341346356	
8630	8	42	1340.60622598073	
20466	6	43	1375.25665190781	
24441	4	39	1245.45469759286	
16187	10	12	423.690033044522	
8092	9	50	1582.93743725072	
27873	9	20	673.319396392125	
29721	7	45	1428.5656591079	
19371	9	9	351.961378358286	
21169	7	44	1410.4641226169	
18638	4	43	1374.67903547673	
13390	6	3	142.082621595861	
12204	2	40	1292.03961030209	
29107	1	23	776.797420781477	
29125	9	17	573.030853165794	
24623	10	10	371.902724826663	
17215	10	7	272.886582404788	
26812	5	8	296.542716834947	
23534	10	20	687.34022522687	
12715	1	2	114.101561957086	
14421	8	15	529.380734921145	
25330	6	37	1185.63605237083	
10185	1	7	284.472661299851	
26435	8	5	216.588028472191	
23701	5	40	1267.9445036072	
27152	1	39	1247.4666011927	
15184	3	21	688.401196845063	
10214	2	26	869.518706532902	
21344	10	2	127.877781823221	
18553	9	7	274.936176629242	
23767	7	42	1326.80407071803	
13403	3	26	842.515062113532	
8275	5	27	874.552603361454	
18350	9	19	638.463942668617	
18382	7	7	272.876930065861	
15888	6	1	103.937395673216	
17568	2	6	253.555330714935	
12035	3	24	783.347963571245	
14862	2	24	792.123544249741	
11558	5	4	181.833904134964	
12047	3	10	377.289327335213	
21970	10	17	567.825166363188	
21300	1	10	358.430549743786	
24293	3	3	166.011823008774	
29035	2	49	1569.47972970525	
19862	2	8	308.275878349448	
21878	7	9	334.89337754198	
28851	3	46	1448.71148907054	
23555	3	45	1425.88588047115	
25116	10	1	82.2194518904292	
11964	5	29	958.570704161455	
25564	3	47	1505.22505934594	
22992	10	21	693.616939435535	
28235	2	8	309.58021815381	
28762	10	36	1150.11213825555	
28698	8	42	1353.57028897552	
10070	1	35	1136.13356468088	
29255	7	39	1238.66862343562	
26294	5	50	1577.51019398566	
25169	1	23	776.223431851819	
18900	3	30	974.536240405653	
14030	5	44	1403.80068985922	
8074	7	43	1380.68787728468	
20558	4	3	157.025201729045	
18518	3	3	163.660051898872	
20364	7	18	612.163973363193	
10556	3	26	867.530018234407	
26703	5	22	733.575667633477	
12216	6	17	583.920490715616	
28019	1	16	549.093457492578	
18096	10	4	198.347394111728	
23144	7	34	1089.53861883354	
28769	1	34	1104.41917258521	
21600	7	17	585.506321091906	
21064	9	42	1336.81223462187	
13591	2	49	1561.55556855796	
17927	2	28	907.205502627048	
11533	3	4	198.460838291077	
14184	2	6	247.108298766943	
24208	5	32	1039.66862525776	
23944	2	31	992.573223650722	
29388	3	25	839.689707774524	
21630	5	32	1043.63282606175	
8385	6	2	125.658329932791	
21551	4	28	916.365472467786	
26885	9	45	1421.57901137209	
17464	5	5	228.898122677998	
18484	6	19	644.972385207644	
29576	2	34	1088.35180441307	
25165	1	15	519.306641090338	
13659	1	17	567.803830992339	
27560	1	18	614.886707279313	
28216	6	24	805.837769585586	
17554	6	1	95.9001123979223	
18221	2	24	807.297663729311	
19828	3	17	573.48863747599	
29268	10	24	787.137289078504	
9435	7	7	281.405348014741	
10793	10	1	82.3517711099013	
12348	1	32	1037.31575634206	
20517	1	32	1040.74586011504	
10938	9	37	1201.3177099085	
26875	6	29	944.790998354922	
15104	6	29	956.792422978576	
14204	7	47	1483.8720577787	
23721	3	46	1469.03208532791	
11130	4	14	480.805886760729	
21121	10	4	188.110618343628	
16029	5	17	572.767983531937	
19070	8	37	1188.55656969759	
14940	7	15	526.364786348475	
27867	5	31	1017.6727263898	
14393	2	33	1071.56032466868	
27113	9	18	617.841568727904	
8946	2	43	1383.6502082011	
13365	2	5	214.846532631128	
17958	9	12	440.167863797475	
8126	1	42	1335.02954735189	
24001	8	26	840.659729261258	
24977	8	9	342.081040526778	
15914	8	13	463.265850685195	
19340	2	8	302.557633026763	
18337	9	39	1245.22386322041	
26025	4	3	144.613849625277	
19608	10	50	1581.28962650024	
27260	8	37	1183.46068683242	
17477	1	10	363.700849247957	
23377	5	34	1088.51906018728	
14490	5	43	1378.2086573626	
12667	2	26	843.323597145883	
10245	2	26	854.418279479453	
13452	3	21	705.800154612307	
13968	2	4	196.109067181176	
18529	2	25	809.792542424888	
10062	5	50	1598.92276514271	
9177	9	44	1391.25551374222	
8308	3	47	1494.8987094196	
20101	4	3	166.840403083172	
14940	7	6	241.78627215409	
13667	8	32	1047.33338713987	
27713	2	31	1020.77312461137	
24889	1	2	120.787504334369	
16444	8	3	152.204401675707	
12035	3	47	1499.79523471547	
28734	5	50	1592.94185474186	
10788	7	36	1150.13110460254	
28901	6	35	1143.32638261063	
11430	10	7	267.996200857682	
17537	3	8	312.249904196826	
27224	1	20	672.451131098182	
10141	10	5	213.320773678515	
18518	3	32	1052.10774172661	
22907	2	32	1040.74561875348	
25971	3	42	1340.27073058312	
25822	6	19	654.04990565686	
26212	7	25	818.188227088278	
27469	2	49	1556.09384668809	
16281	6	27	880.177148729645	
22748	8	30	975.502796478338	
11092	8	10	380.411370946286	
28020	4	37	1185.33123607996	
11010	2	31	992.286826573446	
24077	9	11	409.901960981033	
16927	4	42	1329.44438638605	
23869	5	11	414.138290218142	
9176	10	45	1420.56463173617	
24508	5	28	901.563659208623	
13501	6	9	341.767782243792	
11918	9	18	618.91880358519	
19393	8	50	1592.39469445888	
25911	2	8	319.947823211526	
13410	7	9	353.327460714303	
27455	9	36	1173.2432751978	
20874	3	44	1393.32634212138	
10978	3	28	921.307915915413	
9312	1	12	422.478346350826	
13025	6	5	230.353231351056	
22325	2	42	1345.42862850494	
14786	4	3	151.671994883414	
17344	1	15	511.158521897699	
23906	9	2	120.134304221782	
16372	6	4	175.704648390275	
10385	9	26	856.269155990458	
27716	1	24	785.757526264413	
11592	1	21	710.002823467368	
17924	9	44	1402.31053775284	
11904	2	39	1265.05453585882	
27973	6	13	455.838336598053	
10693	1	6	235.742636768027	
11853	5	26	860.734538054436	
14470	8	45	1435.16166705413	
9404	10	21	694.721560689957	
19391	10	24	791.337606604834	
20262	7	46	1461.3749012078	
16233	4	46	1462.00215105992	
12459	8	1	108.486298037919	
9487	8	41	1310.88554335334	
25655	3	12	422.760015289653	
23067	5	36	1165.65694449733	
19044	5	6	252.377223005694	
20618	9	9	328.567445393916	
8654	3	27	881.558600366841	
12010	6	39	1249.07739727249	
13272	5	8	319.855209737949	
25019	3	12	432.503307886656	
18825	3	46	1459.99331296421	
26155	2	47	1478.86446652881	
10948	3	39	1247.4192766321	
25123	3	14	498.962814667711	
20055	9	8	311.571559306035	
10689	7	20	667.834995737222	
25894	3	7	290.665218183149	
20011	9	24	808.505153846231	
13212	9	16	544.344274580639	
23809	2	9	340.277066724504	
19442	1	34	1089.62658768968	
14336	2	5	216.017670582988	
13958	6	38	1224.14443471662	
8222	4	21	699.441562918686	
8512	8	18	611.827752465302	
9889	6	6	235.510095877345	
24941	3	15	525.725322610571	
10108	9	4	186.025145475764	
26779	10	43	1358.18426553075	
29528	10	6	237.233027404748	
29313	7	38	1225.22626252157	
13234	3	36	1161.98985410947	
27898	8	41	1311.86837399	
22986	3	48	1531.32419106147	
14300	4	27	892.821617877494	
9738	9	21	711.592802997489	
9455	5	44	1407.5932160614	
16768	8	6	259.771684007613	
20723	4	47	1499.29477187772	
20422	2	7	262.591076503783	
27575	2	25	838.575703854941	
25516	4	15	526.627251117782	
9991	5	18	616.413946252509	
16554	8	12	433.254218377757	
16457	7	26	850.009510503155	
17875	4	48	1523.44607122403	
25018	2	1	97.635259226726	
23950	1	49	1556.87552193034	
14212	3	48	1524.17107746199	
10444	7	7	272.899542317213	
22989	7	38	1224.49644887098	
25577	2	47	1486.21640684373	
10288	7	9	326.993332024195	
27898	8	37	1201.0978344833	
20854	7	13	452.375563370239	
21878	7	47	1492.46862745493	
17758	5	3	166.741108636717	
11392	6	41	1323.31845237097	
22891	3	19	633.829192032027	
9249	1	1	96.8671271283492	
28766	9	44	1402.84212278335	
17248	8	23	775.533454891077	
24969	3	47	1490.89313174174	
20339	1	3	162.6221823332	
14150	9	24	807.277045365086	
15189	3	10	378.003458854744	
19536	2	6	246.996092538813	
25311	3	41	1316.09508557063	
26111	4	38	1206.14119679022	
19035	6	37	1199.97875630855	
27406	7	26	860.24177967582	
29465	2	2	110.893534175536	
9898	5	28	909.210381968511	
17299	3	10	361.753198076856	
10536	7	34	1101.70136286956	
13730	3	19	642.999336571898	
8749	10	37	1199.60372433048	
17574	8	27	870.890216338863	
9653	4	46	1449.43205241553	
22630	7	21	688.381681241273	
13951	2	5	217.874836650619	
23341	6	17	568.849800680228	
19158	5	6	261.854068013771	
21554	3	36	1165.28472321354	
8871	4	18	612.736578533769	
13215	6	42	1339.00985567784	
25822	6	28	914.996522085274	
20175	2	4	190.770539506697	
21342	2	36	1158.94862769123	
22513	4	31	1000.35299042256	
24744	10	18	624.851694360772	
25701	2	3	164.274763690436	
11740	10	38	1225.94249197559	
11235	3	47	1482.42764474937	
11016	8	13	459.748953720438	
16904	6	3	143.042248963864	
19286	4	19	635.734119376044	
26451	8	15	533.791763919309	
24206	4	38	1225.97717301267	
21609	6	16	552.006051648411	
18239	1	42	1356.44997868522	
23174	1	10	381.540173656093	
16989	10	12	430.734325140125	
22781	7	11	404.192321153447	
19772	10	31	1012.65776264139	
23748	4	37	1193.60291469544	
14638	7	19	657.006024875215	
16811	5	49	1565.24013394734	
13729	5	4	179.396471613737	
20607	4	44	1409.37622679834	
21350	4	10	372.864903124452	
14133	4	27	895.850892297854	
13783	1	46	1473.88639995544	
27594	9	49	1545.44751079075	
23887	4	47	1478.99229047773	
21789	5	28	913.992322103117	
9772	4	17	593.679386877306	
24086	4	11	405.608408528198	
22202	10	36	1149.88560379943	
24245	6	33	1068.26718968724	
16361	8	33	1063.00693676947	
19536	2	2	136.225553032116	
11020	4	6	237.146457879407	
21632	6	7	285.788206367655	
13706	1	19	655.127061947774	
25462	1	23	775.967015985384	
23391	7	14	484.95104219995	
22066	2	32	1026.78273721914	
12784	7	47	1502.00424435642	
11557	4	32	1038.6591139057	
18131	5	1	87.2652171958542	
29479	8	22	745.811960411171	
12515	5	39	1244.91304332619	
8731	3	30	977.42600076712	
24271	4	29	931.931702556057	
9328	4	45	1436.33466299453	
28425	6	5	218.115475540103	
12623	4	46	1457.66174686032	
12833	3	6	232.626960572147	
17352	6	31	1019.13366383833	
22432	5	23	762.003830802629	
14909	1	29	949.756388137935	
15736	7	1	91.3740678929603	
21031	6	42	1349.57240089289	
27812	4	21	707.48808729811	
26706	3	42	1329.00080206292	
8095	8	7	290.388363735	
21068	6	40	1280.49498118483	
16010	2	1	83.4353542716407	
11033	7	36	1145.75663161732	
20182	4	36	1149.36286208656	
8671	6	8	310.125710847846	
12995	1	30	983.906160119877	
16353	7	6	237.709983325428	
22533	9	34	1088.99911487894	
28972	2	41	1300.2244256531	
24417	1	5	224.393715776686	
27942	7	5	224.94611877247	
16242	6	42	1349.06525920567	
17539	7	8	316.690746656009	
10884	2	24	788.651872495493	
21474	8	38	1230.22328765608	
26126	10	3	143.235889590921	
29725	3	22	740.737357708038	
16495	4	44	1402.11100960249	
29813	7	38	1227.05294271328	
13667	8	39	1250.93784897166	
13320	7	17	576.460399188316	
13234	3	21	693.515808234697	
18864	4	2	122.657627483205	
12704	8	23	775.876846563014	
24052	8	22	736.017640016981	
10690	9	6	252.98144795605	
25929	5	5	210.751939961106	
25073	5	11	386.263358884614	
17207	7	4	193.250548631535	
15038	4	2	124.851485139156	
8855	9	14	487.574056986521	
9181	10	37	1178.30011906954	
11986	1	28	926.126259884856	
18898	10	16	565.578652250384	
16509	3	24	804.456061015118	
13704	8	32	1023.3473829475	
27605	3	12	436.247612739097	
11035	7	47	1489.29625181914	
27374	3	43	1377.13950634801	
29884	4	43	1361.90580029129	
14772	3	34	1087.20306000076	
14319	6	47	1488.42688588818	
28403	3	38	1231.70727690296	
16736	5	40	1291.94094721784	
23396	8	50	1593.16935676763	
25197	7	4	188.596487654651	
11758	7	48	1515.93621391614	
13135	7	8	310.481791342833	
26606	7	35	1131.78054314655	
14489	3	27	886.520498547014	
26969	2	29	950.636710184923	
27058	3	49	1547.4613912904	
9504	5	33	1080.43514458483	
25244	10	3	158.062953091256	
8278	5	41	1313.92796454668	
14567	6	20	666.979172950135	
9324	7	49	1560.77772678844	
16012	10	13	449.879785054307	
27171	2	14	493.345222069577	
11035	7	2	137.144262891796	
16951	6	26	853.154220158772	
10567	5	46	1451.44662444081	
21771	8	30	975.748566247406	
9771	8	39	1255.37294051394	
20376	7	42	1336.81965879017	
10811	9	19	646.645999702926	
23623	4	14	502.938999320818	
22440	10	42	1351.11209440563	
22700	1	50	1584.19581148037	
20772	7	7	286.875904708577	
28853	8	41	1306.98827685182	
25941	6	26	851.441105888896	
23003	2	1	104.971503254479	
14518	10	46	1465.14714242199	
10904	9	6	243.734788970898	
19304	1	21	688.033513300136	
22756	1	33	1061.80853133174	
11355	7	12	430.716680265365	
18168	7	24	782.707489795381	
24355	10	19	627.42115236233	
29685	10	9	337.045234039913	
20740	3	47	1500.27014861827	
10047	2	26	854.482815738061	
21095	7	28	906.730050084521	
22590	4	23	774.214774954233	
27308	1	16	540.112665696122	
20331	3	4	177.864974484716	
23347	2	26	848.0633067936	
22782	6	26	851.6506877037	
18692	3	5	217.476888064983	
29214	3	33	1062.56965615906	
23779	10	50	1586.36782768479	
21753	8	33	1075.95102974956	
17800	5	41	1319.99524345621	
16964	3	17	588.751580132521	
20781	8	39	1235.75643555995	
24417	1	17	592.678319640773	
28166	8	50	1576.33433638901	
25458	3	49	1555.12128842767	
19115	4	32	1026.52335706471	
24116	9	40	1285.65748833383	
29416	5	6	244.824119510513	
19691	2	9	326.285979862458	
17503	10	28	924.904638437976	
17595	3	37	1179.53222169519	
10565	6	4	179.195604296027	
14724	7	48	1522.48988803592	
24670	9	38	1215.28800216284	
18876	9	48	1514.32816412036	
8092	9	21	705.894451246548	
24440	1	38	1205.17064161839	
16152	5	38	1210.06104652307	
9507	7	40	1267.17229525893	
24567	4	46	1465.92406970725	
27214	3	44	1400.09902885188	
28352	2	29	952.884071540499	
17329	3	20	676.963808702754	
12715	1	3	149.018516162885	
16602	9	16	561.158165559712	
22577	3	27	876.706993094043	
17213	9	16	548.78102521821	
15511	5	39	1254.87569252722	
24670	9	17	579.461406701925	
15294	6	45	1446.71892341539	
16620	5	25	824.306248549515	
20056	5	41	1320.62044916703	
8276	2	43	1375.49007613933	
27724	6	11	384.976259798266	
21837	7	29	956.395562289467	
27293	10	18	607.978353410949	
22657	6	4	175.355193659363	
11094	10	34	1085.47419494273	
15847	2	14	475.595391837692	
8532	4	42	1356.18413273067	
21219	2	29	941.763664028497	
11283	7	4	172.2211145294	
24022	9	39	1253.98416875581	
27925	1	48	1529.57817730009	
13880	1	42	1327.19782838933	
18038	9	20	675.019170658206	
24571	7	18	617.622777660202	
27276	10	16	562.576972321876	
25195	5	29	933.735142673243	
22331	5	5	225.756236457152	
29335	4	18	612.306246446588	
16327	5	46	1452.50860963599	
25103	5	11	399.195532425863	
12857	9	38	1210.02696004232	
9878	8	48	1519.89621460433	
19812	5	39	1235.86750859202	
25996	1	19	638.792626857195	
29337	9	15	523.659803477889	
12979	6	34	1095.1761708293	
20432	4	23	758.414295333631	
17348	10	16	557.742331846497	
23706	9	2	110.781795806616	
25014	10	39	1265.36271280859	
20442	3	14	479.567056447066	
9854	6	4	180.598389888461	
10767	8	46	1458.91177252816	
9058	1	11	403.705528156695	
21142	10	38	1217.51362823765	
14784	8	9	338.892439873373	
25032	4	30	986.349810709408	
10657	6	18	610.539257587185	
21312	9	4	199.696446675666	
12093	9	25	814.465654685379	
25165	1	48	1510.98816252825	
29846	9	18	604.160405678749	
16616	2	41	1307.87791432248	
25011	2	41	1298.89990278468	
21874	3	22	747.385631402668	
29471	9	12	421.820687773554	
10318	2	47	1486.13899490151	
22072	2	9	339.084215433842	
10133	9	50	1586.20405289633	
14064	4	11	401.140549853975	
22897	4	12	433.705170244773	
25679	6	28	914.412676968804	
18748	6	30	971.797638913522	
13287	8	31	1001.42491674117	
29191	7	6	245.463116097014	
10138	8	13	465.080045193937	
18137	7	41	1320.52805369744	
8697	10	49	1569.18572655375	
18180	10	39	1251.69539018147	
11187	3	50	1590.29802411343	
14282	10	41	1317.18109650406	
9851	10	27	878.441800884177	
18537	7	28	910.981868221882	
24258	9	15	506.858401720812	
19899	3	26	854.417112308749	
12601	7	45	1428.97978741162	
18362	7	46	1468.28605586117	
19945	2	9	351.313642501511	
17600	1	31	1000.10914942255	
14559	5	8	303.684532448503	
12644	7	49	1547.38533196383	
23387	6	38	1215.21697886997	
10819	8	14	492.609799770922	
26108	4	21	718.042954950613	
20985	9	14	488.207369897611	
27121	9	20	685.866554363569	
28649	9	7	292.018300281846	
15225	8	48	1536.96760580734	
28662	6	47	1491.40699545453	
27168	6	4	181.839115704335	
24326	4	38	1209.03717592779	
24940	4	14	499.330079899789	
11501	3	17	571.538278950163	
24752	1	41	1309.64124595264	
20696	3	28	911.657542563815	
24208	5	36	1165.15437947826	
12905	4	24	808.800750974939	
22124	4	16	537.486855786986	
28180	5	6	238.242412059681	
18092	6	25	832.433583043718	
14772	3	18	618.364386175929	
22010	8	31	1017.16408415565	
27301	6	29	958.843867405711	
19436	5	5	209.398422562237	
27067	8	34	1097.28455818132	
11479	10	21	712.546361644075	
20125	3	40	1293.17853745687	
21678	7	27	881.019512601672	
23391	7	15	524.482790475936	
10923	2	28	918.405843991044	
18081	8	16	553.53463191238	
15425	8	38	1214.82535239999	
17520	2	29	938.975066011294	
18295	10	43	1362.51952044783	
25559	1	13	453.755217890141	
21416	10	25	818.488191374805	
16790	3	14	501.802877197882	
19548	9	9	333.754683962909	
27825	7	17	593.217546843559	
9813	1	36	1159.59656173345	
14110	9	6	253.061744912091	
10483	6	43	1383.56044789011	
8402	8	3	157.778731099227	
12632	1	36	1149.85627447714	
27278	6	13	461.260848185635	
16638	10	27	897.851016604272	
15011	2	11	386.903521934014	
20322	10	37	1201.34062226924	
28766	9	37	1195.200859157	
17386	1	40	1289.26273283049	
23161	9	21	700.179036436686	
22770	7	31	1010.79920007419	
11052	10	4	193.071230441831	
22606	2	6	247.67556637883	
16911	2	40	1285.32014627257	
16305	5	18	610.221247808179	
16187	10	9	336.373111464257	
22915	2	10	363.211377208685	
11666	5	38	1220.7583967693	
13919	4	43	1375.66100825354	
9395	4	31	992.688016906701	
13552	8	31	1010.99878768017	
19341	1	34	1092.4848153314	
14706	10	19	653.001151463483	
16032	2	38	1228.30448379195	
15334	7	50	1594.2118235278	
20969	1	36	1160.35501388849	
21222	1	24	809.018758502332	
11888	2	29	935.886028062499	
21053	4	4	173.16935118901	
8440	5	22	743.35150228038	
25052	10	16	555.04606701203	
20039	7	49	1544.26930894343	
22143	3	20	678.645850326235	
24925	3	20	659.371838131627	
19295	4	25	834.803938285822	
21789	5	29	939.385353056428	
26185	10	44	1408.98759292857	
29680	5	42	1348.1375743766	
16677	5	7	279.433541577046	
14646	3	11	405.642839710062	
24092	7	4	171.837915187626	
15305	3	40	1285.81865344468	
24551	4	25	835.220057645449	
12010	6	8	298.226807554358	
8476	2	35	1142.73543183819	
17410	3	34	1101.75412195816	
11904	2	23	771.299499632465	
21787	9	3	157.199374175258	
15680	2	45	1443.53397008196	
12429	2	16	562.115079910548	
23647	9	5	218.591499989196	
15089	9	21	712.996287193613	
27588	4	25	817.556538590024	
10126	2	6	246.908544826744	
20805	5	26	842.062957231916	
15254	4	10	371.075632558705	
11576	3	34	1104.77757963574	
14237	9	48	1521.55179068518	
10279	7	13	467.049024657835	
12390	2	42	1337.49600271578	
11371	1	37	1177.88476343168	
8455	5	9	345.454594206742	
25937	7	34	1102.03150796799	
28662	6	18	625.911230550106	
19887	5	5	225.132969424656	
10532	5	33	1066.52989113076	
24952	6	35	1114.4253801156	
19038	6	37	1188.3037282472	
25976	5	15	530.516207986752	
13946	4	40	1270.83589475175	
15778	9	15	527.385518535686	
28917	1	18	615.073802832083	
29868	7	31	1021.32485519225	
19874	1	32	1050.01816854347	
14703	2	28	900.850101719075	
9601	1	41	1325.1801342355	
21787	9	9	337.264757685952	
17554	6	12	434.774343909125	
8945	3	3	165.569051953763	
26218	8	17	572.457701569636	
15254	4	13	469.05551425603	
25143	9	22	731.819384327074	
21820	9	34	1092.35205798054	
21730	4	38	1211.05427127846	
11058	4	18	604.760002291184	
28763	3	45	1442.04977981842	
12323	8	24	806.712770353403	
24930	6	15	511.737305499491	
18516	6	44	1417.30888089971	
22052	6	16	543.728305727117	
11091	3	45	1434.60777342068	
23068	9	47	1487.43580224339	
12102	5	29	961.088549718768	
13206	7	16	541.937538861268	
9890	1	25	827.75807627838	
16099	1	45	1426.38332098088	
23042	7	7	263.787145476689	
12752	9	7	289.308827095343	
18933	7	3	153.093838129702	
25503	6	3	156.205540707431	
28017	10	50	1587.32874184257	
17617	3	37	1182.99577138526	
24542	1	38	1226.68316618851	
19739	8	6	252.69807533021	
13326	10	2	114.729561374862	
28040	5	37	1203.51769715711	
19642	7	40	1291.67143200136	
11298	2	43	1367.53837004655	
26374	1	29	946.05844310767	
27052	10	35	1116.88282299642	
15945	3	2	113.810874872753	
13496	3	23	750.003235726619	
20154	10	45	1435.98273873142	
25348	8	47	1494.5913230882	
21648	8	29	948.440488459747	
25211	6	15	526.065379104607	
14597	3	26	853.102536226205	
24326	4	47	1490.97723668952	
15496	9	1	101.151228258922	
8311	5	10	383.08318960624	
22789	1	9	339.817120777358	
13772	7	20	682.688074616104	
20364	7	43	1370.99484734749	
9113	3	50	1586.78790225963	
13496	3	45	1436.22812133107	
12305	2	19	639.949716292298	
9045	1	39	1253.98525311332	
19924	6	16	559.387316330982	
14842	6	8	302.260092265094	
12200	4	33	1074.46678073819	
19381	3	35	1141.39298875881	
14827	10	2	127.955930590609	
25260	1	10	361.680505779423	
14690	7	1	89.3635112463327	
28644	7	17	585.128959727068	
8099	1	27	886.059742870768	
28440	3	34	1105.13621813857	
23777	2	28	919.653982650328	
10110	10	37	1176.3247099036	
12526	3	31	1001.24230513407	
10665	2	5	230.378347817053	
10106	5	32	1039.17440030685	
21142	10	36	1165.67886239182	
9512	7	10	380.426057903294	
24186	9	15	509.917430854364	
18790	1	23	764.604537694065	
12264	7	2	131.453063511966	
28748	7	33	1066.49722663057	
12593	6	37	1193.49705040152	
26081	2	10	381.692697173773	
26507	8	19	653.280784754679	
9139	8	10	372.809908787166	
22804	4	7	268.157598836421	
16936	5	43	1370.01064852346	
11391	5	44	1416.38841993007	
26740	10	30	984.640667226464	
11595	3	44	1412.00092403777	
9957	4	39	1239.89526392887	
27469	2	12	416.469953999142	
11579	10	33	1074.77984508256	
9797	1	49	1549.5324440438	
24155	10	25	812.284115670381	
29302	6	36	1145.27827778146	
9335	5	46	1471.59166236948	
13080	3	50	1575.48983423761	
23666	3	50	1585.85494428214	
28369	3	13	468.322729947196	
17761	4	45	1426.61922748509	
13302	4	30	989.462363361131	
23712	7	3	142.380745588979	
13520	6	31	1020.92916096604	
21789	5	48	1533.44855357588	
9177	9	11	394.652526785923	
17909	10	21	699.908923124852	
8145	7	6	232.704841789186	
15990	1	27	900.642720470504	
18081	8	35	1117.00921222428	
9563	4	33	1070.5687894442	
12682	8	36	1156.87047140527	
18804	9	23	751.623583637003	
25018	2	17	588.496652780332	
25884	8	7	267.488026482746	
12499	5	30	965.890265929462	
8984	1	48	1520.56739509132	
9175	9	14	501.185995983512	
12833	3	26	848.583079971645	
19207	1	46	1459.79833175419	
17206	8	17	591.669857255961	
14784	8	7	272.97509131626	
10561	10	37	1200.4882925006	
25487	6	33	1074.058818833	
22348	5	46	1465.2409542097	
14458	2	17	583.184028651185	
14528	3	4	181.544864821036	
17228	10	32	1051.70986109027	
16942	4	31	1018.09423214667	
18853	9	47	1493.8961225254	
12981	4	40	1294.08720002234	
22511	6	11	404.936223665688	
14815	6	15	524.06248657222	
16367	8	10	376.281807746869	
14081	6	8	304.833836026878	
14871	6	3	157.034863269438	
26361	3	35	1131.11630481254	
21993	3	29	960.763536207733	
9045	1	22	719.832231178802	
8230	3	50	1578.15738200124	
28352	2	36	1168.24867571157	
28771	5	38	1217.30580673428	
28183	1	17	595.745699459568	
24786	7	46	1467.63145500218	
27855	2	12	421.432134593573	
14591	3	3	163.024792523601	
10297	9	39	1264.84637036214	
16888	3	16	566.283192302232	
23666	3	43	1362.04441756105	
17370	8	45	1446.39384974092	
23896	2	38	1224.71088269013	
23924	9	32	1050.40566638597	
21250	8	24	806.906754265962	
12480	10	5	206.056612527956	
19961	4	46	1476.65287269123	
18571	1	38	1233.64413616883	
27063	5	44	1388.97407086053	
26893	10	20	668.32192675598	
23488	5	36	1155.68820675634	
24995	4	32	1030.26452492469	
28274	2	8	293.107661964888	
23900	6	39	1248.19906203458	
18860	9	25	814.610609642514	
24280	1	31	1006.74659794511	
21424	4	45	1422.92201220194	
29337	9	22	745.632565778509	
29322	1	21	712.80798483305	
8634	8	13	455.341775890133	
11175	9	10	363.662816753454	
14319	6	4	190.453163213308	
9856	1	45	1434.77396111692	
22103	3	19	639.803858883588	
9157	6	43	1381.35376480471	
8072	9	27	870.425697970402	
11486	2	10	371.549656042619	
29518	6	30	974.364050521685	
21624	10	40	1277.22939185669	
13390	6	42	1332.85683749842	
15033	8	22	732.626684239426	
28300	3	43	1382.2161616861	
13782	8	28	918.337658289046	
18296	10	38	1215.2616725188	
19526	3	40	1289.66544352922	
8962	10	36	1171.70038240575	
26451	8	9	349.185239835263	
27863	6	9	323.681533636377	
12585	6	37	1198.02946939973	
24224	6	11	398.005874044265	
9435	7	14	499.628935055634	
26287	1	20	671.18969985805	
28428	3	10	368.060792408912	
17432	8	16	542.794378056561	
22030	4	44	1405.07532945139	
29964	2	40	1289.56770625411	
13808	7	43	1365.04972003635	
21033	2	48	1520.04961367699	
14845	1	14	482.695197091762	
26603	1	37	1188.99910151446	
27365	9	2	124.709442800241	
15459	2	40	1275.79956881506	
9796	6	32	1050.21680769055	
17881	6	27	889.504594472006	
9301	5	7	282.620375548778	
21612	9	39	1251.59125434775	
14423	9	1	91.6198886239994	
26960	7	20	664.907023806547	
19115	4	40	1269.05190158126	
20067	5	48	1536.48105629556	
28973	1	45	1434.50695648534	
29693	9	17	582.28882216955	
19041	8	49	1556.41474431214	
28853	8	2	136.117233362103	
25801	1	48	1535.69524251655	
28203	10	43	1373.47204507025	
12501	4	4	191.926866635646	
16509	3	20	677.845989446084	
8168	4	49	1558.53361850536	
8978	3	39	1242.91022723676	
17158	4	22	737.561358109844	
8332	5	37	1179.24047856556	
25995	4	36	1147.60309637878	
17250	1	11	394.802110788786	
14482	3	49	1555.7128408345	
26420	2	40	1292.4731168954	
29575	6	45	1422.3923708044	
29499	10	30	971.979583060359	
22891	3	25	834.728529432196	
12468	3	4	171.786058550601	
15179	7	34	1105.37597793405	
18785	1	13	451.500042365631	
17448	10	17	571.668853429923	
8630	8	3	168.23029034223	
24174	5	40	1288.14739469818	
20438	3	33	1056.82711542436	
14539	4	11	411.999353995546	
24861	7	1	108.83306381704	
14064	4	31	1012.64129697003	
17166	9	2	118.074189181474	
9430	6	36	1160.08049378175	
13038	1	40	1284.27821602872	
9387	10	19	654.629632055121	
16937	10	39	1261.54841310417	
8822	4	16	563.498917558929	
23151	3	48	1517.34011288608	
15030	8	21	714.774955545913	
23924	9	8	311.943559046808	
25479	1	18	607.099135540006	
12264	7	2	111.603284381145	
15425	8	37	1177.64083961846	
26222	6	23	767.203730590271	
12784	7	49	1561.51599517163	
23243	10	25	839.784969855	
11495	4	15	531.437743404618	
23102	1	16	545.468964234679	
8019	6	5	208.196472436281	
27495	5	22	735.414696901764	
28788	10	29	933.791753637507	
12294	6	17	590.147258653374	
11091	3	45	1429.19888354335	
17400	3	22	719.64030556364	
9666	9	45	1430.17849437435	
27648	7	37	1177.26584303065	
16888	3	15	511.105078361512	
25643	8	33	1063.00691411971	
24664	4	1	90.6199687396269	
13650	9	46	1468.18445396991	
28521	5	13	447.969838663922	
9525	5	16	558.868127092192	
25032	4	32	1041.4726910747	
28629	9	3	163.093802818607	
13823	10	39	1265.20469247606	
26108	4	48	1520.45942932389	
16446	5	3	162.829733455009	
21402	8	33	1053.28314208113	
18221	2	18	604.610846510441	
26969	2	47	1486.05468327461	
8628	9	45	1431.30319322986	
27007	6	2	118.372727948415	
26974	2	20	657.698161349491	
20896	10	37	1190.44881175759	
20142	5	13	444.880447520353	
21065	7	24	803.125245051051	
8169	1	17	594.145218932137	
13518	2	12	418.172247343777	
24307	2	14	489.984047194004	
26204	1	42	1331.88388357492	
11963	10	39	1236.79254693761	
12704	8	25	822.678430463503	
11345	3	28	928.630642988081	
27849	1	40	1276.58465709378	
15351	3	23	775.041310179532	
10548	7	14	502.494038316651	
21113	4	7	288.875305638125	
27680	8	15	520.440188218113	
15241	9	46	1454.09972165436	
9171	8	33	1077.36378902447	
20575	2	25	830.443334742656	
11247	9	34	1100.49200343922	
15285	6	47	1506.72014414646	
14196	10	26	846.590501576006	
23321	2	46	1463.97372038289	
9455	5	2	128.231008447814	
11365	10	20	670.130593306446	
12668	10	34	1094.54703679986	
24661	2	34	1101.99903811421	
23777	2	2	121.05656584774	
9953	5	23	756.955236399991	
10926	3	33	1078.15460132349	
16705	8	49	1540.85811772424	
19920	5	8	322.141789161666	
16800	8	28	904.111503671907	
9818	4	27	895.419025689093	
29932	10	48	1532.44909730388	
17676	8	8	318.750071785762	
11752	2	10	354.759858043287	
13191	4	21	707.0532493233	
23602	1	20	663.120624098517	
20819	6	4	172.932831017735	
17457	9	19	653.022866925701	
11984	7	10	358.736085164703	
8681	9	8	311.391907032296	
29386	10	38	1225.29140820042	
16106	10	38	1230.23748410411	
9934	9	43	1364.88803398092	
27011	2	30	988.052492639074	
19098	10	26	842.710654159407	
29313	7	41	1311.58412368576	
17477	1	39	1242.3895452369	
24467	2	37	1199.18342042676	
13308	9	35	1127.24705748597	
11107	2	22	735.611348531959	
14476	7	11	410.811189790634	
13125	9	5	211.652583801957	
21137	9	44	1411.10765977349	
23552	4	42	1326.4750913747	
22066	2	11	396.649439072539	
19573	7	5	212.994651744605	
20286	9	34	1099.59818213228	
24705	4	28	916.173209229565	
21244	9	13	448.927481346264	
16647	10	19	654.928647174932	
18630	3	6	238.637945614121	
27472	7	27	881.820312739266	
17632	10	20	686.488853826415	
10887	8	13	452.473153421876	
28130	2	47	1479.62228449044	
19327	6	17	570.044941012769	
16398	10	50	1570.12523385236	
9865	3	6	245.680330174826	
21403	8	25	827.046472331065	
24217	8	14	494.243164925949	
15031	2	22	737.510503724921	
27891	3	15	527.469136513522	
16345	5	38	1227.98405898175	
29416	5	18	615.19859454371	
11158	4	8	318.682312182469	
16327	5	14	497.993524343704	
25538	7	28	905.242559325529	
16728	1	4	186.494544160783	
28452	9	9	339.288383954805	
12653	9	11	409.472442161977	
9929	10	35	1114.5656911631	
18477	3	47	1478.97118089673	
10494	4	14	493.611060238262	
21718	1	37	1186.53044062971	
25703	2	17	573.300313881273	
19825	8	23	763.766441887136	
21889	9	4	201.341437530397	
18666	3	17	592.274980411062	
14165	3	49	1558.11041897075	
14148	9	17	574.058597578694	
14282	10	36	1163.52244196624	
26589	1	26	856.75962178817	
17705	8	7	284.095385579437	
13681	7	41	1303.80743798977	
21505	6	3	152.753961418175	
14327	8	12	423.471095461152	
28814	8	18	623.748630277695	
21984	9	31	992.414880559042	
21340	4	34	1108.43020814864	
17410	3	9	352.665713146639	
15425	8	42	1341.4588898334	
25243	8	33	1076.70921506207	
19837	7	13	452.136948095698	
12594	4	21	713.003892560026	
17410	3	50	1598.10084480704	
29694	2	47	1483.34205327711	
13928	5	17	583.668524820203	
10185	1	27	875.909065229776	
26413	3	34	1087.79277919223	
14596	8	47	1498.65591472884	
16412	3	28	907.752092419077	
28404	10	31	993.103637971498	
11273	1	19	656.88482527476	
24186	9	2	119.455039184287	
18170	8	35	1140.36295601184	
16353	7	10	359.666764717394	
18898	10	13	468.209252501004	
23973	3	34	1099.95841319671	
28581	1	47	1479.1728395406	
29712	8	24	795.855842603303	
10184	6	13	448.703503482371	
17391	2	33	1057.8502534413	
19433	1	7	287.569911204078	
16407	3	9	332.987874752371	
15682	9	28	930.720722959712	
27005	2	47	1480.75088193675	
10047	2	9	323.373750934086	
10197	5	48	1524.17662099198	
13046	8	16	542.444633125535	
9090	4	47	1495.21121672132	
11457	2	46	1474.24489406601	
22529	4	48	1512.82767876649	
26069	10	20	678.064336012147	
8299	10	50	1586.62267080817	
12063	2	20	668.013552328578	
10641	5	2	117.856476101026	
15285	6	34	1106.83423280103	
18704	10	43	1380.60716767824	
16664	4	37	1188.42959582267	
16927	4	21	689.958260604161	
27408	9	6	260.097917066933	
23870	5	28	925.432372300621	
21325	2	34	1104.48220121883	
16931	7	2	139.454504241913	
26801	1	40	1266.30650515962	
10819	8	6	250.418803994739	
14180	9	7	279.87479651341	
28406	3	6	244.64034639515	
21340	4	6	243.444481977934	
22552	10	44	1393.08719670078	
10406	7	49	1555.26184296015	
18358	7	35	1123.79021708099	
15888	6	34	1113.24204101844	
17275	7	11	392.574365545332	
14372	2	47	1503.96220966427	
21485	1	10	363.608636392098	
26210	7	26	869.139303857991	
10011	3	4	199.149073343328	
15838	7	43	1382.28316960031	
15584	4	4	197.349962870288	
23914	3	39	1239.96830234303	
10374	1	20	659.49190382822	
28852	7	11	413.464432104241	
19100	5	37	1192.58156247092	
9864	10	1	104.411020662827	
23361	8	31	994.92441365259	
23367	8	11	395.03930195935	
14391	2	20	670.262154466595	
28998	10	32	1051.44148685571	
19194	3	34	1102.50647991081	
10908	3	26	852.832531916365	
8693	3	20	687.602084822767	
8723	4	48	1511.52881737404	
21046	2	26	869.214578936442	
21347	2	18	615.757925536371	
13742	10	35	1123.27113118175	
19548	9	49	1553.36805222247	
12597	8	5	228.115406962165	
9980	1	20	666.681369592753	
16005	5	23	760.301918964974	
13371	7	40	1280.87608542334	
19075	1	3	158.733404538936	
29250	4	43	1360.73213901405	
15598	5	23	749.357436424753	
26243	2	49	1539.94937376117	
27110	6	12	430.454676985021	
10906	7	14	479.585637748049	
17344	1	10	365.489970466816	
18038	9	3	162.660461143898	
29655	5	11	384.40491593648	
13928	5	26	848.717172243035	
29239	3	30	987.685159457701	
21823	7	50	1598.32399807792	
16054	1	33	1071.07963295238	
23921	3	32	1049.98995826113	
29183	9	37	1200.60601323871	
28231	10	17	591.96794019638	
17166	9	48	1511.90063874791	
11622	5	2	115.043483579086	
11830	7	9	351.382091507028	
17104	7	46	1455.37950203539	
14468	2	38	1209.61264204682	
25052	10	24	793.198859539441	
25789	6	22	740.938002067124	
24580	10	18	620.254664784416	
19295	4	29	947.659758137381	
14055	8	38	1212.26139970695	
15369	6	9	324.027462081996	
13688	5	43	1376.81644000896	
27582	9	13	460.691078482518	
26532	3	11	410.240584169627	
15664	10	22	721.023896895826	
28113	1	35	1132.46770375057	
19043	7	21	701.98125063534	
14596	8	15	516.473877446947	
16616	2	36	1161.23489780409	
20039	7	27	898.759764814172	
10482	1	39	1264.10699567949	
13046	8	39	1252.63218870975	
21318	10	40	1273.95634367781	
27634	2	17	595.338775904541	
17757	5	1	109.549331492535	
25641	2	17	587.601693322697	
9675	1	22	747.036570919229	
20805	5	9	333.789307667776	
19311	7	46	1465.14737245866	
20405	7	21	689.278086744844	
13385	5	15	520.449184421659	
10262	3	45	1419.22462067531	
12950	6	31	1015.15191229766	
25217	8	18	611.30319098537	
11292	3	2	121.467413474558	
9898	5	4	193.071923383079	
14772	3	11	395.299278085725	
21132	3	28	904.922416929585	
20034	8	3	151.263443376526	
14043	10	30	965.534544999494	
21253	6	21	699.794136946925	
16267	2	5	209.102771640337	
11758	7	20	672.289615623788	
11213	4	25	818.193277278074	
13097	3	6	235.558175666052	
9915	2	17	588.673530457855	
16555	5	41	1301.96938266138	
19393	8	50	1574.16433176685	
9337	4	5	207.693275347209	
17091	8	46	1455.21745570713	
28185	1	30	976.342747442584	
9713	6	19	634.605755505434	
11757	3	47	1488.75506045704	
25021	3	10	381.84624842454	
24052	8	28	927.860944516892	
10612	7	9	339.268450038167	
23084	3	12	441.08713990128	
10541	1	42	1356.04331560249	
22740	6	45	1425.83017054285	
13958	6	21	702.010948724119	
19234	3	2	126.162288620212	
19645	5	14	487.148694399348	
15636	4	23	755.107292325751	
11642	1	9	338.381671392537	
18540	10	23	771.812215285288	
9719	10	14	504.802841406689	
18866	1	12	441.664527711302	
13127	4	46	1449.38788749715	
26505	2	10	368.773170695069	
28762	10	18	607.951973512746	
8339	9	25	817.16842566485	
16400	1	44	1397.05883370575	
9143	6	13	445.210434070421	
22440	10	7	275.700352804596	
29829	7	7	278.965627867247	
18537	7	35	1135.00422403915	
9713	6	20	660.342573085959	
29322	1	15	535.763066399732	
10951	1	12	439.780600238489	
13121	3	35	1120.87580103468	
15739	7	27	885.632310661316	
16807	10	23	772.872239152376	
15228	10	5	206.096032320567	
29097	2	1	89.9299167515384	
18207	6	41	1312.93533930226	
17245	9	47	1485.84342891622	
18130	2	48	1530.46956021826	
24495	5	21	713.305663873118	
15355	3	40	1283.44224646848	
25017	1	43	1382.19896343639	
17888	4	42	1351.9847834818	
13182	8	19	639.255962483238	
12229	10	33	1079.09224638673	
28837	7	32	1049.25249465241	
21568	2	28	919.372256379282	
23120	10	7	292.645442547577	
28520	7	33	1053.99547931459	
25281	7	11	413.907944231251	
12589	7	2	126.381061992785	
14384	1	42	1330.75533425936	
8097	1	5	227.009002746553	
16936	5	46	1452.58149516423	
23914	3	40	1285.39116107178	
17933	1	37	1199.74130183446	
17125	10	21	718.049030042276	
13410	7	37	1179.28391373683	
14884	10	7	269.395321435013	
9758	6	40	1293.05470765245	
9683	8	4	182.880620557294	
14453	8	44	1392.85672047774	
20209	5	40	1278.92587695221	
29825	1	47	1505.32407350155	
22015	10	31	996.262715363997	
11518	1	11	384.954369508174	
26664	7	44	1416.3786380628	
15985	3	29	953.290049467837	
25211	6	10	361.052662078781	
29517	10	22	745.177375574213	
22713	7	18	625.446332090276	
26062	9	27	885.968786369063	
9404	10	17	574.333281188427	
24998	5	42	1328.35886383818	
28100	8	6	245.945641028669	
27108	7	17	586.574207258678	
15457	5	26	855.967190030947	
15619	3	6	257.912463181611	
15633	4	11	397.966587319023	
10641	5	31	995.957939418013	
15050	6	29	956.328096425314	
14528	3	50	1586.32018531967	
11154	4	3	161.008744724565	
24884	7	9	326.434628854708	
15593	2	14	489.382004406947	
25835	3	21	709.025265979127	
23645	8	30	973.866798288127	
12970	10	32	1033.05081549708	
20215	4	34	1087.48107808059	
20365	8	18	606.354730486104	
15061	9	30	971.880886709262	
23667	10	5	213.651425565431	
23173	1	41	1296.44810748121	
14400	8	8	317.414852565813	
19338	2	18	610.425043315825	
14827	10	47	1490.58552599074	
28721	9	4	183.273086484183	
16217	9	45	1446.66070998025	
8615	10	39	1242.99324711924	
15208	1	23	774.137876878557	
29100	7	38	1232.8738565896	
23919	5	49	1566.08220691145	
23047	3	48	1531.5927804688	
12380	6	11	388.818103740373	
17535	9	44	1388.46161214097	
14126	3	26	840.412275623722	
24617	7	25	836.422053070935	
27039	8	14	498.650138908369	
9076	2	40	1286.63585413556	
29332	7	23	778.816953813106	
21703	3	12	423.774111803516	
28659	1	16	540.136566860665	
18864	4	26	861.317326417806	
21672	6	27	873.437382017	
18833	2	12	416.726611227135	
12381	9	4	196.560435237624	
11316	5	41	1311.84797575318	
26421	10	32	1032.4912480975	
13309	10	34	1095.9420690946	
15311	8	10	367.237449384871	
14687	10	31	1011.08757122005	
27189	8	13	463.327822565719	
12216	6	46	1465.80897138725	
8105	6	42	1354.69793159268	
10862	9	43	1373.29648886495	
27485	4	14	491.794906524846	
18860	9	37	1189.52067888785	
26360	3	9	336.918428622614	
20526	4	24	797.93382052236	
13985	8	10	355.360115037933	
22356	10	14	483.301120774495	
19714	1	31	1009.3064800507	
27569	9	18	614.91921606237	
13166	4	38	1223.82871044047	
23455	9	43	1363.08408282841	
15808	7	30	990.245889513868	
16275	5	2	134.727404850874	
19920	5	43	1372.19064098419	
10531	4	16	537.973016713733	
22230	6	39	1248.96972878322	
14383	3	46	1472.60321290819	
26798	1	16	555.216659379758	
18934	9	42	1346.41496136152	
19240	8	11	388.664124267485	
20665	2	7	262.580618682588	
11488	4	15	511.744319848597	
11067	6	29	952.334099147624	
25847	6	14	503.010725464211	
15738	7	47	1500.68824133868	
28694	3	14	493.864608078201	
28649	9	6	258.73755023756	
12037	10	23	750.781838386684	
26331	7	12	430.71864088565	
20750	9	29	955.75579773437	
11764	1	43	1363.05030565851	
9278	4	26	849.546034023886	
27634	2	4	180.2732355242	
21350	4	6	256.894848876118	
17888	4	18	615.521614875422	
10376	10	30	976.666705616129	
25221	9	39	1250.89159673587	
8993	8	17	579.503624448322	
18322	1	41	1300.71631838601	
22502	2	31	1011.27573909763	
25187	6	10	375.515833038611	
14571	8	31	1014.46763175282	
21424	4	48	1525.21735079829	
16465	10	39	1237.48861597734	
9327	7	34	1110.35329918859	
27792	3	32	1026.48072171327	
16859	10	3	141.83303038675	
21724	6	49	1539.65733476899	
28609	6	17	574.518231383766	
9843	9	45	1446.97234031138	
13139	6	14	494.634236476679	
15167	3	15	535.870911840289	
18955	1	21	716.9128612042	
15110	8	36	1157.14484711976	
9081	4	36	1172.11731291009	
14204	7	29	941.552169016354	
15293	6	35	1139.46080737722	
15945	3	23	766.509953423641	
28463	3	12	436.230187283936	
20665	2	11	384.069212444159	
24271	4	4	176.622564800374	
10367	10	42	1332.51928238781	
20665	2	20	658.587839165045	
19251	9	39	1259.163418328	
12035	3	46	1460.77840478196	
13376	10	17	593.538048804523	
13405	1	27	889.972653989667	
13072	5	46	1477.83255597476	
15514	1	25	836.66902610877	
18043	3	36	1161.3063110976	
23779	10	50	1598.07813204735	
13229	4	30	973.09958845987	
18311	6	26	854.500340993749	
18765	3	12	415.139222263889	
17315	5	1	93.1482912288738	
8327	4	26	848.112986929767	
10113	10	17	586.526969050303	
28019	1	41	1314.84548317028	
27298	5	31	992.657426275619	
17681	1	16	554.20751962541	
18807	5	12	432.031577691451	
24630	6	8	319.080215468574	
26819	7	6	256.263607002918	
19402	3	17	583.746300574274	
23774	7	16	541.121561257691	
17845	1	28	907.17939381822	
16378	10	5	212.633172819686	
24512	4	18	623.12838840444	
29388	3	20	684.777535966028	
17589	2	40	1273.96944585907	
23288	6	45	1437.20589823891	
20354	5	16	564.38164331223	
10766	6	5	223.273437164386	
24896	7	31	996.64710594185	
12508	4	28	914.653174297257	
18172	2	19	642.9965506508	
24222	1	12	435.879792587776	
27788	2	9	346.053932470295	
21559	10	43	1376.71021119538	
11520	5	18	596.81525038407	
27138	10	5	216.5080677236	
20070	8	7	264.000474411994	
16158	6	24	782.988308660215	
14786	4	31	1013.21192028616	
14313	2	46	1448.89420826402	
16695	10	35	1121.53464801681	
12825	10	40	1281.37057084654	
21685	7	10	381.773638940311	
15156	5	35	1143.99655589089	
11963	10	11	404.004325980323	
27973	6	12	435.025199966051	
23510	5	45	1424.61532420694	
9219	5	43	1373.85252714802	
26517	10	47	1482.02266765853	
21558	1	49	1552.03763475271	
9160	6	46	1457.5423493318	
10737	5	36	1156.25567538489	
24413	9	3	154.841538590771	
21625	6	24	798.041857070309	
26628	8	19	633.599010963738	
26835	6	13	460.904875984837	
15556	8	9	346.844265585227	
15426	1	27	873.055020008727	
14542	4	36	1162.6995802497	
14610	2	41	1324.1004128587	
13712	4	35	1113.69648873512	
16870	8	25	829.826151295484	
17420	7	46	1457.8532350519	
13696	5	34	1100.48604796663	
10691	3	32	1050.15174057807	
29708	4	14	492.233194341992	
29134	3	8	320.473036580008	
22395	8	48	1538.1352719749	
11100	7	14	475.842175891549	
22207	1	12	417.69945190181	
17721	8	6	248.031103279456	
19231	7	35	1136.09190680836	
22633	7	26	843.051686716756	
26673	9	22	734.852092310252	
21795	10	31	1019.58691324088	
24682	1	38	1225.80882297168	
16854	10	45	1430.85953387937	
28245	4	33	1079.13183251355	
21240	10	10	360.773209985706	
13966	9	28	918.944245893017	
27199	9	1	92.5905740319707	
29395	1	24	790.529116164208	
13822	5	9	341.25076950586	
18214	7	32	1044.60947118914	
24975	9	33	1057.11082496546	
15877	9	34	1086.74087526591	
29715	3	10	361.038253997005	
16766	3	36	1148.01207539999	
28505	6	25	823.111200231645	
25517	3	5	215.910374399233	
22894	6	46	1469.66380213837	
10567	5	30	990.945454403267	
11215	7	38	1220.28872841051	
18917	4	40	1289.11150742746	
11937	1	12	415.197719528897	
15378	2	10	371.708496721326	
15085	7	45	1423.51733579464	
19289	9	27	881.287590973679	
29392	7	4	173.844815312813	
13970	5	48	1511.77113163833	
17879	10	4	194.552163386043	
26407	1	47	1486.48005223203	
27092	8	30	978.010351256472	
20677	2	36	1144.32321575672	
26317	9	43	1384.00653147325	
29093	10	11	401.45044252344	
14844	5	11	393.203988668138	
27661	3	31	1019.98944628052	
16870	8	43	1378.45494382943	
12970	10	31	1007.79018799206	
24022	9	19	630.045342105462	
22568	9	26	867.712433071673	
8016	3	17	592.281810023022	
25719	10	9	323.755334356686	
24354	1	41	1311.50983882673	
19906	8	11	403.167372570917	
11743	5	17	568.575381789624	
26090	1	14	493.243763862757	
28250	6	2	123.375223001174	
8812	2	49	1563.41086531217	
23940	1	5	211.194940344987	
9432	3	23	772.460961180022	
22376	6	24	795.024071743257	
21204	2	9	339.931801492317	
11227	3	16	548.035649763437	
27380	3	26	857.085648876189	
13769	6	48	1515.80317839785	
21817	10	36	1153.94017928929	
27552	7	11	399.654372781354	
8098	1	22	727.878416519555	
25895	1	44	1402.29148717704	
20922	4	19	629.571942905696	
11829	9	30	985.287017200742	
26057	1	13	449.002078347375	
8065	6	24	804.392082506973	
24665	10	5	206.110521799936	
26391	7	44	1412.51876490774	
8039	8	24	796.927553749144	
11457	2	39	1260.60293971589	
18062	7	22	735.660382442018	
11091	3	23	773.536886597768	
23842	3	29	941.048807716486	
13125	9	43	1369.55713157056	
12646	9	44	1415.32101223959	
10402	1	37	1185.86503229377	
10933	10	20	681.9513690667	
13584	6	14	478.663644380245	
17297	9	30	976.533394053827	
28897	8	50	1577.60166860074	
14310	3	1	92.0303469579808	
18322	1	44	1403.1331149317	
25467	5	31	1010.27357193188	
9793	6	25	837.912367972505	
12348	1	5	210.433950000645	
12922	4	43	1380.57619129334	
14786	4	31	1022.09120220602	
17602	3	23	771.455980488777	
10570	5	21	718.078549764156	
24711	1	20	676.287565993279	
26370	2	18	606.920882597063	
28147	8	14	485.647264125593	
15085	7	25	839.263809378847	
27727	7	21	700.335073499165	
26005	7	22	730.576527309872	
28942	4	38	1205.49870081502	
12093	9	1	80.4733991997658	
13082	4	47	1482.42541587093	
20349	10	5	223.279731675647	
22399	10	35	1119.36325184971	
19038	6	37	1185.39931702679	
22731	10	17	590.648607663181	
24285	8	43	1371.64782804048	
28104	10	25	832.640824146867	
23400	7	30	987.714840559156	
20935	6	26	869.8739787144	
25128	9	26	870.146132628502	
21399	9	31	1002.90382960946	
19770	8	30	979.70305950367	
28897	8	23	754.066769198546	
22868	7	46	1466.08428069674	
8561	8	13	458.422004495944	
16124	8	18	619.26978434402	
17244	9	37	1176.33851068855	
25461	3	11	387.624025823373	
28735	3	28	924.745301587854	
27705	1	13	472.017915245154	
29416	5	44	1391.65957493319	
21970	10	26	854.853067200097	
24796	10	20	668.425887054031	
25529	6	43	1382.30088030095	
27183	7	32	1034.65454131116	
21016	8	23	774.44021514358	
12147	5	4	200.639987755865	
28830	8	22	733.682057118826	
27588	4	9	330.013118316426	
17604	2	48	1534.27307721892	
17398	9	8	320.71373421732	
14831	7	22	718.980604260685	
14476	7	7	289.822311424567	
24360	1	37	1185.39163309401	
21682	2	24	799.525953195768	
17774	2	9	335.383912704598	
19596	1	46	1457.17014220411	
19862	2	13	472.202351573949	
15784	7	34	1101.3817392948	
28405	4	2	111.485286891221	
16069	9	6	257.632747785017	
23087	6	46	1450.19752741335	
14676	10	29	940.559971286245	
11638	1	17	590.430058664843	
17213	9	1	99.187372596556	
19955	6	44	1391.75292098511	
21001	2	49	1564.01178056561	
14969	9	25	810.203285296542	
23337	4	5	228.498878101119	
10638	9	46	1466.37747978157	
12757	1	39	1262.9252986903	
16388	4	11	392.711047675792	
15792	9	44	1405.83122572202	
13133	3	25	813.480785569866	
19729	10	7	288.813824266574	
16876	10	21	707.572348670835	
15721	4	36	1154.85384462162	
23973	3	42	1337.06237154876	
13426	10	5	230.744775715631	
8938	2	44	1416.2083925196	
18965	9	39	1251.00784028462	
29191	7	4	178.958767028041	
25061	8	22	737.701722242731	
15667	5	29	935.600901495479	
27067	8	19	629.432398411181	
21220	6	10	363.92322534878	
13937	10	23	769.880748079103	
9549	7	36	1168.67513610454	
9432	3	22	746.558327500968	
