idEmpleado	idDepartamento	ventas	importe	
25487	6	17	574.924318313098	
28832	9	39	1257.37153808464	
12153	5	43	1367.96862498297	
9409	7	24	806.432786698655	
23914	3	14	477.075478246936	
8063	8	13	474.321358126738	
8111	9	36	1158.27802618885	
22052	6	49	1567.59359034132	
13173	4	5	217.225953441684	
24440	1	25	820.705736438141	
25963	4	14	496.090004116339	
23224	3	35	1115.75807459455	
9434	3	20	664.031297538444	
8674	6	20	661.449110368942	
12759	8	2	134.136742155131	
27909	2	39	1260.30121724135	
20588	7	16	540.117542473654	
26549	8	40	1285.30914344141	
11057	4	30	990.458176559982	
12735	10	13	448.082028612533	
10002	4	21	705.46451765367	
17831	5	14	491.286240225325	
8641	3	50	1592.33677617849	
23144	7	12	444.039168005827	
16217	9	31	1010.90855880217	
9934	9	14	503.193690266085	
13008	1	10	383.878823473993	
25440	5	34	1107.74235672678	
26917	2	8	317.127284778807	
11855	2	49	1540.82683981435	
9224	8	4	176.519063160065	
20125	3	8	297.356941912955	
23884	10	22	738.512980909326	
10791	7	33	1054.56182465635	
9482	4	10	377.364755299578	
22700	1	46	1455.05379062847	
13490	5	44	1406.35959165467	
13607	1	7	268.513709059224	
18913	5	17	573.802772021761	
21167	6	30	976.202154688631	
21906	4	29	952.02317166702	
26870	3	33	1074.57605948419	
16060	9	3	146.491049410073	
15101	1	6	237.286974898207	
16615	4	7	285.575411825243	
23449	4	23	769.70909825047	
9635	5	22	731.97089709899	
14464	4	40	1289.64701299073	
24458	7	23	752.484000787364	
13060	4	4	178.169010774311	
20125	3	28	909.1866499694	
14512	7	44	1392.86074788909	
26010	5	38	1218.96190234412	
20660	7	35	1119.66269589945	
24550	10	31	992.262636624399	
8097	1	3	163.638078087772	
9669	3	39	1265.03476190615	
11919	2	31	1003.92945697714	
20762	6	44	1395.52422789648	
19419	9	50	1573.88178798085	
9486	3	3	170.442534652745	
10366	8	2	130.535669462073	
17316	4	42	1330.46630556251	
11694	1	7	276.399113627337	
26895	9	22	724.186673278076	
8634	8	7	278.733062203384	
27111	6	13	457.245093685223	
14176	2	38	1209.46947288209	
8723	4	10	364.084355069364	
21065	7	7	279.082951526662	
10960	8	46	1453.94162558668	
8311	5	9	351.60383341443	
28079	5	24	791.506371419647	
8207	8	1	94.2560218713507	
12010	6	34	1096.05885694551	
20654	3	38	1230.88845816948	
24553	8	12	424.795190815253	
10123	1	45	1435.04980128028	
15977	8	6	238.463756180584	
21964	10	8	321.199460551701	
19114	9	43	1371.2227931671	
29720	5	21	694.231810483258	
29461	6	12	435.258355939415	
11213	4	5	218.958274004496	
21016	8	21	711.640189844947	
29421	1	10	383.65831527098	
15252	9	20	678.395039568839	
15888	6	38	1218.85028500988	
12753	4	3	142.299188031954	
21399	9	8	293.726677211806	
28489	7	7	270.019028722317	
17495	8	14	482.430134677528	
9665	3	13	472.989481162741	
8072	9	18	599.920984040909	
13825	3	27	885.759620035887	
27739	1	28	901.487502204947	
25679	6	42	1344.10975392168	
12512	5	46	1470.09193578274	
21718	1	34	1113.10030162013	
10641	5	1	86.8423496218595	
27580	2	11	392.464004565246	
11950	5	35	1122.5014242169	
14862	2	31	1005.56265792137	
22552	10	16	553.401049260703	
9486	3	9	324.227385187627	
13220	4	19	637.58281655497	
9975	2	20	681.354376469438	
17432	8	37	1204.70588047277	
24084	4	1	103.603838953936	
25946	9	43	1361.37417845492	
17215	10	42	1338.84288727252	
18408	6	45	1429.98496062587	
28459	5	26	845.465700796556	
8261	4	36	1154.32476734478	
26950	5	7	282.658994813757	
29111	2	33	1076.21072416949	
13944	4	40	1295.27731352266	
22341	2	37	1191.50803155802	
19471	4	36	1164.75892378239	
24566	7	12	420.528358007096	
18232	6	37	1200.33802263454	
20751	7	25	838.394808675346	
18581	3	36	1147.17028485014	
19572	3	3	150.357677857558	
13290	8	1	89.0639228043444	
21323	3	32	1051.51149090916	
17137	9	47	1478.61435225169	
26380	5	7	271.585387378738	
13462	3	24	808.496401835464	
15741	1	7	274.571354740565	
27388	9	47	1486.7787042478	
29703	5	16	554.703255032517	
12323	8	11	401.949499660148	
19661	1	5	231.621406558725	
24402	4	48	1528.73545598645	
26603	1	9	328.721368950196	
13016	4	40	1288.66915256189	
11575	9	47	1481.85730667871	
25905	10	47	1494.73088881687	
11724	10	3	154.057373289977	
18224	9	41	1302.30393880154	
15241	9	33	1073.68915909607	
19296	10	37	1195.24644605594	
8443	7	10	380.925009577035	
28555	8	16	554.883789939286	
15038	4	12	440.034068096445	
29159	10	39	1236.96443388097	
16800	8	28	918.664713817958	
13302	4	11	397.261989227152	
8142	4	44	1409.5488958664	
10658	9	38	1206.21018868229	
15519	5	6	232.601722363663	
11298	2	11	385.333012000347	
11060	5	23	772.571943613036	
18259	2	14	486.504326987315	
13403	3	36	1154.0691958899	
23543	10	50	1575.33113936676	
26055	3	29	935.204980063813	
25389	3	16	544.337126456358	
17933	1	27	872.715894278472	
10925	10	23	758.968464303281	
27899	6	14	489.7689890907	
12754	5	14	476.209478637301	
27661	3	45	1429.03248421337	
22362	7	46	1474.59547420712	
16287	6	26	864.139632240003	
18242	3	34	1108.03546096572	
13148	8	21	693.844294237832	
18090	1	38	1225.58931135833	
27260	8	49	1553.93762586356	
11796	5	44	1387.5415716076	
18813	3	44	1413.42000684394	
18272	10	41	1296.77714274115	
24049	8	34	1090.70155049241	
24245	6	21	718.224419205554	
16345	5	5	206.648863538471	
20450	7	39	1243.14836261941	
17215	10	26	846.245275273102	
15313	3	37	1195.47388791827	
18202	1	39	1249.0298547079	
10914	7	44	1414.54705702818	
18601	8	19	639.949638433731	
19283	7	46	1474.32339815159	
19295	4	31	998.947505969064	
16772	8	20	668.361166058276	
11388	1	42	1334.17698188414	
13376	10	6	249.37024303217	
14143	1	38	1229.37755604711	
13837	9	42	1345.11707957141	
18306	9	13	454.666260096555	
11992	9	9	353.390229583434	
24839	7	12	433.464172498073	
19893	9	31	1017.52018022235	
9487	8	21	702.014994538396	
27090	2	31	995.088908986696	
10117	10	27	892.534949710842	
10539	1	20	677.479680458773	
16453	3	43	1366.21396184257	
10183	9	15	506.329535369915	
22308	7	40	1290.74415769928	
29812	3	29	931.998607130721	
17761	4	18	623.12013964314	
24102	10	40	1293.07540245963	
25764	5	12	443.324363363592	
24141	3	1	102.0073242588	
25836	3	44	1392.79018183834	
13898	6	15	535.824579622515	
24630	6	27	894.631461507935	
9601	1	2	134.347524407482	
25051	3	10	359.855463448845	
26284	2	48	1510.92083327049	
17060	5	24	809.08586409366	
10417	2	42	1339.73109214554	
20144	3	27	895.307271748459	
29461	6	33	1058.16883725029	
14108	5	4	199.01882586955	
14940	7	18	615.445590939115	
27199	9	33	1077.26197266824	
17980	3	26	840.671318155095	
21137	9	5	220.418492322983	
15514	1	21	694.769389207833	
14869	2	47	1478.65790491861	
18313	6	29	948.727214666422	
22068	9	26	850.923051261773	
18800	9	40	1280.54739628013	
29842	6	32	1034.07739910953	
15497	7	14	475.89982662159	
26517	10	20	674.762148202752	
16783	7	4	175.612641505717	
11095	9	45	1425.68946949471	
27234	8	35	1129.1691830797	
18865	9	46	1476.93440077684	
22657	6	12	419.915739903187	
21628	6	47	1504.72973021899	
8731	3	11	397.031247577179	
28210	4	27	871.426917385043	
26842	1	29	946.874235974101	
22705	7	34	1110.99903478799	
28848	1	30	976.940181710264	
28216	6	27	875.570984219932	
20774	5	27	878.352402261622	
21678	7	29	954.738781524235	
21558	1	37	1175.03003163963	
20085	3	33	1065.26161612257	
26969	2	16	543.74542682606	
10885	6	36	1144.30436548977	
26129	9	21	693.733080352532	
11430	10	5	202.212908473896	
14969	9	39	1243.84615728811	
25835	3	27	876.070083117145	
29320	10	10	357.089358771727	
27412	6	37	1200.21770779054	
19555	2	18	605.542643687475	
26081	2	10	365.911043046932	
24612	5	20	675.97476849145	
21886	3	33	1053.34070221211	
19608	10	40	1274.39292497672	
29332	7	15	522.152351197858	
8530	10	23	762.776967083466	
21097	8	20	667.929925149274	
9665	3	31	996.890355216754	
20572	9	46	1461.06243141976	
12365	7	24	799.018820002218	
19467	9	8	308.658054912769	
10001	7	25	830.686280369147	
11845	3	2	113.986432493658	
11079	4	13	469.170124190473	
14421	8	45	1435.00136192655	
24585	10	17	578.27602417128	
21095	7	7	266.741919865246	
9928	10	26	852.14458989545	
15669	1	34	1104.44655615112	
26204	1	4	180.321790957973	
21595	6	49	1565.10033393516	
17656	8	29	942.06609006136	
28605	2	42	1340.0306076836	
11225	7	10	383.627873278981	
10061	3	47	1483.46559854386	
22060	1	11	387.177624435712	
15017	8	5	216.243030790353	
12197	2	12	420.344318756994	
22048	3	10	353.686918147694	
21425	3	32	1030.91599091464	
23832	7	27	899.542558388571	
18524	7	36	1148.60011072299	
29324	5	48	1528.95147528916	
20942	2	29	951.391757089361	
20846	1	2	134.004696856255	
20801	8	28	908.754961727539	
21564	9	29	943.69054536507	
18816	4	37	1197.03399240832	
23020	10	14	504.721884776243	
16658	3	12	428.222067704528	
8460	2	11	389.01025656099	
28400	4	47	1478.68062900318	
29763	1	31	1017.28997084186	
12933	4	6	235.719961522017	
16124	8	29	946.371976726862	
20372	1	8	314.575335753418	
19491	8	15	509.758994332402	
11756	5	23	755.134241299301	
18476	6	26	858.73171842598	
18601	8	38	1223.93688430262	
19961	4	33	1057.10423742286	
23327	2	1	103.925493221695	
15496	9	26	852.642802620606	
16801	9	34	1099.89591683256	
25070	8	19	640.442309752313	
15698	10	32	1023.84495298557	
28293	6	29	935.944160807852	
22066	2	23	749.712828933128	
9308	3	44	1390.92732643286	
12726	10	5	214.974726762145	
8320	2	18	626.533936293113	
21299	6	9	327.58560639228	
20900	10	22	723.20343706906	
10127	10	15	510.146440505118	
17013	7	47	1499.47626161365	
17681	1	23	760.057944189784	
20767	5	28	901.734805079985	
27216	4	23	762.594675404297	
10577	1	12	415.165427334218	
18336	5	18	606.246400199014	
8011	2	38	1234.58547880621	
20056	5	20	669.707927456921	
12125	7	12	427.422705119207	
17402	6	23	756.224488446594	
8769	8	44	1391.31153439698	
13123	10	3	166.419704931984	
21932	2	48	1524.7761192195	
24951	10	37	1184.31064616158	
29678	3	32	1037.25589655212	
14490	5	39	1248.89026279044	
17301	8	46	1477.41863010331	
10081	10	33	1061.10878949105	
10081	10	36	1161.61260033101	
23061	4	22	729.750033845077	
10972	10	50	1573.81175349178	
29238	5	27	875.617065166876	
13104	3	10	375.957308102379	
20893	1	15	509.0555584566	
22644	1	11	390.949447337049	
12128	4	21	710.159743870683	
19472	4	50	1572.81080091969	
15698	10	7	273.977716431943	
21867	8	44	1406.10666597546	
18911	2	10	369.747158014098	
14582	9	44	1401.68813141141	
9358	5	3	141.42465016871	
8945	3	25	835.477191934119	
24355	10	17	587.143530336741	
27267	5	9	336.24369990837	
27295	1	7	266.314032537078	
29001	4	31	1012.84053067343	
17364	9	42	1347.16431892811	
10745	9	12	419.968813965083	
15778	9	9	332.485318226966	
15488	2	50	1589.35140549641	
11893	3	13	467.39630996594	
18003	4	40	1276.50278810249	
16212	6	4	176.418314174012	
19205	7	41	1308.58438243558	
27705	1	16	554.022604820329	
13270	1	34	1099.06883376607	
29611	2	42	1351.63351464627	
21579	3	41	1312.45693238101	
20126	10	5	222.037063642422	
27559	8	9	337.556096658835	
19614	1	36	1165.42514680206	
19345	9	23	765.973006061266	
11712	1	50	1593.45340322398	
23289	6	16	536.334687013335	
12219	10	21	703.85919644677	
9278	4	13	464.100636087405	
21063	10	13	472.679246623385	
13878	8	13	451.645228067248	
11264	8	41	1305.00568346354	
27428	4	19	633.435599279327	
10170	10	32	1040.60776237427	
27428	4	26	863.601261481457	
23912	9	2	137.675547105109	
13863	1	29	954.536357035179	
28067	4	42	1329.88688422827	
24026	3	28	930.942512997865	
9026	6	31	1017.63258888276	
25603	7	28	928.066946253212	
23656	1	26	850.941864015042	
13911	5	8	316.049732117005	
15734	7	5	210.254311175204	
15922	7	22	721.13997552597	
24764	5	28	909.127282104049	
13771	9	22	740.39862834867	
20607	4	37	1186.41544352584	
16634	6	37	1199.11427706439	
23261	2	7	279.538993928367	
28992	3	24	800.47117602102	
8681	9	45	1436.92684251672	
18486	4	38	1211.09091010461	
16381	2	8	301.177286273417	
15653	7	16	561.520784050934	
26340	8	39	1264.06960233304	
15450	10	2	112.191061355263	
15426	1	8	316.262984609354	
26063	3	30	975.451644107444	
19727	5	26	842.023788710136	
13582	10	2	130.808843323406	
14976	5	38	1232.3845034616	
25462	1	44	1402.21339644967	
21105	2	18	620.161284050048	
12254	8	30	975.519090860858	
24638	9	21	714.963130501547	
9475	3	41	1299.04971894764	
21012	6	19	628.74364312214	
16425	6	37	1203.79504848448	
9088	7	38	1218.82724099738	
20954	8	25	821.881957138834	
19614	1	50	1578.69749820731	
26373	1	38	1223.08009182246	
11388	1	3	161.436244883312	
11035	7	14	503.566568393058	
14098	9	16	541.515068365967	
11899	2	47	1505.98733152542	
28019	1	5	207.301785483631	
11664	6	15	524.285171276091	
16029	5	46	1456.84572395722	
12628	1	29	933.054774875312	
14634	3	29	949.919243487492	
14879	8	34	1104.74491938238	
21464	4	7	264.561642159038	
17370	8	40	1272.20807060236	
25316	9	18	614.718385550528	
11505	6	4	173.914773358924	
9319	4	11	412.25831300591	
19069	1	16	559.086978323332	
25018	2	37	1199.53165914842	
19391	10	1	105.484485749847	
23185	10	21	718.273372425825	
28527	2	12	434.43524012083	
25495	1	3	168.918724287729	
26130	1	30	966.823745559353	
16745	1	40	1295.68244279161	
19545	7	32	1048.72846756537	
14693	2	40	1295.88844806696	
17535	9	25	834.735220314346	
11203	2	1	86.1768450244222	
27588	4	38	1210.07756315641	
14910	1	4	191.65498522653	
17244	9	50	1582.62039504136	
16875	8	50	1580.28703606701	
17444	5	33	1057.65703678953	
26155	2	25	821.773677813715	
15714	7	8	293.846750694256	
22748	8	35	1129.6546652213	
11939	4	44	1397.61071788036	
29024	4	1	100.005715684968	
9335	5	43	1358.08227080763	
15072	5	47	1504.88927587163	
25725	2	44	1391.97781333326	
13642	9	35	1118.60592015023	
21980	10	48	1508.96901383482	
14960	2	24	780.889599835914	
11057	4	5	207.639584079217	
14109	8	38	1217.65175429063	
12623	4	29	947.953213447683	
16206	10	12	440.80070531033	
8067	9	18	621.048357142624	
18560	8	30	966.791405941728	
25718	4	3	149.656664798808	
28010	10	1	84.2633893360679	
13690	7	37	1193.34275524753	
23543	10	4	183.608584713009	
28059	7	38	1224.26225808648	
21652	1	35	1134.16136753473	
11228	8	24	794.612499323959	
18859	6	24	807.884125601446	
25442	7	34	1092.7866008006	
9026	6	7	290.098883458459	
27428	4	30	972.566565169285	
9908	8	15	518.108326251669	
28107	9	9	326.768160800807	
24847	7	25	821.399789648782	
12799	10	30	967.298848446132	
28699	7	35	1124.45788331537	
20715	5	24	806.904605369505	
14696	2	15	530.43439278865	
17282	9	11	400.871634856272	
17881	6	19	644.260108137624	
11717	1	18	614.647595125552	
13878	8	16	539.081262638364	
10887	8	45	1441.44938834079	
25322	3	4	200.595209878215	
28879	6	28	926.295559092562	
13432	6	28	915.829319970603	
8236	6	6	259.949710452906	
28371	2	7	265.934145723439	
19999	5	36	1168.0428587124	
12412	9	45	1431.07671327473	
13034	2	12	427.935234619274	
16247	5	13	473.934515004016	
21137	9	33	1065.1284878818	
23666	3	9	323.286157214682	
13496	3	2	121.998320427722	
21033	2	50	1578.35700570529	
23271	3	13	466.944280819476	
27843	5	29	954.048452076525	
14665	9	37	1197.51141972724	
26031	3	23	759.685383159521	
19720	5	12	415.042165897341	
8467	3	20	669.726592278912	
8761	2	18	607.219114884371	
16638	10	36	1147.98338734917	
18956	3	18	612.322710702346	
17339	3	29	953.869487081594	
8731	3	27	871.83775934942	
20339	1	23	767.569224186041	
15708	9	44	1413.59075138978	
14165	3	20	683.181700763843	
13819	10	14	490.74714892113	
10925	10	14	497.518820659033	
10301	4	2	119.929070454058	
18864	4	50	1576.788249005	
8365	1	12	432.143810816176	
16557	9	38	1210.57540216044	
27159	9	6	242.814000995277	
14769	4	33	1072.74754536932	
13940	10	26	857.313025620446	
13211	8	11	388.432938115873	
17647	7	29	954.211657081829	
18360	1	18	608.67835360052	
22651	9	39	1239.84126688905	
21253	6	39	1261.70988752586	
20275	9	46	1462.16364883918	
21240	10	17	578.63205016527	
19632	2	33	1052.97983836987	
9121	1	1	83.4820035861256	
24417	1	24	779.40146922106	
9766	5	30	988.94184274084	
22635	6	22	737.513602495898	
10456	9	46	1452.85615329298	
25779	1	29	932.92297306141	
11872	4	39	1241.18625169675	
10975	8	8	309.217942240284	
12184	1	49	1544.92100284664	
9929	10	48	1531.86214775399	
12254	8	10	373.466000991625	
15709	6	37	1188.27249917587	
29239	3	50	1572.42607201097	
15476	1	2	123.991560621183	
14631	7	34	1092.38048626686	
13246	10	13	452.343394333657	
11108	7	16	564.861157948552	
12572	1	31	1020.3295643536	
24109	3	48	1530.41641396024	
25320	4	12	434.005444549958	
11105	1	34	1088.3402388768	
13326	10	47	1491.14234639851	
24842	3	15	511.422918267279	
14195	9	44	1415.54300471001	
9335	5	31	994.196735450158	
15393	5	4	176.735426456079	
20011	9	27	889.078481611367	
12204	2	44	1405.47372607769	
20943	2	44	1406.36381229682	
27924	7	32	1029.88532538986	
18613	1	29	945.509227358507	
24572	5	40	1285.81973850998	
23151	3	2	113.690660537076	
8605	9	47	1500.88964871172	
20867	6	26	868.355755763294	
13919	4	50	1588.16775496498	
22967	9	14	504.648908648942	
27805	10	49	1545.66809826794	
19226	10	19	637.89099562815	
17004	4	36	1164.59584759762	
20168	2	14	478.742818757306	
9145	6	42	1347.57030676472	
9215	5	14	487.222807969536	
18314	4	40	1278.71325440645	
17288	8	46	1469.34800000365	
28130	2	47	1484.47504619345	
12648	7	27	884.886953609477	
29075	5	9	344.44137749469	
14860	2	46	1461.83117081496	
25042	2	6	236.334959266863	
26800	5	23	754.980108940499	
13832	6	8	321.380323172258	
9009	9	48	1531.74723487894	
18368	7	5	224.626605615312	
9806	3	49	1564.63959949307	
10851	2	4	192.33965718762	
17016	9	9	347.978550953781	
12335	9	36	1173.39883803083	
8470	2	42	1343.31686704574	
9725	5	42	1356.1207268369	
20516	10	2	123.844491450044	
10480	9	45	1435.71252561906	
10084	2	14	502.854129943463	
13919	4	17	595.035677456779	
17079	7	20	666.352920395487	
24847	7	20	687.646262481644	
15584	4	36	1154.58183863879	
20166	9	3	151.536423299246	
24307	2	26	855.635804857889	
14634	3	34	1104.21273130188	
11092	8	49	1547.69448568471	
22107	1	18	619.193059680608	
20464	8	13	462.438568725455	
11790	5	13	445.820566362618	
21031	6	49	1555.26262579265	
14390	8	42	1340.76993211208	
23944	2	34	1083.91953842897	
23912	9	25	832.70966386083	
17778	1	49	1546.19500470636	
27747	2	34	1109.72168925671	
25993	3	27	891.848472846601	
13603	4	18	624.637104116677	
9219	5	49	1543.64255526273	
9329	3	39	1250.02885302996	
8539	9	10	354.905216449362	
9928	10	21	704.128904186249	
18405	1	42	1354.07250363104	
19694	5	47	1489.06405492176	
16410	6	48	1536.25004921865	
17198	7	23	756.016098575674	
27627	1	41	1320.1892040112	
12471	10	29	931.250070618116	
29101	2	7	282.351231222204	
18223	4	27	881.770268791248	
17818	8	35	1120.75135614758	
20561	8	19	643.030293138246	
16686	3	28	924.716176821252	
18480	9	47	1492.18713051276	
13608	1	21	692.360334010963	
14772	3	26	861.701737522009	
19256	5	11	409.893207554656	
24487	1	25	813.350530310232	
17634	3	34	1088.8055726368	
12178	9	12	437.618439513081	
14956	6	7	288.640473582149	
19340	2	5	215.787049259891	
24402	4	46	1458.9417544468	
8440	5	36	1165.92666851633	
14224	3	7	269.36397982266	
29715	3	8	303.869667380987	
21595	6	21	708.420118758651	
24119	3	35	1115.26888709295	
23010	5	38	1227.20383332446	
14143	1	8	313.59517778903	
15450	10	16	544.2722539903	
28465	1	34	1099.20738733337	
12863	3	47	1492.06997035633	
21169	7	26	852.825276913506	
20856	6	8	320.130461007417	
14760	8	49	1562.22401620924	
23828	2	29	933.573758850607	
13122	5	39	1265.51778371703	
14402	8	5	215.286374080594	
29244	9	4	179.619706282215	
21520	2	43	1384.02352729068	
16060	9	21	696.444415066598	
21516	4	12	416.841828458403	
27735	7	37	1180.66829993421	
16941	3	28	925.069210215038	
12724	5	31	992.232332654406	
17831	5	14	496.053755290831	
19240	8	37	1191.73240791621	
12113	3	5	220.349329849868	
12555	6	23	764.493267184353	
23141	5	24	779.828481702054	
12754	5	3	158.49794253637	
8051	4	35	1135.83153147988	
25387	7	37	1186.02411574965	
17581	10	32	1041.38837944781	
16698	8	5	219.118167189471	
9296	5	26	845.187149739446	
10722	7	7	268.145835114711	
21789	5	41	1299.70007509911	
15133	4	41	1312.38038183766	
29844	3	2	127.595979817024	
15784	7	7	284.92031691825	
10753	7	41	1304.04623729365	
12381	9	49	1568.75605343317	
28963	9	12	417.498014800948	
12431	8	1	101.543968814213	
17440	8	23	750.960322781913	
10084	2	3	151.890899907747	
26974	2	39	1252.05666950534	
9088	7	22	730.136317801725	
16351	5	48	1528.1279786714	
16291	7	22	744.375423837628	
18848	2	20	678.064156229638	
18840	7	30	989.185866354586	
15708	9	19	653.594912222398	
9642	1	37	1192.19605851555	
13507	3	44	1398.94522080149	
8063	8	10	358.273454512597	
21870	7	8	320.857458301288	
15115	5	27	877.131647168254	
9841	8	44	1407.81591209016	
10862	9	35	1116.68771084244	
13433	8	30	974.919557243082	
15373	4	16	542.710566140111	
10212	6	35	1133.76669608698	
29889	9	13	465.77431145393	
25845	9	49	1563.37585585349	
13706	1	11	386.045854606687	
25769	7	44	1411.4368974657	
12954	9	4	181.012293817947	
18578	9	24	797.036866469792	
19705	5	22	745.427923735896	
27651	3	49	1565.81770861792	
13863	1	14	502.905992242929	
24329	5	2	132.023726465192	
15467	4	37	1179.10321037243	
8538	4	31	992.398177772946	
24022	9	13	448.085775025229	
22705	7	26	843.170285133259	
13371	7	28	903.525241400825	
22138	5	8	321.272009872492	
8241	8	12	424.162855383085	
24090	3	49	1539.67573841087	
20291	9	34	1090.21301204814	
25726	9	25	836.365288512951	
14430	10	2	115.453057864426	
22131	6	33	1080.43378630673	
24512	4	5	226.645665125291	
16937	10	18	612.429203527248	
21120	9	46	1449.19232093226	
14559	5	12	420.172946387982	
14647	1	17	566.913695226849	
28189	5	49	1547.28837681342	
9865	3	14	502.568427930851	
11674	5	47	1504.56446974751	
27943	4	18	610.908268974586	
23679	3	28	910.000759675168	
29693	9	26	841.335671153542	
12916	4	15	514.989357346198	
19990	10	49	1551.72370334702	
15242	6	2	138.168112960722	
25327	5	13	444.914468175226	
11311	8	9	340.45400244205	
25597	2	36	1151.04437568739	
23602	1	48	1533.09945133193	
13562	9	26	862.700054935506	
13520	6	23	778.557715219705	
10612	7	6	255.158163986708	
22475	6	29	937.162139889394	
14909	1	33	1074.49170184997	
13887	2	7	279.797880742605	
18604	10	32	1030.85944577626	
24077	9	35	1115.10316937934	
9132	1	31	1017.33221690046	
8325	8	19	635.859637295762	
11907	9	33	1063.65305670707	
25972	7	37	1177.01197243156	
14085	3	47	1484.70654519494	
23649	8	41	1306.34527762716	
28649	9	34	1098.31363822255	
23130	9	30	985.340525147198	
19857	2	44	1416.7301907282	
9121	1	43	1373.61665107944	
19995	1	49	1562.24457653344	
19227	2	43	1360.83934742996	
21692	9	8	310.123171242943	
17574	8	24	798.139546922473	
19848	5	35	1143.24928068707	
18534	9	18	598.341522495421	
14470	8	35	1121.11545749061	
28848	1	9	349.102450697265	
10282	3	5	231.062506619404	
10483	6	48	1533.09641767903	
25026	10	27	891.446581786241	
27552	7	26	845.357128440103	
13991	4	46	1476.35754169727	
9591	3	3	163.708852941035	
18444	6	13	468.631362723481	
19500	1	36	1157.11356071621	
28363	8	50	1573.66523357745	
18596	9	29	936.895342644721	
10212	6	28	905.275622320024	
27182	4	27	889.483525235897	
26538	5	35	1137.93750167728	
22019	5	39	1249.39444018965	
14168	8	30	989.313500611723	
16522	2	32	1051.81052584751	
9177	9	18	609.956159912961	
12954	9	46	1466.70879063509	
12365	7	15	520.911413040437	
16236	2	32	1033.89629654302	
14336	2	32	1025.29421448023	
16301	6	35	1134.99039352638	
15243	10	31	1016.67571912365	
13540	2	19	646.38317819982	
12802	6	8	321.437922232523	
25302	1	20	671.297817095787	
16384	8	10	378.209425908611	
20237	10	44	1390.20502825743	
14696	2	41	1302.97628008899	
16934	7	3	144.560508013033	
18506	3	39	1235.30843453263	
18575	3	39	1256.81664149129	
14644	4	44	1416.04668239879	
26589	1	24	805.3892511527	
8970	3	2	128.7353741232	
22259	7	34	1097.76302809723	
25198	3	8	303.656587593097	
24222	1	6	251.975088460359	
23317	5	23	759.502095598496	
9389	6	30	979.944203766037	
10161	7	24	788.380609708084	
14527	5	11	407.592984478731	
27704	10	42	1332.68004404971	
22639	3	6	241.418295577829	
18803	4	3	160.064902827174	
23452	5	18	607.246665492303	
13703	1	8	315.679149402156	
27862	5	11	392.850136343786	
12020	3	13	451.525846818241	
23061	4	26	858.312645395432	
20464	8	7	268.183387009512	
24069	3	40	1276.54049005198	
23422	6	3	157.430109454985	
16038	2	3	167.219160947585	
27224	1	28	923.808236217037	
12408	4	21	696.072113093022	
28999	8	17	596.420698555382	
27831	8	9	325.063403586421	
24256	9	18	603.91920620758	
23133	1	27	885.059724601479	
28463	3	43	1385.49942703242	
10927	4	20	678.426334466052	
8209	7	46	1454.13728062722	
16404	4	48	1509.10472556441	
27635	8	41	1301.58690811209	
22873	5	39	1248.45898082874	
28412	9	33	1073.43684283711	
29292	10	11	412.548250524583	
11209	3	37	1200.65906606645	
26548	7	47	1491.55047251449	
28209	3	25	828.153938254413	
22606	2	12	437.981071452601	
20223	5	24	787.206695036593	
11512	3	35	1140.9672092744	
8628	9	9	325.515686834937	
28929	4	21	697.701230001497	
15624	6	44	1402.31034947667	
9757	9	26	855.257423545819	
11081	1	16	566.318275372646	
14482	3	41	1314.19125674022	
27247	7	12	435.618667693631	
22804	4	50	1585.35928956483	
23720	5	31	1018.67918143919	
9430	6	15	524.663634693559	
25517	3	46	1476.37712100352	
27159	9	49	1558.76794448065	
20326	6	37	1179.3865320363	
11907	9	42	1328.8275214512	
13506	3	47	1481.58101493566	
12460	5	32	1032.66326103018	
29436	7	17	581.342329541846	
14884	10	50	1578.59318400668	
18382	7	39	1248.05588225278	
11035	7	46	1474.44237099702	
22428	4	37	1194.44477673361	
24109	3	4	189.954275242032	
8871	4	16	553.455703851513	
23600	3	45	1423.5753184853	
13113	5	16	539.831387465741	
9716	1	15	511.605921998437	
21156	1	35	1133.80982265519	
23969	5	47	1503.13089887757	
22520	2	24	792.191070277333	
13269	5	16	559.975374303747	
19615	8	1	110.158707141019	
29510	10	45	1430.20231555691	
8615	10	17	569.33379501539	
21670	7	18	616.462900180585	
23647	9	45	1441.70347411265	
19442	1	8	306.10700621554	
9193	9	27	893.761763616354	
23119	7	42	1341.16327500956	
17589	2	43	1358.74512821377	
15008	6	27	889.727949467361	
15635	3	15	529.441056907848	
28274	2	44	1400.1401374676	
24283	3	39	1259.74715302687	
28631	2	31	1009.47364593366	
27651	3	2	112.727604560893	
15983	3	42	1342.81896363144	
24883	3	3	149.072448792435	
16555	5	42	1344.60932138591	
20067	5	15	530.967235588919	
22642	8	6	247.995805036275	
26466	9	30	990.208142972648	
9501	10	26	849.560754247737	
29468	3	24	789.925189199823	
23838	8	28	912.764324039577	
13474	1	49	1546.52243254079	
14128	10	5	215.561411592905	
21443	9	5	224.245526149983	
23288	6	50	1578.73503099137	
29897	9	11	395.426036080078	
29528	10	2	134.712353374209	
29677	7	6	260.381434085025	
9308	3	15	532.487768816058	
13887	2	27	873.168219287492	
28763	3	16	538.70380713544	
18327	10	14	494.50492755254	
25293	3	2	126.174805446609	
20287	9	33	1069.43414946526	
23053	5	19	642.923631855717	
14884	10	47	1487.12404733855	
26717	4	39	1255.47400872012	
23352	1	5	218.901497413824	
28444	3	26	840.179054532283	
20384	6	8	299.848055792902	
11010	2	12	438.327932785418	
16111	10	32	1025.00131408917	
17831	5	44	1394.30463926601	
11789	3	15	530.207122215166	
25260	1	35	1143.98205791785	
21318	10	44	1390.84771392441	
10249	10	24	797.012423834304	
17657	5	12	442.533473206001	
28698	8	44	1389.20050126929	
16568	9	32	1052.16366328865	
9818	4	18	624.195265241058	
28983	3	36	1169.7672313311	
15426	1	26	860.597952893282	
25522	9	22	720.277126357088	
27872	4	39	1256.56947097581	
9767	1	20	669.940467639799	
26258	9	41	1306.14206251974	
22651	9	3	161.861480065557	
8769	8	28	915.026732624987	
13739	9	32	1025.73723892948	
8723	4	41	1304.03277483957	
24360	1	21	709.346515382336	
9878	8	50	1596.95328809179	
13991	4	18	606.971918180106	
23694	4	24	801.043345891425	
16959	3	17	594.968718381118	
14891	7	50	1586.55279911428	
18153	2	9	353.384814166177	
15041	6	34	1106.14881693672	
11483	10	46	1457.48527404735	
12354	7	27	875.493226868796	
26155	2	1	109.094307622451	
17634	3	5	230.029088440365	
8242	5	19	629.712698454835	
11845	3	12	431.597256414405	
16754	8	47	1487.76300995041	
29813	7	6	232.217793274772	
8769	8	40	1285.35428937774	
16974	9	20	680.263468232129	
25847	6	7	267.88731706696	
9908	8	37	1198.41361224577	
22756	1	40	1292.17888016821	
21105	2	13	471.180932815737	
8184	10	33	1080.3241055274	
11794	8	9	328.972954046434	
13364	3	30	968.936575804342	
26592	6	38	1233.90697465926	
21906	4	31	1005.89767908952	
14807	1	44	1412.86467848945	
19393	8	50	1572.98316421592	
27716	1	6	260.981984818812	
8278	5	36	1173.61252865457	
18310	8	28	903.874764788838	
23469	10	44	1414.4418156028	
8148	10	17	595.815280953336	
20899	2	42	1328.98141740308	
19632	2	32	1028.04802599738	
23677	7	26	867.332721085908	
18677	10	42	1329.16377632374	
15531	9	19	629.013339536736	
19751	4	44	1404.29491481012	
13391	4	15	523.627609668126	
11786	2	29	936.384656269282	
9250	10	48	1531.71522722194	
25758	9	6	256.670436419859	
25653	4	17	595.100957618608	
14940	7	31	1019.73814289073	
13104	3	8	310.885254438447	
21635	5	10	368.679869942684	
15977	8	43	1368.80646102541	
13906	5	15	517.722674365026	
26360	3	1	100.787773142004	
17024	10	33	1081.59801183343	
14039	7	22	727.139415558027	
18359	7	45	1427.32362668371	
19231	7	1	91.8538946713572	
22207	1	8	318.165582566599	
29052	1	17	596.629182564388	
17922	7	10	357.998964133672	
25565	4	45	1432.10677008708	
22767	3	29	961.06174372186	
10186	9	20	660.655120024763	
23706	9	16	540.52013567673	
25206	7	35	1133.1656527208	
18677	10	40	1276.50328922854	
8105	6	41	1301.88069821423	
29910	10	24	805.219542833613	
26590	2	12	415.587272837566	
29034	7	2	113.897417501499	
11328	8	21	702.615839011323	
12333	1	16	539.71498395303	
23703	8	30	964.885072188864	
28425	6	49	1556.190513054	
28738	8	2	131.250128695392	
27398	6	13	463.592402256835	
12184	1	23	754.786002577648	
27265	7	12	435.794223898926	
18092	6	16	539.465705593799	
10642	6	28	903.653669107544	
22584	10	42	1333.87199642783	
20377	2	49	1549.19843291361	
12866	1	31	1003.02172022081	
18516	6	21	717.217809146837	
26463	3	2	124.058217464042	
11283	7	35	1135.26048985089	
8855	9	6	240.194211676807	
27920	1	4	172.014516821138	
23087	6	6	256.735349230811	
17112	10	50	1587.11818891909	
18134	10	17	583.961386281979	
19721	3	34	1090.81583483648	
12441	9	15	511.41884343299	
18522	8	17	589.333756952236	
26130	1	47	1497.05700623666	
24128	3	40	1267.95159581488	
12933	4	25	823.639794785362	
14212	3	50	1583.1074739914	
15484	5	44	1403.21900354848	
18610	9	9	335.211937993398	
28810	9	16	554.789738205629	
9031	2	44	1389.88141478499	
9665	3	20	684.150870053168	
9132	1	7	276.987836936949	
22713	7	40	1266.06403093136	
24655	2	28	909.091477072375	
9950	1	36	1152.83760217616	
24561	9	3	144.597260088007	
11122	3	32	1030.34788313804	
9132	1	9	343.547013301191	
17258	4	23	752.537624106061	
21342	2	39	1256.05967077243	
27746	3	43	1378.6998769728	
24464	2	40	1292.97551345684	
17927	2	18	624.126967705845	
19524	5	47	1482.90833717348	
19386	2	49	1558.04002350105	
14452	3	49	1543.43731087793	
16535	5	14	496.461918212688	
23173	1	50	1597.90516286991	
20952	10	35	1116.30907755173	
23400	7	38	1209.86618139309	
16351	5	19	628.484193602802	
17520	2	12	428.469083918477	
21143	7	35	1129.93603121952	
11983	4	38	1211.80000417484	
15882	5	1	108.29614052004	
10593	2	13	455.551315236628	
19877	1	2	139.13350681734	
16252	7	13	463.298532880516	
19527	2	39	1239.95260747147	
18919	3	23	771.678528586253	
12229	10	19	632.575220350444	
24825	1	7	284.253767600401	
21609	6	12	428.863930901915	
21320	1	49	1543.99058164283	
29171	2	29	945.04756286044	
23186	7	24	806.033883283862	
9413	3	32	1051.15377821548	
22777	7	25	814.966740391667	
13742	10	50	1582.42288767473	
11548	9	4	175.596951588801	
15707	9	22	741.666633683102	
19189	7	48	1513.18833592962	
8681	9	28	914.580564813027	
22376	6	28	927.901715509548	
26519	3	41	1312.11595786368	
14585	4	25	818.443329976147	
15633	4	49	1565.20678924639	
11010	2	1	94.1486690631829	
9869	9	41	1309.91157231383	
24527	8	27	880.202483907436	
15615	9	36	1166.64555577871	
24836	5	44	1405.31384067857	
19286	4	25	818.902860441666	
11228	8	29	944.923556812538	
12354	7	26	841.397221182192	
10927	4	9	335.681786134691	
8925	1	22	747.051805717429	
9653	4	2	134.264026756521	
27735	7	27	880.795336552335	
28250	6	23	777.286286939534	
10812	6	1	85.4637532706669	
11261	10	19	647.04935025752	
19467	9	21	703.594405829718	
26218	8	50	1580.85909551981	
21278	5	21	703.484450421987	
22378	2	37	1174.4461093724	
19721	3	29	944.111582554929	
19828	3	20	680.136386063013	
12467	7	18	617.860774313035	
28922	3	25	832.006140217188	
15546	10	17	572.283532662449	
28555	8	40	1281.49517782102	
26808	4	1	95.4822751951787	
22074	9	31	1020.71212596293	
21709	3	16	548.19954770999	
9045	1	21	715.295857673183	
27019	1	35	1113.88851910545	
8729	1	7	282.034315709972	
27526	1	47	1499.68404631116	
28329	4	27	889.852810543893	
26792	1	14	490.344525990237	
29409	9	2	124.984837754157	
21304	6	23	753.38696056669	
10556	3	12	439.750123564038	
23798	3	38	1205.03297280755	
23080	10	25	827.26137967187	
16001	6	33	1065.35090715874	
9786	1	34	1083.94037408938	
20257	7	24	782.59336046064	
10824	6	21	689.365776725749	
21179	5	2	138.982077566433	
17141	2	31	996.889751458955	
8303	10	48	1534.17140383933	
15633	4	27	885.136600735195	
18845	4	3	170.133198318134	
25847	6	4	174.617283425581	
9165	4	27	889.593930099902	
11217	5	29	933.721469293219	
16465	10	8	304.41726508756	
26788	4	5	217.669848491284	
9568	3	46	1474.33174742122	
17141	2	30	965.070403183378	
11663	2	33	1076.28789475015	
21150	1	16	557.905432096638	
14336	2	11	387.918951244987	
16306	4	47	1485.15037795769	
16284	9	44	1389.83156548339	
19613	2	44	1398.19073447873	
24261	1	14	476.724009102548	
18043	3	5	206.101363509009	
22687	3	25	821.793267029241	
23449	4	16	545.017490007457	
14778	10	6	234.579980445364	
9915	2	50	1590.94252600844	
27627	1	10	366.941760949298	
22666	8	49	1560.47891551651	
12264	7	47	1493.66238969083	
20078	10	9	343.84428226568	
17568	2	13	455.826122712263	
9269	10	46	1476.22307075012	
12272	6	4	189.095202213663	
23863	7	46	1460.17120846555	
29753	9	47	1497.54302560237	
25400	8	48	1528.49499758729	
10745	9	23	773.024062650755	
8993	8	37	1175.39378120349	
9879	4	42	1347.32377398169	
19527	2	25	810.345674459983	
18316	2	28	930.578927644798	
26775	3	13	453.582264284409	
26748	3	45	1425.70192757328	
9964	3	6	260.167049812231	
12893	4	50	1577.61705062241	
11340	6	43	1362.01419781987	
26405	4	31	1015.52106312268	
15305	3	35	1125.27412280686	
24578	5	19	648.696943004009	
18044	7	7	275.481528470051	
24180	10	2	131.83117231905	
29720	5	41	1319.88259484986	
25021	3	32	1037.42981418848	
17244	9	40	1267.16017268	
16060	9	20	687.21636498683	
18965	9	19	656.49199695163	
20468	10	46	1467.57250969651	
25002	1	37	1193.96458755898	
13739	9	26	842.30977101359	
12948	9	49	1543.22887783089	
10245	2	18	598.194839785898	
20405	7	5	209.654282801624	
17503	10	7	280.954893734751	
25091	7	18	625.749647834222	
17695	6	16	557.895346580956	
19910	1	12	428.194194337444	
22381	1	1	108.574646277621	
25532	1	1	94.1605389556664	
28569	2	33	1067.527377581	
8560	8	36	1147.79289716286	
20197	1	43	1384.88136944588	
25522	9	25	812.525170041493	
23540	1	5	217.826603975998	
24877	5	20	659.485891023411	
15697	5	16	547.611806833936	
16446	5	1	103.141744818139	
16203	3	10	380.399435935728	
8581	5	19	641.626217217011	
20383	2	17	567.400439385046	
10330	10	13	472.565782625492	
25639	9	19	655.421462885766	
16712	1	26	841.667638142438	
17098	7	30	991.781972512501	
27031	4	41	1298.18086122078	
9889	6	7	292.01310994663	
16476	4	22	735.943527862403	
9778	2	15	518.793256561641	
21823	7	15	521.935029533661	
9575	5	26	852.954843478722	
10514	7	28	921.051028650743	
16976	4	3	140.922487890777	
23070	8	37	1179.05947509178	
22252	10	11	413.084010189904	
19699	7	44	1404.0948961508	
23922	2	7	292.150834674086	
22407	9	24	800.924644843174	
19980	5	6	252.627370549658	
10598	9	27	879.95227973906	
10512	10	41	1302.27170323127	
8085	5	38	1229.42285628497	
25019	3	42	1333.43955154225	
14631	7	31	1001.36052416701	
8095	8	2	137.746745225856	
11286	1	34	1100.90404584115	
15033	8	14	490.600159024168	
12601	7	28	919.306002277558	
21106	1	37	1182.05599087386	
15664	10	13	457.943923165064	
9640	4	24	799.548365846066	
17319	10	20	664.074620168691	
11397	7	10	356.092561015902	
13028	10	28	905.946292479498	
20405	7	21	706.56414817393	
19118	4	13	449.743988388099	
20428	8	30	967.807414945125	
23644	2	42	1356.52720164346	
15727	4	25	817.872310289122	
12104	2	17	582.774032513971	
26728	4	11	413.736537887592	
28622	6	45	1421.95181871855	
22512	8	48	1509.4009377758	
21932	2	37	1186.63961674396	
22635	6	26	841.205695476944	
9265	5	5	226.47634893026	
29364	4	34	1086.87040927209	
25637	1	7	285.821894354104	
9219	5	14	479.441159851589	
9230	2	11	413.7317078252	
15293	6	13	447.335056349326	
27810	8	42	1346.68716199076	
22634	9	46	1450.51437426848	
8929	4	34	1100.44715619667	
16435	2	29	939.354513985736	
25724	9	29	937.977583100077	
13432	6	22	739.12623108324	
12267	1	39	1254.06093871876	
28897	8	24	783.920892916583	
21601	9	47	1490.87792667136	
23540	1	27	887.580702196611	
27121	9	30	972.707107669072	
11076	5	36	1153.88753698854	
26984	9	3	140.849333396577	
10376	10	41	1322.3866636876	
15877	9	7	268.880223310031	
9856	1	19	644.958467634841	
10960	8	25	834.97619541128	
17101	3	16	552.495326917849	
21054	1	49	1563.34002180181	
22230	6	15	516.287481205672	
22709	4	15	535.623633030627	
10579	1	50	1583.05233455405	
14693	2	40	1269.85333803569	
17278	6	16	546.215741851468	
18546	1	47	1480.31988451272	
25821	6	41	1320.02191850917	
24432	1	5	226.799934798293	
19555	2	6	240.154828690065	
21558	1	48	1511.2703962956	
29323	2	1	94.0336365690611	
27867	5	7	284.778264670064	
12632	1	15	519.864842425969	
13085	8	26	848.324283048662	
25868	7	1	90.6088668157388	
11501	3	33	1052.8612038553	
15839	3	25	813.56024590021	
23585	8	26	855.645404819234	
8311	5	49	1566.59177849376	
8654	3	43	1368.58656507385	
28209	3	41	1310.61775730486	
22143	3	41	1313.74647622637	
19334	10	19	652.606308726876	
22907	2	28	926.994383617767	
22424	10	40	1295.19333031736	
18128	8	32	1041.02943021852	
29466	6	9	348.064281730011	
23246	3	46	1448.55160437923	
13950	9	46	1464.25295305636	
12715	1	19	652.325472166913	
16100	10	37	1181.51788129542	
20073	10	9	331.894213860805	
18991	5	42	1333.32656743625	
26953	1	15	516.101138049784	
20466	6	47	1497.44422661953	
9324	7	48	1511.7114233187	
19147	5	43	1363.63482743671	
24990	1	6	260.661036232794	
10669	10	19	634.231414345201	
14698	9	33	1059.03462947301	
25941	6	38	1217.95566459091	
16718	10	17	592.326296284947	
26480	4	34	1093.90611002869	
24432	1	27	872.650496620988	
23097	6	46	1476.84429010229	
28670	4	20	682.802437526548	
21688	9	15	532.842265243103	
16876	10	11	385.56325393988	
25656	7	2	130.240466580838	
25845	9	9	349.525459832291	
26125	5	33	1055.31997740982	
28120	1	44	1389.31306281561	
28463	3	26	868.384416917518	
9381	5	24	783.908761843996	
10938	9	9	332.722264496946	
9022	6	24	802.541004979304	
19517	3	47	1483.01732430375	
12361	2	22	736.057950936285	
17909	10	50	1574.66000771833	
12264	7	34	1105.18631163295	
15945	3	38	1212.25560278271	
16078	3	46	1471.47031412994	
19998	3	10	362.546981741929	
15073	9	37	1187.82935652315	
19993	5	11	409.752515000176	
10146	3	43	1362.13942270826	
14300	4	16	551.451697233809	
13248	6	1	83.7637043761852	
16454	4	29	950.880056429133	
26495	6	4	178.89744349704	
14306	8	40	1289.2263764186	
8372	5	19	632.899209667416	
15741	1	8	301.413990474033	
27754	2	17	587.557149020749	
9354	6	5	230.630900482941	
21090	2	24	798.291461019913	
18441	1	8	299.840366197676	
12272	6	43	1379.95581210589	
11351	8	32	1050.15009351547	
9649	1	21	692.390892790812	
23809	2	17	588.187164975417	
18056	4	49	1562.50102779013	
29901	4	44	1398.31113779839	
27375	9	37	1194.72749322407	
12713	9	37	1197.00549475709	
20431	7	44	1392.20481847981	
25061	8	33	1063.50979694329	
25578	5	19	629.417805592258	
29619	1	7	263.378873552838	
29033	5	23	774.903221640225	
10043	3	1	108.694099014948	
29732	9	21	707.576876500424	
17559	7	7	286.001028514468	
20645	6	35	1129.04510271225	
17525	5	45	1446.7790266903	
22148	2	42	1346.48535046097	
14690	7	8	309.779314543018	
26372	4	47	1506.07675350554	
23792	4	16	542.897981620812	
11455	1	4	194.704867394038	
12244	5	5	211.350740292739	
9697	7	15	529.078560866918	
18207	6	32	1034.68319751075	
28999	8	49	1551.3430230838	
18988	1	20	660.299083413695	
19837	7	14	502.420767742405	
29266	3	36	1167.89907234157	
26589	1	10	360.827267896769	
21425	3	19	633.277861361056	
17362	8	35	1134.43080347703	
16053	4	17	582.700638781628	
23480	7	4	183.061512197862	
23972	5	40	1285.90785742081	
12682	8	30	962.269114927514	
8385	6	18	596.99914665753	
24741	6	39	1249.75457499258	
9486	3	3	153.159176331553	
8100	2	23	767.819488517856	
8105	6	50	1590.82386176606	
16959	3	18	617.547696520364	
29621	6	10	378.629625764969	
25259	3	48	1522.03389164155	
25398	6	45	1420.38483082335	
15508	1	6	255.976834788908	
20870	8	3	150.203344482092	
8663	10	20	661.649499918171	
10084	2	12	426.898181152948	
20413	1	23	772.36888776178	
19442	1	22	740.778122330447	
23311	7	14	484.145550021969	
28453	6	17	568.512146476895	
9635	5	11	393.763612692134	
23133	1	28	917.057830485077	
10922	4	29	935.445226121436	
11227	3	16	561.040152498074	
14689	9	2	139.1086041085	
12692	10	18	607.817830279385	
10923	2	45	1446.96811471459	
29235	10	18	614.428409810378	
28851	3	23	774.584727014687	
10896	7	8	304.305746138238	
26375	10	24	782.682529046518	
29716	7	50	1596.1399442312	
14533	1	22	728.948070075804	
25722	4	7	272.202582858597	
9176	10	48	1525.63258681709	
23907	10	31	1021.66901907961	
27898	8	28	923.731913586954	
27490	2	18	612.045956054724	
16247	5	7	277.024451697722	
17024	10	40	1273.32617412942	
28605	2	35	1141.95982602516	
18067	8	48	1515.25289173948	
29100	7	48	1525.35028510045	
9879	4	44	1416.07524162907	
15046	8	7	289.316848651188	
8602	6	21	708.69373004357	
20584	5	26	858.706362721839	
12136	2	47	1481.13967860171	
11122	3	50	1598.64958349552	
28405	4	3	155.522586589457	
23142	9	14	475.530184579794	
17245	9	38	1220.04914556632	
27746	3	5	229.132311339086	
13507	3	19	645.918657000139	
15289	4	7	268.937026089494	
17927	2	26	866.003681712786	
14110	9	12	430.462631299376	
10178	5	14	481.22896242944	
26664	7	16	537.89054254903	
14693	2	22	721.936744713195	
24623	10	8	306.191061616964	
15670	1	6	233.391078707479	
23651	3	27	896.239134751372	
18016	7	11	393.241950382126	
13104	3	37	1195.94709671845	
17483	7	48	1525.89394741035	
17400	3	23	771.436760747543	
12704	8	50	1583.77425193031	
10480	9	5	224.570757665006	
17506	7	39	1239.98048083856	
29880	5	34	1103.16626756599	
14603	3	6	240.322931707056	
11432	4	16	543.753670632725	
22198	9	25	810.819375892551	
28243	2	32	1026.55232045173	
22512	8	14	478.510720952652	
17022	10	30	991.707545384628	
25827	6	35	1119.36998449237	
15053	3	9	351.723303846886	
13252	1	32	1030.41487406493	
28199	8	42	1349.11146755755	
23887	4	49	1565.82843611288	
22911	9	18	615.778826314853	
13835	9	21	699.06214042523	
26360	3	45	1428.77556155844	
9567	1	36	1162.6333834802	
12595	7	45	1447.00763289212	
14807	1	3	163.029413075666	
14757	10	1	83.2655567691035	
21753	8	22	739.6289051043	
24799	1	20	671.206387780237	
11572	7	15	522.502951157514	
21077	8	3	154.155413505694	
17647	7	36	1155.08770698453	
29362	1	32	1047.13511251245	
25621	2	30	988.568747317683	
15619	3	21	699.013756988111	
29007	3	38	1212.10833471832	
17227	8	8	300.128144910619	
26584	5	10	363.42290124084	
29144	1	48	1537.25696929603	
19498	2	27	874.932110791529	
24542	1	42	1336.5689209367	
16494	8	12	438.669102656967	
15072	5	19	652.356319023462	
8063	8	8	315.207252872739	
19036	3	23	756.295474933598	
21681	10	31	1018.31293544653	
21105	2	38	1219.36633654841	
19283	7	44	1390.42630513684	
18466	8	46	1474.29613632816	
24882	4	28	911.09264680701	
17325	10	5	209.505658582554	
10076	7	34	1107.4756684841	
13872	7	30	972.825277155649	
23945	3	9	340.362625504081	
17544	1	38	1217.61225239263	
19462	9	7	277.176994326141	
28215	7	16	564.466388823682	
26538	5	2	113.313713238255	
17228	10	3	158.886314518231	
19098	10	21	688.407347671877	
23277	8	50	1580.50869516121	
25892	10	34	1084.94185256071	
8395	7	19	648.774093058321	
27770	9	20	660.663316408481	
10594	7	3	166.167518201362	
27652	3	30	988.665963648197	
12881	2	43	1363.6842633801	
17842	2	2	117.98357313405	
11981	8	43	1379.49696396454	
24859	3	43	1379.59921066631	
26584	5	27	899.241839581748	
14335	3	50	1588.30040260605	
25834	2	34	1093.1579047689	
24422	2	16	554.179356766017	
23714	6	8	309.259515176182	
28432	1	6	257.109723657886	
19887	5	2	126.705821401768	
17227	8	37	1193.56830868571	
13771	9	14	486.337908546598	
20286	9	15	508.694697445582	
19755	4	16	543.66307652726	
23237	2	8	292.839251632262	
11558	5	26	865.332768776143	
10832	10	43	1360.11374097323	
22789	1	11	392.997292574959	
27794	5	19	646.679745021593	
27044	4	6	262.262429828878	
11724	10	24	786.772487008373	
28322	2	43	1370.95649492506	
12580	10	14	501.83676266197	
16807	10	22	727.641945894641	
15727	4	7	266.814431672364	
22415	7	7	284.536586722609	
13669	8	28	928.84962162415	
14237	9	27	894.423415630322	
12264	7	9	331.627068375995	
19975	10	44	1389.89500959865	
28274	2	50	1591.69300261498	
15245	8	5	229.039734671377	
21777	3	43	1367.6295112854	
23456	6	39	1254.62867206644	
12892	2	37	1181.38276341436	
17520	2	1	90.9293411723009	
26945	1	4	174.696925661851	
15720	1	1	91.8508072252622	
21870	7	5	221.205255976508	
18096	10	1	94.3177637151991	
9634	2	14	498.645920389633	
26988	2	2	111.103110327899	
28244	7	32	1040.50252873474	
17483	7	5	230.471172924373	
13703	1	30	970.898080137977	
