idEmpleado	idDepartamento	ventas	importe	
15040	6	38	1226.97580469166	
28410	4	39	1250.19161707265	
18059	10	5	224.744271144617	
29880	5	43	1367.66944352895	
18530	1	8	299.609083784562	
15677	3	27	888.660352085093	
27465	8	9	347.666023833522	
12803	4	35	1119.48777317977	
25589	5	24	806.403533819319	
13290	8	19	656.911776371725	
25647	6	9	347.027078208992	
8228	4	29	957.660201302571	
21494	8	22	731.957264771665	
29322	1	21	712.427407909384	
9516	1	43	1383.76381588344	
25168	5	6	244.308283144752	
12049	4	39	1259.7559411357	
19199	10	50	1577.63244680019	
22404	6	13	467.214714059241	
29646	8	2	135.012818786787	
28292	6	32	1044.52857401433	
18149	8	22	718.708397261197	
28981	2	26	854.066025379145	
17364	9	30	962.280313112904	
26435	8	7	281.909910459961	
21702	10	23	770.635843114292	
9290	1	42	1348.26293374797	
9564	6	6	251.792036598451	
12568	5	19	632.361981306394	
11920	7	43	1363.61650943925	
16869	3	23	755.669376680473	
26858	3	11	410.453966190319	
24736	5	9	351.365589737597	
20627	8	42	1356.74386575666	
15040	6	19	639.838626980706	
26725	2	19	634.34496964996	
21429	4	24	784.105350479533	
22617	9	35	1126.75397210138	
16565	8	2	112.017984591433	
8827	1	17	581.234657513553	
20506	6	41	1324.02697878146	
27002	2	21	709.551961491607	
14766	10	19	641.225977466081	
13887	2	20	677.716895694713	
14891	7	28	914.355685205364	
29725	3	22	733.26913986973	
27328	8	32	1042.73966089019	
14781	10	30	979.423399315878	
24551	4	12	437.441440093071	
19234	3	46	1450.00948057045	
22707	4	25	838.889979253937	
15031	2	2	133.470663527712	
22085	8	19	653.287814675499	
29313	7	4	175.458354137586	
21689	2	48	1526.36950612365	
22298	7	17	588.26740743046	
13982	5	14	476.125591693504	
17778	1	26	862.463958031714	
17632	10	36	1165.75953306898	
16084	3	35	1128.97324067027	
20153	3	35	1140.39741833713	
12574	2	4	175.87398723507	
21538	1	17	567.125791873376	
10988	2	32	1042.78702438007	
19983	4	47	1501.24239969125	
18104	3	48	1536.57311201867	
10062	5	20	686.294611564975	
26170	10	30	975.213399015001	
28384	6	3	152.588780928677	
13240	3	25	829.418846233477	
15116	3	33	1060.20293266522	
19169	1	5	213.001969034319	
9857	5	49	1545.61446220875	
26805	6	47	1485.98005654569	
27331	4	11	410.985840005328	
29548	9	12	414.976612522722	
23134	4	3	157.482419795116	
19327	6	6	256.349129684432	
16888	3	2	127.924627907539	
17301	8	36	1148.64077059023	
27138	10	42	1327.89618222411	
27094	6	13	448.839534432087	
22064	9	44	1414.35059650538	
16695	10	24	782.352500735946	
28412	9	18	604.726530185308	
12325	8	21	702.198713152762	
11079	4	43	1357.16615151482	
20201	6	6	255.907235600011	
10065	5	45	1430.37435963302	
18149	8	2	131.571219550246	
25462	1	6	238.219377956455	
9544	3	48	1521.64139244782	
8050	3	49	1560.99443903239	
15294	6	17	583.044743921163	
24509	2	32	1040.83723917642	
19800	8	38	1228.15299154639	
19202	2	5	222.426169618231	
8280	8	37	1198.43895308601	
8641	3	23	776.474496003461	
20322	10	30	977.782573186691	
12097	7	2	126.974528304755	
13139	6	3	147.526261875185	
20257	7	28	906.834618387201	
28992	3	38	1208.02259385959	
12632	1	13	469.806547905228	
21196	5	21	705.888010219619	
17477	1	4	187.856201318957	
11551	10	23	767.307758129811	
19556	7	43	1364.47251413226	
11023	8	37	1191.39289360093	
25960	5	15	510.784987635345	
23084	3	8	299.776462009073	
22793	5	25	814.539330124175	
15351	3	1	97.1187624787534	
9249	1	44	1401.07705844616	
14129	2	23	771.557883905041	
28878	7	10	361.52339072969	
27199	9	43	1384.77329113743	
19586	9	15	518.060494194767	
13121	3	27	879.04368653849	
20387	10	6	259.406960503853	
21481	4	15	510.387375964964	
26628	8	36	1144.83903938198	
13827	7	1	101.017561378431	
15819	3	20	671.199468277022	
26830	5	35	1138.5615402174	
29057	10	6	252.007530001927	
12753	4	32	1042.56971828759	
17857	7	15	525.142817369263	
14458	2	24	782.832848458939	
20303	3	7	272.55044290449	
13688	5	16	559.043466709109	
15286	10	33	1079.87463368097	
25479	1	23	750.142054720848	
15690	9	34	1101.66624228548	
14015	9	39	1260.36992034892	
25555	10	35	1142.00491604489	
15633	4	7	286.328002645787	
8539	9	11	392.545952830718	
14281	5	47	1498.83851996569	
12948	9	17	594.342511833805	
10351	8	20	669.858393385009	
22904	7	14	491.434721467753	
29576	2	8	318.98146603209	
11158	4	38	1220.7862319149	
21148	9	48	1538.44291594738	
23130	9	24	787.102062323644	
24571	7	49	1543.87567655364	
11315	3	24	781.967685474999	
8103	1	9	349.279355271384	
14287	1	29	946.6296008167	
29024	4	12	437.652878480802	
28860	4	23	760.37845889124	
29002	8	47	1497.43080946497	
16263	2	24	798.375612682838	
8480	3	38	1216.58715233979	
9057	7	18	602.687222493201	
22419	8	27	885.81705700877	
13718	6	18	616.823125582572	
29326	1	29	931.245007687828	
27308	1	15	533.880480217692	
14665	9	22	745.286483031365	
28629	9	8	322.164940760548	
25835	3	20	661.639665673319	
12913	5	31	998.842450696436	
12877	6	49	1551.74152092624	
12526	3	25	819.901828328102	
23695	8	3	144.397275403327	
22770	7	17	595.452520193277	
26573	5	5	220.707138097243	
8440	5	38	1229.55296786016	
10367	10	3	155.195388083903	
18358	7	33	1072.22733830671	
18604	10	18	619.221974229078	
10479	3	10	364.701174704684	
9296	5	37	1189.54856711884	
9933	5	1	98.9526544972102	
18748	6	28	905.857573349894	
14262	6	14	480.23132946353	
8959	7	22	732.756552329639	
25856	7	12	431.459477893756	
13206	7	8	308.131853448288	
21492	3	9	340.602032812593	
10406	7	6	255.863462097879	
15093	4	45	1436.20324764224	
10369	8	45	1434.89756442369	
24527	8	44	1398.66500781787	
12825	10	37	1182.443824216	
27729	5	49	1551.76644203801	
21053	4	47	1485.07908994568	
13863	1	22	737.68269785572	
9319	4	9	336.187859036116	
26453	6	40	1269.50487706322	
25602	9	33	1061.30094514289	
29187	1	32	1044.958039748	
24882	4	46	1449.05602880244	
9563	4	12	427.693452624461	
25363	10	45	1429.79505579443	
14310	3	28	920.139015335654	
14485	2	40	1269.04471098867	
25655	3	24	798.541087619281	
14287	1	22	722.704786920317	
9022	6	32	1028.42315636036	
16404	4	19	641.260547377756	
29529	10	22	719.726387411229	
19098	10	27	871.434212732797	
20199	7	30	965.42554017409	
17352	6	5	221.156484662162	
22529	4	38	1212.72963476029	
11009	4	38	1208.82704556399	
9649	1	37	1197.63449784258	
15061	9	41	1296.82964914331	
23468	6	14	485.58572754524	
10341	8	47	1484.06657325293	
28769	1	17	579.785529794072	
10791	7	8	305.748626769403	
16371	8	14	484.684450218773	
19920	5	3	146.301478662669	
12796	2	25	825.43641803108	
24744	10	36	1163.94488627275	
10445	5	6	233.076513108367	
25017	1	39	1237.4580041121	
8365	1	4	192.630833365317	
11479	10	21	710.373430247592	
18799	1	33	1083.02444024152	
23677	7	30	973.365108824039	
12480	10	14	485.690511020688	
19021	3	1	90.9263931638218	
25538	7	36	1174.26393448108	
12876	7	15	515.645145902245	
10900	2	26	841.855114494383	
19831	2	7	269.157598702776	
25540	5	50	1585.71855801424	
27523	4	25	811.186618474865	
23068	9	48	1534.21546471036	
26328	3	41	1308.75469097344	
28785	7	27	879.708697087927	
19721	3	41	1299.34148543484	
24030	10	35	1136.13707468665	
13221	6	19	644.769034909443	
15133	4	16	549.472024249598	
13287	8	39	1257.50852315571	
25830	6	50	1569.71418945571	
17186	7	12	422.939396474017	
29624	3	10	367.444592103103	
27013	7	32	1040.85304871241	
25197	7	46	1450.60213149088	
27867	5	43	1385.43830381028	
29566	5	16	561.515415348818	
28122	5	25	819.209412978594	
18393	9	32	1044.37157858367	
27147	1	10	361.391973961793	
17400	3	20	684.358637763354	
13117	8	42	1356.19412906291	
17564	2	35	1115.9681978803	
27920	1	36	1161.08308350718	
9498	3	18	610.073953555	
13982	5	11	398.049726112769	
25061	8	36	1158.23610713623	
29818	10	42	1346.36127858719	
16975	6	13	465.743701712109	
18357	5	29	954.499147010268	
29860	3	19	646.892550181082	
10242	6	23	777.084488858043	
27381	2	13	446.971931069611	
18368	7	31	1008.47689913981	
29812	3	41	1311.11109112907	
20400	1	40	1274.39910907038	
22894	6	49	1549.85110854257	
28694	3	27	871.030838820632	
12049	4	32	1026.03992968148	
19811	2	24	785.342964783936	
22052	6	18	610.164403976018	
15256	8	6	260.667383121637	
24975	9	21	694.472862023149	
10185	1	17	575.567989952661	
17916	1	40	1267.74381465639	
20506	6	43	1369.6914368913	
18827	2	12	422.928838144489	
25387	7	2	122.171391529111	
14706	10	35	1122.76297733316	
15819	3	21	700.252207210405	
8694	9	35	1129.410977815	
10417	2	12	435.054521502487	
16082	7	33	1071.27356731858	
22469	2	16	560.46314053259	
28834	6	37	1184.79896093942	
17127	8	8	309.524428951333	
22902	8	40	1295.21842059457	
15985	3	13	453.13238120318	
26226	7	23	778.68073741844	
14906	3	16	561.658970975158	
13358	9	5	221.105378298604	
10832	10	44	1389.77579609946	
11383	10	6	259.025333197334	
20165	9	37	1194.97287723933	
25565	4	21	690.615972974624	
13754	1	27	872.629700597669	
29553	5	50	1575.96746540441	
20622	1	29	958.967692963298	
9025	9	42	1329.74195758334	
24283	3	6	256.203022420501	
16420	5	45	1435.58719526771	
23869	5	40	1290.48457652819	
25946	9	44	1393.16948329712	
19055	4	9	339.028613799731	
23710	9	42	1351.22756998578	
12136	2	14	503.691254641717	
12035	3	22	741.721267039758	
24896	7	18	620.400207927637	
10672	3	47	1493.33926885079	
15934	7	26	840.3825166637	
12010	6	50	1575.12088796828	
25957	10	35	1116.06471560712	
28668	5	8	303.598301254026	
13863	1	43	1365.4914945017	
23385	5	45	1425.08816919526	
12837	8	7	291.838028678595	
17513	1	41	1305.81092153946	
22931	10	47	1486.50879053702	
21212	8	45	1423.67793820038	
28834	6	33	1081.58666217774	
16425	6	50	1579.18068847581	
28705	8	37	1176.71872733939	
21216	4	4	172.350101402192	
26794	5	16	544.380958706318	
11447	9	19	644.237586485333	
21703	3	25	820.388607876556	
14489	3	1	81.6420499243038	
19227	2	34	1099.49998478382	
26706	3	47	1484.95201697804	
21592	2	13	475.114114058723	
23706	9	44	1393.72397148689	
29842	6	33	1063.96114518119	
21141	6	11	392.429433945766	
28107	9	29	946.559954912663	
9139	8	26	864.665011942696	
13388	3	45	1438.92640128682	
24324	5	19	641.885038205369	
16425	6	25	812.244953518847	
18864	4	24	809.235570546815	
11130	4	23	761.107706297705	
9438	3	36	1167.80316191157	
26331	7	23	754.81821266693	
19655	5	16	559.793112352394	
26756	10	48	1538.29822075474	
10531	4	17	586.538083006878	
17564	2	21	705.040662691482	
16974	9	36	1166.17749484544	
12113	3	14	493.533838695629	
18201	8	43	1369.88470804407	
22309	8	14	478.777944296029	
15118	9	36	1166.8187790582	
19996	9	3	169.458674867385	
15736	7	35	1135.28975476291	
19226	10	9	328.155295405609	
18648	9	7	277.022333944692	
26280	6	9	338.868467928315	
20298	5	37	1198.13447512599	
21118	3	28	928.7885245908	
18970	4	40	1294.7910273144	
22407	9	18	610.838962109219	
11052	10	14	502.049204717413	
23441	9	39	1242.22128225594	
20959	7	22	735.4481909496	
13336	5	34	1098.22515479206	
8111	9	32	1046.65854517681	
29680	5	17	591.159742787089	
29914	5	24	803.635281661356	
17927	2	29	957.038346341363	
11542	3	17	580.826482559008	
15070	8	50	1586.16176790845	
25462	1	39	1249.95299047323	
19100	5	17	573.565968020617	
29526	6	23	757.273219990206	
28384	6	22	742.570231902679	
22119	10	48	1513.78350026616	
18796	3	28	904.362475808879	
17004	4	21	696.925614987	
8761	2	6	234.051880647452	
13075	1	49	1557.84287569944	
25259	3	48	1539.19692379385	
8712	2	39	1254.21111303112	
10945	8	37	1188.10821122867	
8103	1	42	1329.61527673975	
17593	9	34	1086.17407268201	
27973	6	28	908.295335000518	
15253	9	41	1304.26529661951	
16713	1	48	1528.67139041828	
18153	2	3	144.274138540157	
27441	7	23	749.53762096797	
24402	4	18	605.796544014382	
23785	9	8	320.791926160824	
11891	9	41	1313.09651361457	
26798	1	35	1117.45392620445	
12324	5	7	278.396608437596	
21059	1	9	339.058501580292	
20658	6	48	1525.58187965564	
28884	7	1	99.3700217173295	
27588	4	33	1061.56795756033	
25013	9	17	571.639675577935	
26394	9	50	1595.37834021979	
27182	4	47	1501.40538103013	
10819	8	7	289.139148504072	
10218	8	48	1512.70735613662	
22581	9	43	1383.72294013562	
23919	5	25	828.824953822803	
21564	9	20	673.252811037587	
29571	7	31	1012.18545487718	
29111	2	13	472.719522860236	
19800	8	11	414.371795139449	
27194	1	30	972.659858135814	
20772	7	39	1241.94285294132	
8462	4	32	1044.08259447854	
21524	4	30	970.94564889136	
19038	6	42	1355.59410352055	
27108	7	29	956.627849078098	
15125	2	28	913.940993488739	
26421	10	48	1512.60600551619	
18904	2	39	1249.27411826759	
13696	5	7	269.929819791545	
23249	8	42	1342.3932485573	
23053	5	20	662.488352368813	
20150	5	22	739.361143121198	
19067	8	7	287.500725373393	
8057	10	50	1575.02993854463	
24003	2	42	1345.36984174762	
19481	3	48	1536.85647685866	
25381	4	33	1056.11204181617	
28732	2	16	558.876611552609	
8970	3	14	483.511730322387	
29813	7	50	1588.20162061052	
25649	4	27	884.992454091549	
15651	4	39	1235.35765742667	
17695	6	39	1262.41220506952	
18491	9	49	1562.46453547965	
14389	9	2	117.791542763725	
17710	3	32	1045.07196452705	
10320	8	40	1275.40085509205	
22502	2	49	1545.89233660414	
29907	6	9	337.349118859204	
15741	1	8	315.042523962931	
29471	9	10	372.079841742329	
21943	9	35	1135.95186755804	
29004	10	42	1329.90234340071	
22633	7	43	1376.87776283216	
26317	9	30	963.853691073066	
28033	4	27	876.709331682282	
26419	3	12	422.150864723209	
11408	6	43	1361.8598226839	
9026	6	28	921.768759359498	
13135	7	32	1025.11750809155	
17535	9	1	92.9758741394504	
9622	6	13	450.095903449737	
12951	2	27	871.638137768786	
28748	7	25	829.246427020638	
24649	4	31	1012.88998785098	
14187	8	26	842.044237908928	
16638	10	1	81.6384231306791	
28010	10	48	1537.677417592	
14489	3	2	118.353098387994	
28930	3	27	891.968476964146	
16511	1	38	1217.14076922142	
10837	7	15	533.30884332457	
17332	3	50	1589.20779253785	
20156	9	12	426.170174528924	
29213	8	3	167.667404044265	
15858	7	1	86.585195514646	
18286	10	43	1381.67038940902	
14399	5	31	1008.48111341171	
24716	3	41	1317.80256075682	
16978	5	48	1511.55588455105	
16275	5	39	1238.54013839669	
20122	10	49	1566.71366891205	
16373	8	30	991.924999408389	
27371	3	49	1554.88729582861	
16713	1	32	1050.31340681497	
25769	7	35	1126.53648481077	
20922	4	31	1009.45879972049	
16455	2	15	510.622962541237	
16353	7	21	691.17624747156	
18296	10	16	548.660510065342	
23130	9	37	1194.70561213545	
17534	4	40	1294.25221913227	
24390	5	39	1237.10785219311	
29619	1	33	1058.39422223083	
26147	5	50	1575.22574647107	
16357	6	15	514.896550641813	
27059	2	12	443.719519657884	
23607	3	15	513.165778048879	
19500	1	19	629.574547628674	
14915	7	27	875.747304854797	
18138	6	32	1043.43354139637	
16813	2	42	1337.72343750006	
16053	4	47	1507.53923821614	
25801	1	32	1045.38064189506	
28145	9	21	697.901754741511	
9466	5	45	1438.77099841776	
19422	1	36	1146.74407502019	
13240	3	30	983.732168871785	
13851	8	40	1289.21035878789	
14879	8	29	957.26849555842	
10494	4	34	1095.03894227326	
9058	1	31	1013.6697513115	
26548	7	2	124.05726192708	
18207	6	31	1010.21287480845	
11068	10	43	1386.57736969487	
22748	8	2	126.2622052274	
19823	7	33	1058.17090404135	
19629	10	28	916.750841940171	
28575	9	43	1378.93302020567	
10374	1	47	1486.3535030402	
18064	1	45	1432.58543818844	
19983	4	36	1171.01546058944	
19043	7	28	926.501170120435	
19282	5	36	1169.69258832265	
16511	1	41	1297.2628648287	
27746	3	48	1522.88855008915	
9683	8	27	896.200991131459	
25318	5	18	610.813570307015	
21212	8	13	450.94442805785	
18876	9	39	1252.77085340245	
27519	4	39	1242.86567585676	
21882	1	29	948.504611360144	
13017	5	13	458.906565783036	
12481	5	15	522.055255902025	
12361	2	16	548.122343154681	
10657	6	47	1500.81670089663	
21027	3	2	139.174430695909	
18789	10	49	1546.54435751333	
12390	2	29	936.985541087103	
20252	4	38	1211.54240839721	
21118	3	50	1579.79240979058	
27997	7	1	105.726630848705	
20153	3	25	821.412603753345	
19317	1	42	1333.90775191314	
23437	8	33	1053.62156779208	
24436	3	6	261.03586082395	
10525	1	39	1250.19495720519	
29916	8	8	306.894977384664	
25505	5	40	1271.81685253597	
9850	7	48	1528.96354124367	
15838	7	33	1056.72564660047	
9793	6	35	1126.96867771771	
13133	3	22	734.232757843208	
11276	4	22	743.221044588471	
27443	9	32	1043.16186666636	
9716	1	46	1472.41808080693	
22386	5	14	491.222267379622	
8910	5	12	417.846649893488	
23493	7	42	1348.11777706636	
15644	6	23	775.013204652357	
18002	5	18	622.5700072863	
21993	3	18	615.930504713175	
28758	1	18	612.787740813935	
12069	6	2	116.43950538544	
12861	7	41	1314.40281970166	
11514	8	5	226.534330913115	
17098	7	19	634.763185528462	
22672	5	37	1202.00200602505	
20153	3	16	542.090531653767	
17676	8	47	1485.76066879824	
9354	6	50	1587.08777453149	
20309	7	34	1111.62654652802	
10793	10	50	1579.76530085307	
19415	5	6	247.390611808463	
27031	4	47	1506.56109324962	
20867	6	44	1406.85880733973	
21123	3	12	429.602856836097	
27652	3	37	1192.5934182073	
25398	6	4	196.07102053057	
25792	8	35	1116.22700400475	
19839	2	9	352.693592883969	
26332	5	20	669.306013746795	
29566	5	29	938.996717771048	
8663	10	15	521.980886814176	
24825	1	7	276.045206801987	
28684	7	4	195.89699813905	
15026	6	8	294.271853516936	
12791	2	41	1315.68552119456	
29061	9	33	1078.89338923567	
26533	6	20	675.704262347754	
26154	10	34	1089.59443351701	
29712	8	41	1321.32778080242	
28019	1	7	278.426580446971	
25846	5	6	241.972336434746	
25630	9	20	668.972401110908	
29400	5	32	1043.86190507741	
10531	4	34	1092.93889003477	
17289	6	24	784.973098367906	
15983	3	1	99.5049322114815	
20123	8	28	907.087236878968	
9045	1	38	1226.27267529549	
16970	7	2	128.192951180131	
17701	5	43	1364.8044457309	
24330	5	43	1386.05618373773	
21001	2	49	1541.87576671218	
26408	3	49	1545.09910007245	
29169	1	36	1147.20337686464	
16479	5	17	566.842146034745	
26988	2	25	836.659951338852	
18283	2	39	1236.30305932663	
15476	1	35	1122.81522397083	
19339	10	27	898.628849172326	
19742	4	8	301.775629362918	
28941	6	8	311.890773061612	
27896	3	14	502.319611768387	
25431	5	49	1553.2639935395	
24723	3	40	1276.93378694213	
25894	3	3	170.806853999759	
28505	6	45	1440.39429858345	
14138	6	37	1198.50582156261	
29092	8	48	1532.26247739618	
17647	7	28	919.077664333897	
12940	1	5	203.108616789388	
21662	9	46	1466.38626930601	
10141	10	14	476.166235281232	
22895	8	9	345.75999372907	
16811	5	28	913.199966081046	
18592	1	45	1417.79296441832	
23073	1	37	1178.41821069756	
20744	6	16	542.699188172212	
13082	4	11	393.919917304963	
29605	8	39	1244.62975846819	
28129	4	36	1173.08848599581	
14512	7	27	888.983783651601	
29514	8	47	1489.95432870926	
15828	2	8	304.500641703839	
22396	4	28	904.501568015898	
17455	8	36	1152.94053403332	
25971	3	17	580.105120101993	
26068	2	9	330.946106729538	
27704	10	19	648.693621274407	
25960	5	42	1327.42970748219	
14153	5	16	559.025569855713	
23087	6	45	1442.59032990904	
23068	9	36	1152.88903837692	
17085	2	7	270.96558434468	
29465	2	34	1099.5521514395	
28719	5	49	1566.53580738536	
21424	4	42	1339.65272466636	
26040	3	21	715.708407571404	
27265	7	43	1366.92811813528	
21703	3	31	1002.13203603501	
18596	9	29	944.578799784453	
28766	9	14	500.999110648874	
18661	2	30	974.82475948279	
16718	10	11	387.19501096159	
23742	10	48	1525.08433439074	
10926	3	47	1498.41817642488	
21624	10	30	989.889948456497	
13638	4	40	1276.11577298311	
23710	9	21	711.899133991403	
23671	5	42	1329.41041244632	
14290	6	30	988.42393533719	
8141	5	10	373.96076316664	
25444	9	28	922.383142021663	
29844	3	46	1478.18546550264	
21622	9	41	1325.54036317651	
27400	1	31	1012.79184571132	
11089	1	12	421.936444352351	
13269	5	7	277.818970064548	
25443	1	22	728.762425523606	
19465	6	5	203.993252908808	
16973	10	37	1190.70173389777	
18934	9	37	1189.44819185391	
22800	8	19	629.812200288201	
26497	1	7	284.832769913987	
17831	5	12	440.052094478184	
26882	1	10	360.518286880347	
21356	7	11	393.497230929088	
23645	8	7	285.200650936552	
9399	3	26	846.207842289567	
17994	4	29	946.664158695687	
9495	2	3	158.140239751963	
17316	4	16	542.709803126152	
17325	10	23	775.771070036931	
18082	4	30	991.787881269952	
13679	2	10	380.050958683738	
10166	8	23	752.089375346941	
28768	5	48	1514.15902416881	
13552	8	37	1182.75931774767	
22530	4	10	379.416307313096	
28384	6	31	1006.08339159101	
26750	7	6	243.050585576822	
29512	2	28	903.989347118879	
22583	2	38	1219.04697273814	
25237	8	28	919.283208828086	
26960	7	12	419.005772145002	
25600	5	7	265.064806689073	
17128	5	18	600.207187887378	
24001	8	40	1274.70357287429	
18433	9	16	545.425221168168	
9962	5	3	166.760305728186	
21069	7	38	1224.59936303301	
18331	8	35	1141.83375460181	
11315	3	50	1586.9459820478	
21925	1	39	1242.93486522647	
10394	3	44	1411.43030213724	
27971	9	42	1355.13060793054	
28716	3	46	1471.18691036067	
21862	8	23	769.991989568803	
16504	2	49	1547.14291648341	
26125	5	39	1244.5660475104	
22651	9	37	1184.9209454958	
12468	3	24	784.689297519945	
10301	4	15	509.907930693546	
14224	3	43	1365.23497529572	
28526	5	39	1251.27017269436	
18344	3	15	525.714132211038	
9697	7	37	1198.18969312971	
21121	10	48	1530.59526075171	
8067	9	37	1178.1345068189	
29772	3	19	653.450987829571	
29842	6	34	1098.63282154251	
8902	8	25	839.177126604681	
11666	5	47	1498.40266275145	
11567	3	41	1322.67903393259	
10186	9	49	1560.94266733199	
27032	3	10	366.712386778888	
23573	4	50	1570.40121911578	
28576	2	41	1310.52899146012	
28023	1	46	1465.82699776898	
25846	5	6	254.987287789112	
11872	4	43	1360.31109899297	
24591	7	22	718.793658054803	
16360	5	42	1339.77542976838	
24552	3	23	759.447536561381	
12063	2	41	1322.06479566268	
24681	5	18	616.306485150152	
22723	2	16	555.763821078354	
15923	1	35	1132.83620481046	
14430	10	37	1180.35757913271	
25559	1	18	624.9203507532	
9195	8	27	880.902464986268	
11219	5	25	824.167034600008	
23034	3	39	1235.61640126427	
12682	8	22	734.8502598027	
9881	8	45	1421.16244609522	
10908	3	33	1058.36128805688	
23556	5	13	474.081416425333	
25362	10	46	1453.81199744242	
27650	9	40	1268.01303613373	
15687	3	47	1493.29163993396	
14421	8	20	666.875113559363	
14751	9	20	669.611927135667	
23324	5	4	176.569066055384	
21854	6	47	1491.9742333386	
22348	5	20	668.12748418568	
24989	7	13	465.422236428327	
15116	3	39	1243.43109185036	
10531	4	9	344.266948115205	
11954	10	40	1281.99219789449	
26846	10	35	1124.71791535836	
16069	9	43	1384.72938881476	
15605	2	6	240.657918900558	
19334	10	28	904.164991799819	
13518	2	43	1372.15562869429	
15110	8	47	1484.25494851743	
26393	2	16	546.127287440993	
14778	10	32	1044.91386775156	
24871	9	42	1350.46039413217	
9507	7	2	123.170179633037	
8449	8	21	714.963687544206	
8319	4	50	1569.95031113268	
26218	8	3	145.353488319252	
28404	10	12	430.237681619002	
11745	5	19	633.214156065702	
18564	2	43	1372.5485228433	
13843	2	10	354.465786942498	
24085	2	37	1203.56072534042	
13104	3	26	843.552402948752	
8954	8	47	1501.51658783737	
19629	10	17	582.581379275108	
20994	7	47	1492.63097035355	
13043	1	4	196.589221673361	
26168	3	2	122.515955326388	
24154	5	50	1572.53535783502	
8828	5	37	1188.11217422975	
22879	5	23	770.699171857303	
29585	1	18	622.224591999419	
26907	9	45	1447.80119642979	
22089	7	4	171.3200523757	
27260	8	29	936.642559234352	
25983	4	30	972.875393299794	
20252	4	7	291.496872963149	
9806	3	46	1450.84400691597	
14467	3	2	135.639663774352	
15324	3	26	840.19096193844	
14423	9	22	720.24454608571	
24576	2	48	1520.00204280019	
21478	9	46	1463.46077256997	
28848	1	26	850.595311285274	
28769	1	29	955.035158654226	
22035	2	1	93.4474203053151	
14180	9	22	723.621022293168	
25295	5	44	1410.64181780938	
27301	6	19	633.049348589522	
16906	8	48	1523.34132880128	
29370	10	18	601.521625240111	
8945	3	8	319.374245516664	
9250	10	35	1143.35490998968	
12704	8	4	199.425710495294	
26869	1	11	393.661697243183	
24439	2	26	861.861511087912	
13496	3	14	479.878688901606	
21403	8	12	442.750360277831	
16984	9	24	779.410818619379	
12803	4	38	1232.0869450048	
24436	3	40	1268.1401671414	
27825	7	4	198.14196357417	
8289	4	29	931.629633964798	
10664	8	7	264.043454464545	
29480	1	24	793.555776660124	
12713	9	48	1523.90269544157	
21951	7	37	1197.11267132178	
23102	1	39	1259.14034175646	
10646	10	24	786.527620398685	
15960	6	42	1342.08829424441	
17247	5	43	1358.45343816953	
8462	4	8	294.509481403283	
23050	10	10	374.59801784465	
12501	4	44	1393.02319412726	
14480	10	22	732.303976757593	
23712	7	12	434.463744142309	
21754	10	42	1340.09995277044	
14243	4	50	1592.95709166348	
20435	9	18	626.481429183149	
28826	1	17	569.133958969793	
26015	2	26	849.009948060387	
15225	8	11	385.947403863979	
9479	1	34	1089.46660673687	
26801	1	2	129.19402903374	
22150	1	20	666.590548989638	
21569	3	15	531.324926340638	
21140	8	33	1078.86968200974	
18239	1	42	1328.37548593449	
23491	10	43	1377.65835513252	
15690	9	3	154.78104814644	
9250	10	17	572.996704398187	
29646	8	46	1448.74651268532	
14281	5	23	751.433188296591	
19340	2	14	503.552718769551	
26912	2	36	1172.05079479704	
13659	1	18	602.10258251154	
9328	4	20	668.372408835391	
23436	5	40	1279.41731810543	
21682	2	2	137.03953462515	
20804	9	32	1031.13246321265	
13260	2	14	496.334748983539	
22513	4	33	1064.4806805367	
23963	9	21	704.114197410696	
13524	10	27	890.961054345109	
23277	8	6	244.887890631746	
16546	8	11	387.012143836828	
25410	9	49	1544.77622767201	
26518	5	42	1350.33171586242	
18843	7	33	1067.1217337377	
16001	6	49	1559.19795310087	
26277	3	35	1121.76155831747	
27526	1	14	486.921597238128	
13430	2	44	1416.26893109468	
25479	1	7	290.276859649586	
21507	7	13	463.076996944415	
22424	10	30	962.192763277419	
10581	9	21	708.675356837304	
28303	6	27	882.435604931058	
24829	2	37	1197.45290547491	
15983	3	9	342.230850319486	
14831	7	15	525.033013431836	
20572	9	46	1468.73718538728	
9438	3	47	1481.48198662395	
18560	8	21	711.746572252245	
25861	4	26	849.091589846225	
13288	5	48	1509.70692548422	
10117	10	35	1143.07629310669	
18592	1	46	1471.0452990751	
22672	5	8	300.972399330219	
18393	9	5	210.201394246054	
12721	2	43	1366.09133530692	
10065	5	2	140.682634665017	
23570	1	48	1535.91755703833	
9320	2	37	1195.3489659705	
21198	4	3	152.799209986254	
20242	2	43	1384.52926752368	
14480	10	40	1281.83320645328	
11983	4	7	278.505552391757	
13652	8	47	1484.30613840199	
27845	8	10	359.57840515281	
16424	2	17	586.548698668624	
14430	10	42	1328.53796614732	
21425	3	9	341.253752196791	
29087	1	45	1418.46040203164	
22530	4	19	633.019489828972	
20896	10	3	166.075107160059	
23947	5	2	112.477581590636	
15217	9	16	541.156328647005	
19067	8	2	120.475721825136	
9269	10	7	289.858031519623	
15008	6	47	1493.42722567424	
27957	2	43	1385.93680390433	
24840	6	3	161.964412630519	
9957	4	44	1394.80868430566	
13764	10	17	586.099449780816	
19748	10	19	627.597563596255	
11520	5	37	1182.99869391276	
21703	3	50	1592.36762515845	
14663	3	2	121.869464498884	
16397	5	9	335.180965147531	
26045	8	26	843.935850730136	
13447	7	3	153.730928596915	
8715	3	35	1129.3593165322	
23616	5	29	936.920339491647	
26405	4	7	273.106617793956	
23405	8	33	1061.07892365245	
16654	10	16	551.004040199799	
15041	6	8	300.919965124186	
21579	3	5	217.477649663332	
11247	9	20	678.547729420731	
26294	5	40	1280.35955682414	
26652	2	15	510.169804445547	
21012	6	31	998.129466529065	
18131	5	28	917.874500322097	
19393	8	42	1355.68215165086	
12866	1	24	796.495047284521	
10127	10	38	1207.48343319049	
27094	6	3	143.021584592304	
8317	5	3	158.727082423273	
11614	3	23	763.016482686166	
25889	9	46	1477.22934389358	
16386	2	20	681.919964459687	
15442	3	45	1430.56957724996	
24141	3	1	91.1143678105969	
25641	2	8	316.774168571818	
13951	2	50	1580.15453140259	
24511	1	50	1578.7182220345	
29551	2	5	221.108872732664	
27063	5	21	689.24951618968	
13072	5	35	1125.20164639	
10522	9	7	281.530573610929	
14915	7	40	1289.46558129483	
21880	4	6	236.636087892873	
16072	1	38	1229.12517325446	
14570	8	35	1115.64255442267	
23437	8	15	512.817770071709	
15156	5	7	279.178649615114	
23650	2	31	1004.33341270514	
24086	4	38	1225.35378423769	
28318	6	36	1171.94056617652	
21874	3	38	1215.07106696026	
21505	6	44	1411.55761646645	
26155	2	11	403.678678983673	
27587	4	32	1041.9279924044	
22418	5	18	609.498474695486	
16127	7	33	1063.25742122869	
10943	3	13	467.807337375268	
12735	10	26	844.089912308422	
23855	8	2	119.126532654803	
19289	9	44	1389.6044024963	
14786	4	31	1020.11413040576	
20736	5	35	1119.97710932045	
23128	6	48	1513.64054273518	
10855	2	29	958.852981812718	
19069	1	13	457.951621253952	
27044	4	6	242.015886270449	
11105	1	8	323.161351346952	
23078	6	35	1118.2449487216	
18520	8	21	700.146170919829	
19274	1	8	292.952086391371	
16075	3	33	1082.36070161795	
22458	5	11	409.895167467136	
9018	5	38	1211.67044893451	
26687	2	21	692.276003273333	
13887	2	14	477.017155809802	
22755	2	50	1590.8939755293	
17447	2	9	353.533716552674	
13270	1	43	1369.0042932746	
21046	2	44	1402.23194589942	
26328	3	28	922.864381579153	
26208	9	18	597.316397669407	
25864	8	7	283.150020485348	
26767	3	15	517.667800354617	
21460	2	17	586.786516246752	
18785	1	36	1147.94541572591	
12520	8	3	145.671727427129	
17245	9	10	358.241285476015	
9515	1	13	468.641584845559	
21118	3	33	1081.61589311511	
9311	3	26	853.516747343129	
19876	10	37	1192.34719402732	
17672	7	25	814.628309726076	
23381	1	4	181.982340077861	
14086	1	27	899.645113693385	
25016	5	4	185.087515984237	
22800	8	23	761.553464290478	
10590	4	43	1375.82503855965	
19554	6	27	877.783106080155	
24718	8	26	851.17355200051	
19481	3	29	953.626668152226	
16103	9	7	269.656418724757	
21350	4	23	760.933700893509	
13364	3	11	384.187241785315	
20215	4	31	1012.40169784632	
19870	4	3	169.579864558568	
25538	7	27	885.175899493124	
23774	7	7	279.887167531944	
18911	2	41	1311.40267571034	
9401	7	19	644.910836594603	
26914	4	18	618.604499166182	
25381	4	24	789.723704676015	
29341	10	21	698.803044100666	
13570	6	32	1041.857966409	
8982	9	24	796.262151075649	
26372	4	27	872.288004826888	
13770	10	25	816.964109920414	
12390	2	20	682.309308965834	
8048	8	31	1006.85402648843	
13642	9	44	1410.90756608681	
27705	1	11	392.279893826824	
28163	1	47	1483.77460079443	
15613	1	46	1454.51976650139	
11127	9	2	116.629055606494	
14410	6	45	1446.6294235767	
25641	2	21	700.604892364053	
9364	6	9	347.732391891876	
17602	3	8	307.912827389274	
29646	8	11	392.025335241121	
9052	1	17	587.188487289096	
23968	6	41	1315.46369151932	
26974	2	8	295.068936969651	
24048	1	33	1075.75061047252	
29367	10	18	597.830741274092	
18081	8	15	528.605277747198	
19999	5	22	733.207962854397	
29548	9	45	1436.3826967759	
24371	3	47	1498.96277870003	
29092	8	34	1105.2661025083	
27388	9	14	497.206651688184	
26076	8	9	342.769516232782	
24944	10	46	1465.78455989518	
14164	10	19	646.838609765674	
28576	2	45	1423.73074825096	
15520	6	16	543.011393948929	
19169	1	3	143.793042667114	
10465	7	17	573.544149926651	
23962	1	43	1372.77034331708	
23924	9	30	985.720189002212	
25520	10	1	107.357108866497	
25196	4	30	968.123406063823	
12066	10	3	159.244155324644	
27553	4	13	448.971012071227	
23417	4	33	1066.87553999334	
14483	10	16	538.893658173687	
11550	5	33	1069.85206735779	
19995	1	12	415.136652223364	
19980	5	22	724.304645287015	
10069	5	16	537.557818208615	
14780	9	11	391.796805482263	
27738	7	45	1421.84747266669	
11373	4	19	657.26307210385	
15110	8	47	1487.86183229082	
13713	4	24	804.214188421245	
9756	10	28	929.44714507528	
21907	9	11	403.53556219653	
27359	9	41	1313.9730942035	
17366	10	4	180.972302826574	
27831	8	17	593.252688661801	
10321	4	3	143.054188221253	
23967	10	32	1035.90530805099	
19438	10	28	918.001331220382	
22554	7	37	1177.04320645753	
13930	6	17	589.647374800242	
19075	1	36	1148.13804985403	
22090	3	15	526.495333931639	
29149	7	28	916.93599102876	
26728	4	2	110.789018250438	
9907	5	36	1173.61766165757	
14476	7	43	1382.83638090959	
13326	10	5	207.060742437402	
29140	2	17	574.962048574799	
22130	7	28	922.192638387062	
10320	8	10	364.668226374624	
28182	2	38	1219.06508122527	
23909	7	39	1236.21953619468	
28149	6	45	1446.09792489842	
17471	6	1	88.8750704791746	
19011	9	2	138.937083100405	
22770	7	33	1058.75321038941	
9857	5	11	398.071310631033	
21179	5	24	792.078051488883	
13895	4	32	1041.40496049142	
17372	7	24	793.469297026037	
22771	9	20	675.359179021492	
20470	2	40	1285.50644412893	
8234	9	50	1577.92272760436	
15515	3	45	1442.62442134443	
29006	1	17	574.283603175675	
22520	2	5	219.475831752399	
25324	5	12	429.819948463617	
10950	7	13	472.571847100077	
10942	1	26	859.517654655277	
9873	6	28	922.66600078096	
24208	5	20	671.451800815506	
11092	8	2	130.122074843441	
11110	10	17	582.200948867109	
24497	7	46	1459.32363727099	
14778	10	48	1518.73749013931	
17331	6	1	92.3983242420472	
12599	7	6	232.916076329032	
23044	2	11	384.347633972926	
13621	9	36	1150.68698362945	
23246	3	23	754.721437299029	
27960	1	7	264.736063044861	
21037	9	28	926.885424091893	
18336	5	42	1335.07043371679	
12197	2	37	1203.1936059162	
23266	1	37	1185.14910719597	
20853	3	40	1293.2276088806	
11884	6	16	557.437637298106	
29128	5	41	1305.09802372432	
16790	3	2	122.035219726169	
25183	5	35	1134.49947827239	
20648	8	42	1344.98287759022	
20804	9	9	323.827256562108	
8534	7	46	1476.59637072896	
25828	3	13	463.573909431498	
10406	7	48	1514.28819577875	
20950	8	46	1462.6316057251	
19038	6	16	548.572606327279	
10017	5	33	1074.31156968433	
29514	8	35	1136.50541507476	
26275	6	32	1034.14182990517	
29166	9	32	1033.01643244597	
24978	6	42	1334.48889533732	
24769	9	41	1315.44439391952	
20705	9	50	1599.5266376061	
19067	8	40	1293.21642555912	
13189	6	36	1168.94300638183	
27535	3	22	734.018587327571	
25638	6	50	1586.77428762744	
12001	4	3	170.137580339861	
29607	9	2	126.538758858358	
23070	8	28	905.837134060374	
9754	8	1	93.7236766581068	
14485	2	39	1241.39106785943	
14879	8	10	366.683523192389	
26025	4	18	608.733233981176	
15421	6	42	1348.4737549296	
24903	7	49	1550.43601041214	
29927	4	13	454.729121688162	
9563	4	9	337.475314148457	
13489	3	27	881.055994295075	
12104	2	39	1262.03819445429	
27855	2	22	724.721924739295	
13016	4	12	430.536627373908	
11392	6	41	1325.01817638288	
11345	3	37	1177.68312319074	
21335	1	12	427.624544253398	
23494	1	6	253.525704114477	
14150	9	4	198.627039435612	
18965	9	49	1545.03544149223	
10097	3	2	136.105884414216	
14180	9	35	1143.82571791477	
11695	6	23	758.604506644702	
19553	5	26	847.842218898163	
23680	3	4	196.545153724284	
27417	4	41	1321.70500485306	
25521	8	15	530.247167707536	
12471	10	38	1211.44103017237	
20034	8	42	1335.54379611069	
27672	7	48	1509.97718035708	
18452	2	1	96.2061008141405	
9991	5	19	639.209021553029	
12995	1	17	570.663349670667	
9790	8	38	1214.96044338446	
10445	5	50	1595.49646086781	
10076	7	8	308.662344212021	
10609	3	42	1331.25920093211	
23266	1	20	682.436188702675	
8926	4	37	1189.91284753658	
25174	8	46	1454.84067545032	
8602	6	6	245.814440849151	
24374	8	48	1512.19559531295	
29571	7	4	173.843484639117	
19388	8	25	816.836255535873	
26725	2	9	335.449420779687	
11058	4	43	1372.10363545087	
27581	6	11	388.294507706675	
24728	3	30	983.952267963417	
12580	10	50	1590.42621753664	
12154	7	14	501.843514415363	
20322	10	29	945.591881305721	
23246	3	31	995.417302267355	
17201	3	18	615.391547891959	
22160	3	2	121.738846135204	
17572	6	2	114.031695925645	
24110	9	17	582.713040943589	
14384	1	5	227.232627415672	
24285	8	26	845.881457759943	
25765	8	35	1124.84591413515	
24388	4	19	644.97851833933	
23556	5	3	158.48606627364	
9381	5	5	217.032724757228	
11746	2	8	294.892214301458	
21299	6	16	544.751941331081	
20650	8	8	321.269213334317	
8276	2	8	321.846972742047	
26862	3	23	771.374844783626	
13080	3	34	1109.76148135483	
10854	3	12	435.040166506097	
24206	4	34	1096.35583217086	
28079	5	45	1446.42392225863	
25295	5	42	1345.18835555072	
28832	9	20	663.612856577902	
15241	9	9	343.78636398529	
21932	2	43	1379.22100064308	
10417	2	5	223.910289101261	
22807	7	32	1049.98223327565	
22070	2	49	1541.76825110883	
14306	8	17	592.392798118476	
21012	6	12	424.44151827341	
19363	2	31	1013.41049714638	
27430	3	36	1146.29489974412	
9399	3	38	1221.01481263573	
29612	10	28	913.700281695323	
16822	10	19	644.38529905136	
12574	2	21	700.788798546786	
18498	7	1	103.81747366107	
23223	5	15	528.924503535463	
24085	2	37	1180.92874745882	
12167	3	34	1092.78341992422	
25596	5	3	161.429716796349	
17448	10	16	565.37774317217	
29128	5	36	1157.59027456753	
16138	10	18	624.934329197246	
22524	10	43	1376.35460917668	
11983	4	1	108.781716091922	
10547	5	41	1297.3033810115	
26505	2	38	1229.09154330804	
11111	6	17	575.567042201556	
21195	3	1	93.6024480376404	
22568	9	20	680.728790667247	
11811	8	27	878.533026351842	
28684	7	19	628.91210145732	
18377	7	17	574.07038536578	
12829	7	19	655.419592156736	
8671	6	37	1200.403525755	
21482	5	11	411.804445689453	
10374	1	9	351.605183906669	
29499	10	9	342.51784549212	
23547	10	47	1490.12140682438	
18283	2	35	1132.73080766794	
14454	8	7	285.464376306843	
19562	5	9	333.488659641467	
11884	6	24	780.40439586174	
15697	5	38	1231.56802119295	
26677	7	18	612.191166529521	
17398	9	17	596.017912121498	
15520	6	30	981.191932606135	
8280	8	47	1500.36664227972	
13733	3	38	1220.48041478753	
21169	7	8	298.029499080977	
26226	7	8	322.450341248163	
27376	9	48	1528.83273389602	
26573	5	29	942.256746581875	
25620	2	31	1014.92611537451	
21657	6	29	961.046179086457	
21481	4	7	267.598080983198	
9915	2	2	118.678527380656	
27921	5	17	567.431754808608	
28607	5	42	1350.43928455116	
22035	2	15	526.606908089764	
19587	8	45	1420.89068996761	
11550	5	32	1046.20120890727	
29685	10	17	578.790350080836	
14707	9	42	1343.71272760616	
17299	3	5	214.877470794542	
17556	10	18	597.382798286799	
25215	5	22	726.944427269951	
17105	9	9	338.280689538587	
12685	5	32	1043.98177329636	
29238	5	10	368.984352857333	
15775	9	42	1352.2122897544	
13104	3	7	266.406658043343	
20289	5	40	1290.80734063443	
11052	10	49	1560.05261225628	
21692	9	46	1475.96534048951	
27318	3	8	311.889083530702	
17564	2	13	457.185878705786	
19862	2	31	993.3663080043	
14476	7	26	844.163442647161	
29993	5	34	1112.76380397042	
26534	3	11	396.111448405362	
20148	5	42	1328.72490102832	
24592	8	29	955.086627414025	
13869	7	44	1395.57294895666	
13570	6	12	438.278449419084	
29431	10	29	949.700292455824	
8467	3	40	1286.65535487545	
18168	7	36	1159.14426999127	
21350	4	40	1294.37341307028	
10835	5	31	1012.8054447718	
26177	7	10	373.125918308797	
22287	5	43	1384.17342909806	
16505	4	17	592.078560940958	
18684	5	32	1043.51449873462	
20590	7	41	1311.84011770032	
10001	7	25	839.26316739957	
29432	6	42	1354.69830956063	
16744	4	32	1036.69166825558	
20287	9	34	1096.6905503984	
16711	8	1	94.8083682427222	
27374	3	46	1469.07348485155	
29868	7	22	722.911243067547	
12362	2	16	536.384868983359	
29191	7	29	931.496061930198	
16786	1	16	545.817209326577	
10531	4	2	136.04368320482	
26692	6	8	318.025393261586	
9113	3	30	982.204134325592	
8063	8	35	1138.96077488501	
26295	4	22	729.157095555755	
11462	6	44	1410.41220227741	
26778	7	22	725.312219376356	
25927	7	41	1323.26831216145	
19862	2	8	317.675480580738	
16974	9	5	210.495459684401	
23064	2	4	172.1657889393	
12874	10	3	171.114581493249	
27520	6	24	783.217401124173	
25895	1	30	985.434278187079	
25757	8	26	865.177178338718	
11724	10	28	910.727443411354	
26835	6	36	1167.80015727868	
29829	7	19	643.907276468308	
23434	5	2	111.176328524564	
13659	1	50	1595.85843454854	
17437	9	49	1568.03886065634	
24371	3	40	1274.32809710239	
17032	5	9	327.292841899811	
17200	6	9	328.21249455596	
28766	9	21	716.702173089936	
16233	4	16	557.190773970071	
27323	8	31	1020.49421045021	
15355	3	47	1496.6757576059	
25274	2	25	829.355074404439	
16918	1	39	1243.69031911888	
11154	4	40	1273.20020533782	
29897	9	27	872.340032044956	
21698	6	1	103.590565483826	
22723	2	28	929.755739630086	
14647	1	10	382.234766214264	
10480	9	21	711.674899194238	
21399	9	11	384.451220549853	
20322	10	1	100.183495106261	
9367	3	19	645.216317514524	
27061	10	37	1202.39324249439	
25957	10	39	1247.81369893244	
13794	3	3	140.905116936613	
18529	2	10	354.40308036022	
25008	5	28	913.019039050219	
26081	2	38	1219.67432876102	
8145	7	22	748.148585906321	
28352	2	19	651.480908436459	
15050	6	2	131.257390068498	
13782	8	8	311.513372059685	
9771	8	24	784.080924831369	
24831	7	10	381.273327572864	
15293	6	3	159.003966599239	
17079	7	14	505.208540458795	
28781	7	29	935.637627381663	
18316	2	17	577.778348670238	
27872	4	13	461.715586102435	
10065	5	50	1590.73255136178	
14372	2	22	733.991639769632	
27276	10	14	502.258601795071	
14129	2	6	251.966321585684	
19628	8	13	469.917991827204	
29650	2	25	828.636461770458	
28983	3	17	573.913237757009	
29693	9	20	673.98516146186	
29169	1	16	537.295254346586	
14110	9	27	899.825756894344	
29654	2	3	147.524016009422	
11383	10	46	1453.46166149409	
28569	2	20	683.199511972815	
9241	6	6	233.50227914448	
17411	2	18	606.276222861501	
15331	5	36	1147.61666217242	
20298	5	50	1598.69095895378	
10742	10	15	508.783086030177	
14128	10	12	428.044735616094	
22933	7	47	1507.13374371973	
28292	6	31	999.925016742165	
27135	5	31	1014.27380284959	
28206	7	21	708.538165794936	
22524	10	49	1568.55358718361	
29421	1	47	1505.70986553361	
28122	5	30	969.236820381711	
27580	2	39	1265.16238554621	
20303	3	2	125.27414957307	
12628	1	29	942.416991546013	
8560	8	37	1194.19623873858	
10117	10	13	447.131491586162	
18630	3	23	767.952938102164	
12784	7	12	431.977390959848	
13129	6	48	1520.51918011183	
9786	1	22	720.942347832463	
20082	10	39	1250.45958078022	
16166	8	37	1197.92489331119	
16267	2	13	473.24999592884	
18856	6	25	812.475250667182	
9912	10	14	499.177237161983	
12441	9	36	1166.9918791796	
14429	4	40	1280.41791889836	
14807	1	13	455.723784703633	
22540	8	11	399.84857186668	
25705	10	20	680.6245698969	
11550	5	24	798.019246942373	
10689	7	32	1048.05787809568	
22005	10	3	158.011092915205	
18296	10	6	257.804701969868	
27582	9	25	833.656665400442	
19278	1	3	160.313007645455	
22064	9	50	1596.42545442862	
28206	7	17	587.592891765569	
17513	1	20	670.644604950512	
22110	10	33	1061.79056936027	
13690	7	19	656.458748512184	
24757	5	1	105.453473974696	
14543	5	15	533.705014611457	
12468	3	9	346.256456052073	
21648	8	34	1100.68117144549	
18531	5	36	1163.47407622425	
24199	7	15	528.639088183939	
26589	1	42	1331.56816991585	
25466	5	29	943.09901560801	
9501	10	15	532.694265308182	
27400	1	30	979.571077907258	
12719	7	34	1101.48427053424	
26369	5	23	762.680331860986	
27057	1	34	1112.55993131202	
24973	10	29	955.81664208128	
9686	5	49	1549.69176886123	
14318	4	38	1205.44096302494	
16634	6	41	1296.307835363	
27303	10	48	1528.86749845411	
10522	9	12	420.141864540121	
26406	7	41	1319.50709784381	
8827	1	19	638.550018145959	
8003	2	11	388.689593928256	
11978	6	30	967.929017286715	
14954	8	24	787.690618591239	
12284	9	48	1521.17894228603	
17655	4	37	1187.15129263101	
15488	2	46	1467.4694476032	
21304	6	4	188.760326145571	
16054	1	35	1113.88323109312	
