idEmpleado	idDepartamento	ventas	importe	
16095	2	49	1546.725016286	
17137	9	12	434.702411086626	
24973	10	1	103.836830008699	
9076	2	27	874.127443914361	
15046	8	27	874.200158861559	
13793	6	16	564.33939088338	
23412	2	15	508.099683163734	
23251	9	36	1150.73834126384	
10191	3	11	393.403967690377	
23501	6	23	769.205470815862	
11057	4	4	179.785728352045	
12125	7	5	220.807419931892	
22577	3	12	430.903737596657	
26031	3	29	956.72656383213	
11177	7	23	754.581455380927	
26788	4	35	1115.86147997336	
24089	8	17	589.112800708559	
18388	5	46	1468.38381861727	
9878	8	43	1376.08684294675	
11642	1	5	216.408009555381	
9259	6	30	977.114006624145	
22107	1	50	1581.78279823707	
10983	7	12	419.969868594767	
9349	2	17	573.96095302606	
9424	1	25	827.737089855474	
17604	2	6	250.546901156449	
15922	7	31	1015.21724342146	
8838	3	13	457.515853930971	
26972	10	11	402.751937658876	
25596	5	45	1437.75737967238	
17125	10	22	738.037916951831	
14467	3	33	1082.18373617259	
23468	6	15	530.031549022548	
26168	3	39	1248.36017689126	
28098	9	27	874.25452254445	
19500	1	48	1517.72274456812	
21328	4	50	1570.67305027073	
29502	6	29	933.377198527277	
18491	9	12	433.711551816068	
26882	1	20	667.999304210767	
10730	3	23	759.795917551869	
25243	8	24	794.771524032006	
12163	10	44	1406.10167099447	
16067	5	39	1259.77641793889	
10929	5	39	1255.52378724121	
29722	8	50	1598.58555048638	
23623	4	44	1407.49832911766	
10733	4	45	1434.14109624649	
18304	3	16	536.387804251345	
21142	10	14	502.503660927761	
23783	1	40	1274.86031986534	
28230	1	18	616.818608370059	
10594	7	37	1189.31327498952	
21996	4	9	350.550859286706	
29616	4	32	1030.0783452718	
10335	8	49	1564.94221804894	
27031	4	1	94.7325424918591	
22512	8	35	1129.87587698264	
19124	7	2	126.390354058887	
11339	9	21	703.65325770511	
26735	9	36	1149.12214746192	
16858	9	2	130.583829232763	
17028	10	25	827.986403604963	
15895	4	16	555.646588017999	
27195	6	2	111.167553864032	
19666	10	21	697.601992179454	
28769	1	40	1290.77587090934	
18326	5	24	782.543560705401	
18518	3	3	162.472041287679	
24086	4	25	836.858710812805	
15072	5	36	1145.18842970263	
16709	6	39	1255.73560218128	
12296	5	35	1114.6722668012	
29159	10	24	788.087538735982	
26838	5	33	1056.61209200351	
19784	4	6	262.342482592139	
14499	1	6	255.681127242595	
17507	2	23	760.193450655878	
13504	6	28	918.437165784853	
17427	2	25	829.151539369091	
19556	7	12	443.048572038789	
18704	10	37	1181.07614717496	
10480	9	48	1521.12804967963	
23062	2	47	1500.24827673111	
19920	5	6	242.89705980704	
23988	8	4	201.219308581771	
22774	9	47	1492.87046118307	
18163	5	6	259.480689735841	
16103	9	8	298.281831619461	
18364	5	28	909.312304495514	
21340	4	47	1502.99020207626	
11659	1	15	520.797173288091	
19972	6	27	886.98684446839	
11316	5	42	1330.05829411096	
24805	3	35	1118.87715674884	
28642	8	21	709.212088319106	
18697	9	49	1566.78512042704	
26400	1	28	930.455082976471	
22202	10	38	1228.60886407486	
13081	9	19	637.921795061753	
21948	6	11	387.809679577038	
10514	7	21	704.95476841226	
16038	2	42	1351.66905495882	
8976	9	41	1299.52909343854	
12799	10	29	957.315231225134	
12595	7	1	99.1247176840551	
23385	5	34	1102.14634156886	
18868	1	14	481.225736253534	
9171	8	27	893.938767283195	
11213	4	26	847.735862679656	
28579	1	44	1389.26109080634	
12541	6	29	934.539091835981	
26028	8	7	291.438711197785	
21628	6	27	897.238814689796	
23592	7	9	340.604685666321	
19665	9	49	1568.04600028696	
13855	2	5	209.455779553138	
29077	4	28	927.738126873848	
21142	10	11	392.749528210959	
19048	4	48	1509.94824528226	
20715	5	24	804.73153099638	
27108	7	34	1111.2951811735	
12037	10	16	564.26172908594	
12043	1	26	853.159736792166	
29183	9	29	933.868508736542	
8146	4	21	704.391256414536	
13410	7	13	448.748757712892	
21576	8	43	1384.61397269024	
14529	5	40	1269.21038198714	
8331	8	12	427.400003684405	
14290	6	8	295.557362165096	
19899	3	28	925.226044266124	
14724	7	35	1131.58458658102	
13603	4	10	360.5153707231	
18812	7	15	521.341859792053	
13502	8	42	1338.09380362653	
25789	6	45	1429.40709221615	
8547	3	8	301.598956241086	
22207	1	18	622.933045505981	
9827	3	5	223.772342122985	
27493	7	21	699.072967012913	
12982	6	34	1091.64472492954	
12877	6	30	965.541922452646	
16552	9	32	1050.5459689398	
28848	1	35	1120.05121368917	
17864	5	19	648.451110240282	
17189	3	8	309.358462090305	
11277	7	50	1589.74802977859	
18549	5	33	1069.45360844464	
24358	3	36	1150.83115646189	
11538	1	17	579.756308765968	
11060	5	22	719.046993553195	
11614	3	18	617.705554765512	
26534	3	41	1318.6606187926	
8440	5	45	1433.19026406537	
8016	3	27	876.514498403535	
15467	4	5	220.69303932632	
28250	6	17	578.50931816665	
25835	3	13	445.660584701998	
27092	8	9	332.923974810598	
19554	6	39	1250.37595997116	
26290	5	41	1317.53236887862	
19803	4	25	812.015354266397	
9854	6	16	546.53876359879	
17200	6	19	632.178500514561	
23651	3	16	544.035046540217	
12747	3	44	1402.95450525496	
24957	10	48	1530.92334047469	
11963	10	13	455.896954897743	
25647	6	18	602.510882039792	
21505	6	5	218.63890807081	
24600	10	47	1507.85682331205	
19594	9	11	384.805081367868	
17856	10	6	248.977186087974	
29685	10	27	890.875278269348	
15515	3	41	1313.08680606684	
28179	5	5	225.753258720857	
27436	8	35	1113.71576014614	
28089	3	42	1333.10852310299	
23441	9	10	365.41739849626	
21340	4	13	475.032794324231	
14532	6	13	459.000727934298	
28662	6	11	395.160364245605	
23488	5	4	198.37922552525	
13845	9	45	1447.64369491844	
18056	4	37	1176.5103686119	
9088	7	11	387.520489500612	
20841	4	44	1412.92396778843	
20858	3	15	527.325106657727	
17859	3	39	1244.82736138852	
28571	1	37	1197.40076430021	
27008	6	28	930.897774049499	
19811	2	46	1455.93837153909	
25575	10	10	370.009070695382	
11094	10	17	573.396382151822	
17398	9	30	981.540598134296	
17574	8	10	359.629370663142	
26692	6	14	499.003158853856	
9733	1	14	498.367468425244	
15176	7	19	656.016167148955	
19739	8	26	845.496604985323	
21320	1	10	378.43512161562	
23441	9	38	1213.85107488085	
14749	4	16	546.942726404845	
21323	3	31	1012.19224839108	
25270	7	20	671.899485453916	
28901	6	11	414.241912185327	
11095	9	13	448.728368677538	
21481	4	15	507.785340523247	
8571	4	4	200.103457998533	
17352	6	22	730.761239682679	
26664	7	21	706.977279180185	
28321	10	26	845.400795063656	
18195	2	3	160.243186205739	
18476	6	46	1457.89118048637	
8734	5	27	871.375232036866	
27672	7	31	1002.37200463301	
22407	9	21	693.636128741147	
25844	10	21	698.895068680353	
12337	1	33	1055.66813190266	
13585	6	6	236.514557039605	
29191	7	50	1590.03053746653	
11557	4	34	1083.59823381696	
12752	9	25	811.069593509226	
10638	9	31	1005.11011773958	
21788	8	27	887.741134021311	
26564	7	2	131.918451772965	
13272	5	1	94.7960106724855	
26254	7	40	1275.58080393615	
17060	5	48	1509.33468013505	
24388	4	32	1033.4574354037	
8168	4	42	1326.750099867	
20219	8	21	695.348291720892	
10761	1	23	757.092355954038	
20078	10	35	1119.92079351094	
8039	8	4	176.597672708611	
11746	2	26	845.149653053447	
15118	9	46	1448.21763784076	
29634	10	24	786.186977134173	
8994	4	26	855.74420946452	
24750	4	26	842.268456426574	
20858	3	48	1538.79212082307	
15421	6	30	985.138627265179	
21888	1	11	407.221648659195	
28665	2	17	594.066121705839	
14224	3	17	570.423485120024	
8057	10	3	165.496978985843	
15538	8	43	1375.69518533335	
21648	8	15	512.117890209014	
8476	2	41	1302.02115011496	
22902	8	50	1579.16859350129	
13086	5	40	1265.993241922	
23244	6	44	1400.1080901735	
17128	5	32	1042.69933652258	
16018	7	14	499.50161010935	
28098	9	26	855.46606751879	
16555	5	27	894.836887798662	
8011	2	14	482.781481371625	
23303	2	35	1141.83260866526	
20006	9	5	204.451114369766	
13762	2	18	619.981033680952	
26686	4	11	399.445901512842	
16407	3	23	773.147564741386	
20908	9	18	598.450660388195	
18040	9	23	766.646022594835	
9401	7	31	1004.01113981568	
17493	4	1	91.6289874592931	
14476	7	3	168.308439109618	
25061	8	19	640.322392694802	
21570	6	43	1361.29350777776	
19049	4	1	106.225578983419	
23559	9	36	1154.15436679225	
22273	5	47	1507.44915160697	
10299	5	45	1443.15085921583	
11971	6	8	293.399675476085	
23555	3	8	297.722436216531	
17136	5	20	684.891910201354	
24828	3	23	756.376585157763	
22103	3	8	297.003471803387	
12829	7	15	514.686632619559	
18744	8	24	802.244155035468	
27377	3	10	356.223266439616	
23974	2	37	1182.67812046347	
14760	8	50	1573.5596538212	
25000	1	48	1530.16608663377	
16634	6	43	1367.4641934817	
29716	7	48	1526.6420096935	
24591	7	39	1252.64895519831	
10679	10	9	337.590745844688	
10177	7	9	344.454725992146	
28318	6	27	881.760784909949	
19569	8	12	442.368171681821	
18466	8	11	386.385029175498	
23188	8	20	661.735862764407	
14901	4	8	315.763175783569	
14768	1	15	522.822554913732	
17054	3	26	845.644556081688	
17017	10	13	466.687966876984	
9803	9	39	1240.57562606436	
16304	9	37	1190.05498189016	
27691	4	16	558.794497660731	
25502	2	50	1597.18853987622	
8050	3	25	815.372792638546	
26738	9	23	750.824382431258	
29934	5	40	1275.79557113154	
14393	2	14	505.014226709033	
9082	6	43	1358.54409031502	
11421	1	49	1556.95723095767	
25184	2	25	829.299661046499	
24887	2	7	281.77917389282	
16274	4	6	250.574157317436	
13887	2	5	218.460302640898	
13221	6	7	265.778009568238	
12749	4	21	707.145976045703	
19555	2	31	1002.2069593343	
19012	3	9	343.757767241335	
11918	9	25	816.767781049371	
8024	6	24	799.58791092019	
16238	9	20	668.284573754428	
16783	7	31	999.181829113132	
28149	6	33	1077.36913012218	
29910	10	12	438.980032260986	
28569	2	45	1430.71769326493	
11235	3	10	375.867666702656	
21028	4	16	559.532722867808	
18190	8	39	1263.8574073016	
17091	8	26	847.769337616754	
19832	5	28	925.713288842567	
16404	4	38	1207.38768343226	
26366	1	43	1370.57712056235	
15494	4	32	1052.07788013484	
27237	2	8	298.20394332437	
14108	5	35	1115.8009590934	
12333	1	21	706.948489913227	
15038	4	49	1555.89213495883	
16801	9	24	805.055615159243	
27691	4	35	1140.85047380107	
10943	3	15	511.853738032213	
22313	9	10	377.76408268966	
20034	8	34	1105.15185992473	
19900	7	1	88.9201031666808	
26749	4	50	1569.68477873583	
25577	2	14	503.349294151808	
18737	10	2	135.811571951868	
8105	6	4	173.88056867471	
27640	9	22	743.300482269051	
25575	10	6	256.590162113584	
21837	7	40	1279.2390531298	
23683	9	39	1259.52890343011	
8261	4	50	1572.00540854223	
13028	10	41	1306.05477386436	
15107	5	2	126.056645161499	
10224	2	44	1398.40339312256	
17287	3	8	321.393796951228	
28861	1	4	192.685851767979	
26519	3	4	199.814465399745	
24728	3	6	246.470846611294	
24641	1	15	519.50512593589	
12784	7	7	271.29165956345	
8228	4	1	91.9381638299386	
29484	10	39	1257.24488909228	
8467	3	15	512.830801472455	
17549	6	12	429.569547525407	
20101	4	33	1058.72254048415	
16361	8	25	829.701293757978	
10348	10	49	1552.37021399307	
12851	8	21	702.659343547495	
18498	7	36	1158.82951965501	
21787	9	23	751.253841086875	
19340	2	7	277.151344175055	
15562	4	24	802.907293440265	
29897	9	11	384.914043017157	
14426	8	14	501.82382823053	
15944	10	36	1163.13271382969	
14145	7	30	990.261725946451	
22119	10	34	1107.68435138636	
12526	3	48	1535.63073810918	
17136	5	43	1374.90612131306	
12516	5	7	281.987098027946	
14096	1	44	1416.23224059876	
20516	10	34	1087.26724518801	
19487	6	36	1168.53028448696	
18866	1	40	1266.18438541246	
28527	2	39	1235.38227489003	
27760	8	3	144.522346697991	
28878	7	31	1006.02123497334	
15317	1	14	499.800550201815	
12339	3	27	874.407162142176	
25819	4	17	594.262638145249	
27168	6	45	1436.07766955908	
23824	6	19	638.584768547949	
20506	6	21	701.34534786518	
27234	8	8	320.562078468763	
10902	2	10	365.825918859721	
10997	4	45	1447.90697083245	
26658	8	37	1176.08930169423	
9204	8	38	1220.11523121042	
26462	9	32	1044.62675366766	
12125	7	28	906.11027819389	
8574	9	5	221.510354681644	
24086	4	2	120.641138721556	
24757	5	21	697.760642458573	
18082	4	18	607.985212042921	
19311	7	33	1062.37755925505	
28306	10	26	849.098115101968	
20201	6	31	1001.1407308472	
23847	9	38	1224.23281693097	
28638	9	8	315.270679292861	
16728	1	28	931.132071004776	
11035	7	20	685.001500381623	
22856	3	7	264.183727290567	
15488	2	13	471.564725298232	
25748	7	8	317.518027907944	
8278	5	13	455.059418964693	
18877	8	18	604.670918641924	
26786	5	3	168.714604605322	
18316	2	26	846.646416059996	
21209	7	24	794.187272635376	
28126	8	31	994.200193786156	
13430	2	45	1423.68005878463	
17427	2	35	1132.56966379125	
29005	9	45	1428.25218140532	
9871	8	19	644.566881509762	
23321	2	28	915.176171527792	
28292	6	39	1238.56657562711	
20013	3	4	181.561945575085	
10716	3	3	144.351964548394	
24001	8	5	215.997909370809	
10214	2	41	1315.22574299724	
26411	4	44	1414.17242425223	
22707	4	47	1487.56912017594	
27002	2	17	571.003984441517	
15846	4	16	548.795843119172	
26711	10	2	140.476743346302	
11912	2	43	1375.5911018772	
16777	8	13	469.506602729441	
20486	8	19	640.545072444037	
9082	6	7	283.806826157405	
23128	6	13	466.284159788063	
14910	1	22	743.381615850786	
18191	3	43	1381.78841804238	
25821	6	7	264.529870908954	
24422	2	49	1543.2750911374	
22162	9	48	1509.26113776363	
21113	4	39	1251.89394226852	
18345	7	6	247.020043249717	
23455	9	13	463.827319957235	
27465	8	46	1465.50265950407	
16766	3	43	1361.1550002178	
10984	7	43	1359.19236622713	
25655	3	11	409.44288563423	
8671	6	15	505.927958575044	
17247	5	2	130.426559881506	
18743	2	33	1082.43021940926	
19739	8	21	688.940690890393	
26798	1	7	292.388957316237	
24423	1	2	133.193760948812	
12763	6	40	1292.80904051513	
14368	5	45	1423.81098362795	
17581	10	22	747.536169526883	
9265	5	29	936.78876629881	
29361	4	34	1088.23490756016	
17182	4	18	600.04493629562	
19734	9	35	1116.95964675255	
25572	8	24	797.432380205687	
22089	7	40	1293.17974284905	
27005	2	48	1522.76888217906	
27110	6	6	257.041284561642	
20521	4	20	679.468317087492	
27868	8	5	215.164315912483	
19844	7	35	1128.16953216128	
21287	7	19	642.839589902591	
21356	7	11	407.903112847313	
12600	7	9	330.818577935369	
27044	4	2	121.891640742259	
24920	3	29	948.039792882297	
25602	9	47	1484.97709026792	
22599	6	22	735.305743746136	
8096	3	39	1263.28222925928	
10528	1	33	1071.54653237739	
25274	2	41	1317.73462561785	
29001	4	7	278.849305044324	
19964	10	13	454.842909153012	
18308	9	49	1556.03337677011	
8286	6	34	1084.729538618	
29118	3	33	1061.64116160089	
15170	10	15	520.577424560011	
17994	4	33	1066.36562370992	
17800	5	32	1051.53605245591	
11859	2	36	1163.20214456096	
23501	6	12	416.312841780629	
28022	9	29	947.736031928908	
14118	3	13	459.995842529459	
19124	7	41	1318.74799026118	
23062	2	44	1406.59284955198	
11237	10	10	373.553510482215	
16239	1	39	1264.48493461333	
29024	4	15	506.315444384848	
22439	8	24	791.828757557938	
22414	10	49	1558.71419941947	
27164	6	9	324.251161070658	
11079	4	7	286.786035395593	
20122	10	26	866.034342416578	
12383	4	38	1225.99068430531	
19467	9	8	311.022834065847	
14429	4	43	1366.60329573164	
21485	1	4	178.024845727731	
11512	3	44	1399.60798194614	
28188	7	32	1040.538578667	
25993	3	42	1340.9008980081	
24842	3	11	407.411867048318	
19355	7	31	997.888017202675	
19465	6	1	109.526811255853	
23783	1	12	432.264451250557	
21595	6	32	1029.80154390903	
8557	10	22	737.939461254487	
14237	9	21	713.391998407148	
27142	10	19	644.01155952551	
18666	3	2	112.230108134556	
8666	6	42	1335.7912186048	
26258	9	26	852.602318289039	
14465	2	16	536.403258469144	
29410	6	24	805.505232105733	
17099	7	35	1116.26617252653	
16744	4	44	1398.85147413185	
18359	7	6	260.433500232377	
17366	10	7	262.843747373132	
13825	3	21	689.155122586133	
14982	8	15	524.225728383393	
20589	8	42	1348.33813026004	
24206	4	40	1283.55485826896	
27735	7	33	1058.66164588307	
24649	4	49	1543.4769861882	
11128	9	41	1304.56802983981	
20387	10	25	827.295371306732	
24137	9	34	1110.94859022226	
27724	6	31	1012.81496262775	
8557	10	25	828.852224847699	
26953	1	41	1325.01054270426	
13937	10	41	1318.12624288636	
20705	9	30	963.616315873161	
16989	10	22	720.969442613874	
18318	10	1	105.827045042919	
13301	8	41	1310.63515444781	
16913	1	25	835.790277512646	
11219	5	31	1018.42482457795	
20142	5	28	918.209220673055	
10184	6	1	107.731391278902	
21460	2	10	368.946446352148	
26405	4	22	748.65338829749	
19323	5	39	1260.16151207507	
14954	8	21	700.473375087824	
14696	2	13	474.085336250293	
18077	1	33	1056.03753895314	
13031	7	24	786.111881130427	
16654	10	44	1387.84790260151	
28733	6	33	1081.28080328986	
28981	2	42	1349.76816989005	
25157	2	45	1427.13921017346	
17651	10	2	130.58933383347	
18090	1	37	1183.75954835851	
19684	8	34	1088.8697231416	
20126	10	29	955.382253562744	
14237	9	40	1292.20044840695	
20557	9	2	137.346039739133	
19205	7	29	948.750221165247	
14167	7	33	1054.41103101448	
20969	1	11	404.958781416043	
17278	6	38	1204.96907994383	
15118	9	48	1518.85295368678	
19323	5	41	1325.12449862674	
18332	5	47	1484.53977355945	
19142	5	28	919.001016821247	
23914	3	11	394.1038652482	
24085	2	13	452.174902731634	
13248	6	5	211.632875675165	
25503	6	15	510.576213426225	
18965	9	34	1094.87007765792	
18043	3	10	360.475895013882	
10320	8	13	460.4266495539	
17364	9	29	942.224279559322	
22412	9	6	235.11235609423	
10901	9	11	400.208676233985	
12361	2	43	1375.5723400859	
12177	8	3	168.176618184977	
27110	6	20	663.081483181138	
22107	1	20	664.576309632778	
21204	2	17	567.439447235055	
29350	7	18	598.456148709383	
15058	2	32	1039.44746870522	
24590	3	1	109.667786932396	
13783	1	39	1263.0467927377	
23003	2	31	1001.71301467424	
12863	3	40	1274.42120887079	
8385	6	5	214.366694527849	
9196	8	46	1474.74659273156	
17116	10	43	1365.58718905113	
15888	6	11	413.626596635965	
20144	3	39	1253.28911470868	
29562	5	47	1487.0400563474	
27919	9	49	1564.01379356348	
25363	10	17	593.250439257012	
27260	8	14	502.762311335077	
23152	6	13	450.093492665372	
13540	2	32	1023.52888967075	
9622	6	43	1375.62173851562	
22090	3	43	1381.47235826658	
25960	5	3	159.981471002093	
9215	5	20	683.862636221509	
13326	10	19	654.479005455263	
21579	3	29	957.271689175289	
13432	6	50	1586.41072563194	
10826	10	33	1069.29227487617	
15964	9	32	1046.71256061956	
9577	6	24	788.365054274148	
24871	9	32	1028.64719226428	
21356	7	23	768.661046907614	
28734	5	37	1179.80991347684	
29529	10	37	1204.02383022198	
18714	10	33	1074.26455655799	
19734	9	10	364.173911532468	
14960	2	17	566.971583779422	
12781	2	44	1406.50263270666	
8413	5	6	245.521611238607	
9091	8	47	1489.18516675438	
29844	3	3	142.077705889045	
13274	8	16	562.82675888521	
25653	4	39	1244.57980795045	
19635	5	6	259.737170720351	
28470	5	17	577.428310000071	
23863	7	13	446.045686624034	
17911	8	4	176.94961679026	
22873	5	45	1441.58096294924	
8680	3	13	473.435838666482	
22890	7	14	496.412855990423	
24136	4	12	428.97384030231	
27276	10	42	1332.35004475915	
21425	3	49	1550.11518356861	
22533	9	12	432.043450415155	
9704	1	11	392.554879669358	
17677	10	27	881.609124914561	
10197	5	17	584.594838630685	
24764	5	47	1483.57681101355	
26294	5	49	1543.97714325412	
24998	5	3	162.175779529929	
13191	4	2	123.257061300453	
16255	2	7	273.754517861528	
22361	7	49	1555.00045405468	
16552	9	16	566.056154596645	
9129	2	24	785.719502263572	
13364	3	24	786.085545823949	
15217	9	7	265.77727557429	
29235	10	25	809.602766413988	
13713	4	6	259.024558150687	
12704	8	37	1202.86614481493	
27891	3	33	1077.04220978405	
15565	6	24	786.747806550352	
18339	7	9	337.24070009647	
21547	8	16	560.908325910991	
25008	5	29	961.451183781704	
28163	1	27	892.794979630408	
16875	8	5	216.892550316124	
16713	1	47	1500.24430028174	
25521	8	4	186.434326221437	
26530	5	7	288.433318831228	
18694	7	26	860.322072385029	
22713	7	5	224.829762682705	
10776	10	20	675.856436209686	
12431	8	19	630.299704629136	
11567	3	12	439.391213971838	
10301	4	41	1296.29714750512	
28771	5	25	818.545863339	
15332	1	25	827.766463061686	
14390	8	27	891.468950552619	
15477	4	7	272.655431643434	
28634	8	43	1379.57907290178	
13426	10	20	683.394772765876	
15619	3	46	1462.52548945254	
27254	3	3	163.345831708678	
19189	7	45	1445.92810545393	
11035	7	46	1468.32318802752	
15241	9	18	607.82630483053	
19944	1	23	758.523653353808	
16019	6	33	1074.01766845678	
16901	5	44	1391.34276417612	
16913	1	6	260.268411049744	
21595	6	30	967.346850376272	
16976	4	39	1262.55640479855	
23885	9	27	870.56969385155	
16492	6	31	1019.37064620637	
13085	8	39	1242.22603375196	
29461	6	33	1075.10934466268	
28339	5	33	1069.20685765762	
28078	10	33	1070.59226663345	
26466	9	34	1099.75990003895	
26380	5	22	744.716574598437	
13644	6	20	684.350538348942	
23695	8	43	1377.14248479211	
25227	7	42	1335.54382442289	
26277	3	28	901.8537071449	
18712	6	47	1498.42729861775	
24169	3	37	1197.89808165184	
20331	3	31	1004.70074942554	
8179	10	5	206.664940624807	
12153	5	34	1089.42235475845	
12644	7	49	1567.53968248495	
19864	8	32	1038.0108125126	
26919	7	48	1518.13381586137	
28770	1	50	1586.36912650725	
23119	7	45	1423.28707191315	
24420	9	13	473.647437018178	
17657	5	28	924.222317097812	
20243	7	6	253.894868387792	
20650	8	21	714.980220457064	
23335	9	34	1093.12799575419	
29019	7	10	364.968674799878	
8518	9	33	1058.36889696232	
13018	1	15	506.226631824964	
27868	8	11	395.091562045315	
19048	4	1	108.164907781484	
17399	7	47	1492.97522200876	
16372	6	16	562.273357884154	
24302	2	44	1405.28674235814	
11866	1	38	1210.92905842277	
11830	7	24	797.16518021988	
14965	6	8	301.18780284244	
11447	9	42	1349.33900568138	
28992	3	43	1357.17419642823	
28352	2	44	1391.70905051367	
27878	9	35	1127.938857045	
12184	1	23	775.228534552841	
10348	10	28	906.252287973767	
24283	3	5	206.981665029648	
14263	8	26	861.492124563778	
24321	7	49	1547.50080683618	
25825	1	9	350.425106375676	
19480	3	37	1203.12555540499	
8051	4	19	631.858712729001	
23437	8	50	1584.59531369833	
17315	5	45	1423.80308169117	
22826	10	25	822.25759853714	
16394	2	32	1049.2130345149	
10821	8	40	1276.1872782913	
14390	8	32	1047.2826219384	
10929	5	18	625.723209188191	
12102	5	11	398.003716654146	
12719	7	28	901.214476274892	
9432	3	12	434.226637200558	
24525	6	50	1577.46427087927	
11933	9	25	814.791225239072	
21996	4	40	1286.34767763612	
11599	3	6	258.123906523978	
27539	5	33	1062.05092274679	
25836	3	41	1307.37891664141	
14544	3	31	1008.87848513614	
27920	1	31	1016.15394073359	
11405	1	44	1392.6113392937	
19415	5	44	1393.77169100278	
8278	5	31	1009.49976040493	
21826	9	26	868.234551916008	
26370	2	8	298.200676803571	
27328	8	40	1280.83661608437	
20070	8	5	206.424765347701	
13238	5	16	538.430269462257	
16304	9	22	728.058537360308	
18188	3	36	1167.39514904441	
19538	3	24	797.240652068165	
17348	10	31	992.402743824014	
13682	9	23	767.479413620885	
11289	6	25	822.70288937851	
14296	10	23	761.843119394892	
27867	5	15	506.510184233314	
26912	2	15	521.631318126633	
17391	2	17	571.288480354142	
29499	10	27	885.907309244344	
25889	9	15	523.762187493854	
9145	6	27	886.086079592857	
15211	5	12	438.004120419735	
23838	8	20	665.205849234576	
21245	9	14	479.161463565734	
22073	8	31	999.973326567548	
23328	9	31	995.11236848082	
11893	3	43	1379.70992554897	
22770	7	19	656.917825274597	
8832	5	45	1441.59117940887	
18742	2	18	597.104628028863	
20013	3	45	1444.20136522697	
16281	6	14	499.602748388239	
13905	4	46	1452.61363942763	
14512	7	18	611.346866102585	
25614	1	16	557.813767081971	
25211	6	44	1409.35386440221	
10236	3	38	1222.35895232407	
11261	10	24	796.360761782322	
27576	4	38	1205.6024048876	
27274	1	35	1141.42098245277	
22911	9	28	922.788269167202	
12025	8	25	817.757008829041	
25749	10	11	399.224084578093	
10113	10	33	1058.32806014378	
27199	9	37	1200.76306458598	
11431	10	48	1508.81173245088	
21320	1	40	1266.74722357967	
10944	3	25	834.761381500755	
15050	6	2	132.948105844179	
17200	6	26	859.837493402808	
20985	9	42	1336.49258839734	
9575	5	17	570.762442392652	
17537	3	14	501.471607397064	
12995	1	16	565.116297642289	
28611	2	5	210.067861140737	
20846	1	32	1034.60721887397	
26147	5	24	808.5658417682	
27919	9	18	610.338296839194	
13506	3	46	1468.26122534846	
13911	5	28	903.08830832275	
25845	9	47	1501.1266905354	
10590	4	36	1149.5069400731	
21552	2	21	696.839090053383	
22360	7	5	210.953909331446	
27267	5	41	1323.19378381744	
19666	10	10	377.637903679925	
15606	1	35	1139.78910439638	
28460	1	6	236.1325475183	
11778	6	9	344.889122296539	
19870	4	29	952.489254992683	
14310	3	27	884.151231909241	
28053	6	41	1325.27055634431	
16291	7	30	965.686075466539	
26120	9	42	1344.48632679157	
14705	1	37	1200.97391832665	
14306	8	3	148.329070763816	
9101	5	2	118.780035841642	
10947	8	38	1206.8777890908	
9605	3	27	878.398398979753	
13779	9	34	1091.16159411667	
29612	10	42	1328.36514490115	
29266	3	18	624.948544048215	
8082	8	18	603.969719430418	
22432	5	20	661.753686006066	
27251	4	26	860.612039631518	
23552	4	29	953.438922834321	
19748	10	50	1598.13114099118	
13786	2	30	967.497341785346	
11720	3	14	481.279004961848	
15821	5	35	1123.206548208	
23950	1	20	680.788022634009	
26081	2	21	692.02065548488	
24750	4	28	928.099536433862	
22143	3	10	382.514096564853	
22895	8	39	1240.29429191737	
15788	1	43	1373.2813290941	
19691	2	4	200.917918775658	
24746	7	7	268.270175246648	
16172	4	42	1335.13427632634	
19055	4	28	903.125160906056	
24921	1	13	449.022628054499	
27781	8	34	1110.61467606137	
16651	7	17	569.872259204216	
16373	8	24	780.458850851496	
9217	10	50	1575.68626149357	
26788	4	1	91.2220320530338	
17283	3	38	1205.07636692611	
22657	6	23	756.985280605492	
18255	8	30	964.142379315636	
27118	9	3	141.738790376922	
9143	6	31	995.827183032328	
27861	6	37	1201.6880526774	
14769	4	42	1331.93989785944	
19471	4	13	457.09963123179	
14549	10	37	1174.7231634216	
24224	6	29	956.178146487185	
17680	2	18	625.537220642686	
8179	10	2	115.085404047317	
11653	10	29	950.341869699928	
10731	4	13	449.754860983116	
11542	3	10	379.50676268875	
15244	4	6	252.291762611033	
23266	1	42	1354.85354255645	
27276	10	25	821.682574088537	
29060	5	9	351.701232358674	
21538	1	7	272.130576424361	
11724	10	14	477.171019910449	
19893	9	20	663.171978901686	
27485	4	4	184.192034874201	
15792	9	45	1427.69258923255	
11847	2	49	1547.41115198816	
22617	9	46	1450.50986059499	
9105	10	46	1471.74351276445	
25883	8	50	1575.2732380737	
12938	6	22	722.138966062171	
10345	10	8	297.750468839775	
21862	8	2	135.076284843998	
17958	9	45	1423.51086857892	
15698	10	20	686.0674245125	
15031	2	26	849.390007578484	
17903	5	42	1348.36255590821	
24390	5	28	921.145860385683	
21195	3	1	83.3549624697095	
20249	9	12	419.540214584926	
18452	2	5	207.379365175673	
18051	10	33	1079.0999699566	
17595	3	29	960.080757625439	
23449	4	16	550.999905202072	
29941	5	24	807.79093314325	
9481	8	10	364.116145430187	
22894	6	25	827.744108451411	
28059	7	3	165.832514728341	
17269	9	28	917.92830554672	
13460	9	30	965.379415343227	
21148	9	18	603.618398217307	
19906	8	7	276.730865443466	
24732	1	42	1355.76113350492	
21037	9	42	1348.18968511568	
23067	5	15	508.757618492822	
22583	2	43	1383.55568506921	
25815	6	38	1214.05101214259	
21347	2	18	621.904388024427	
28011	6	19	652.793245731291	
20830	5	35	1136.44979008308	
8299	10	4	194.327638388764	
21873	9	36	1145.31732243733	
8504	2	42	1329.94453991295	
27818	9	42	1356.66665978574	
9730	3	42	1334.96066516962	
19190	1	29	956.972694581828	
9290	1	28	901.101861643187	
9064	5	24	802.026352063765	
10638	9	32	1029.01797953482	
23237	2	4	180.951862121444	
24177	7	21	701.392305074908	
15839	3	33	1058.36090230307	
23174	1	6	248.936800141324	
13976	6	31	1015.31332797153	
11397	7	21	694.303208912864	
17453	8	27	872.601262402069	
8099	1	28	912.049818798923	
21928	3	48	1526.17111470838	
24487	1	46	1455.38104575844	
18358	7	45	1420.07588944401	
15440	6	20	679.948480781144	
12587	5	46	1461.57863725982	
28635	4	18	612.581555048275	
21668	9	17	586.364097421227	
16963	8	32	1051.65483985639	
18742	2	15	525.408100618705	
13189	6	16	541.989335334855	
21350	4	11	386.886599728319	
13433	8	31	994.7532500861	
25444	9	28	902.511739443295	
25902	2	39	1235.3389954359	
10771	9	24	806.458167883781	
9564	6	9	348.352614654392	
15186	2	16	546.905172386628	
23107	9	8	305.212576196162	
12058	4	20	662.06204273834	
29772	3	42	1349.15543004365	
28456	6	37	1203.41409783969	
20023	6	25	816.039240032453	
19174	10	46	1450.81823856142	
20847	7	33	1063.014283787	
28881	8	1	105.717756387646	
23035	8	22	736.814535193525	
18345	7	25	816.976443425276	
16494	8	9	343.987110268319	
24502	1	36	1145.25749591424	
8032	9	1	107.794065302142	
12791	2	12	420.447805533394	
18571	1	22	733.886476202815	
25172	8	39	1236.15635609075	
29125	9	16	551.505866270282	
8701	1	40	1287.87989743421	
20419	10	23	766.523342265991	
28839	5	25	832.717356287277	
14778	10	16	536.501309301938	
20179	1	9	332.749001128948	
8222	4	18	612.735767389059	
18717	3	25	823.580442491723	
14871	6	11	385.011819929356	
8545	5	27	889.552564550914	
15587	9	14	494.983359246973	
17864	5	17	594.215261914868	
21622	9	44	1407.27310197767	
25914	6	5	206.506240091522	
22497	8	16	545.612866685545	
18482	2	47	1494.93413719113	
29019	7	24	790.008287648674	
24661	2	41	1302.0316277547	
8207	8	24	790.100751775364	
25983	4	2	112.241166174524	
8191	6	35	1123.44583235842	
12850	9	41	1308.63572095923	
20540	10	24	790.131874675924	
11076	5	1	84.5628071970133	
15887	6	12	437.061605657014	
19831	2	19	654.230724393498	
16120	1	24	804.764102066291	
23532	9	44	1395.605111623	
25914	6	8	322.376987152908	
20233	3	47	1506.39734394215	
28541	10	14	497.614035316563	
22202	10	4	201.541529801461	
16942	4	39	1253.0001235255	
16196	5	43	1358.59689399535	
9871	8	12	431.005873173012	
27478	9	49	1547.45909800169	
28371	2	2	119.93482561779	
23710	9	35	1115.63525836712	
12594	4	1	90.4038630846906	
29634	10	50	1572.46357506721	
29868	7	2	129.326275349281	
16357	6	18	605.574987551931	
20110	4	27	898.402277910338	
27666	8	48	1526.48667548154	
10316	1	32	1035.83487931445	
16312	9	16	548.799021872133	
27706	2	8	298.444654409981	
9063	1	18	610.308295102002	
14901	4	9	351.36357673973	
20935	6	13	449.052973077192	
26374	1	12	435.249208265566	
15772	3	11	405.762437547446	
18904	2	38	1230.34705375803	
27680	8	21	701.645310028291	
25597	2	4	192.710523732337	
28033	4	26	842.870145311053	
14458	2	17	577.748022758285	
28162	1	23	761.960535068978	
28247	10	14	475.655750630263	
17434	6	47	1482.27058490844	
18835	8	35	1127.98489906266	
11912	2	25	817.13065576606	
26862	3	17	581.203455338815	
15564	10	14	478.614475987206	
24600	10	13	471.938529234351	
21862	8	10	373.441829445512	
16677	5	29	941.215138389363	
14346	3	2	128.676207982319	
18368	7	43	1375.50036691851	
21657	6	18	598.153768683855	
24091	6	46	1454.99931157334	
27781	8	40	1274.37302928156	
13729	5	40	1291.62776467	
8303	10	25	817.637176708149	
12214	5	50	1582.91489082524	
21499	2	18	597.870844806484	
25730	2	14	490.233443048891	
28942	4	26	863.645199194385	
14828	2	19	648.727927882563	
23924	9	47	1488.26258378488	
21681	10	12	435.786069983517	
14372	2	7	274.455806964289	
23821	6	35	1124.24153488327	
