idEmpleado	idDepartamento	ventas	importe	
29869	10	14	492.652608534625	
25255	10	10	368.085097022394	
10874	6	9	330.436760937067	
15450	10	44	1391.85963535302	
22361	7	32	1036.20872642668	
14263	8	46	1458.17548883063	
11010	2	23	776.444858785926	
15739	7	40	1267.19280462116	
15425	8	5	206.820768884765	
15298	7	42	1339.00115958368	
15874	8	32	1041.12963207119	
25353	8	38	1221.46452088908	
18423	6	33	1066.02422167828	
21963	6	24	780.57155041982	
13770	10	22	737.444654487746	
12552	5	1	103.053095761246	
20837	7	46	1465.72855268872	
13875	8	13	451.26115246269	
18121	9	15	515.690811367562	
23290	10	4	183.25743266533	
26069	10	2	110.462280526041	
14192	5	4	195.075242014171	
18740	6	18	627.050126561453	
29694	2	4	189.855656749502	
27243	9	19	627.970880562426	
27535	3	9	333.44623733938	
25983	4	19	630.855345125708	
20551	1	19	647.314261909255	
13337	1	8	311.419902849672	
22167	4	28	924.104054180954	
15075	1	29	938.017351132826	
22339	7	30	973.718125230501	
26290	5	6	241.134113222889	
17564	2	40	1274.35900058335	
20627	8	9	353.047180489193	
20015	2	26	856.12187164655	
13982	5	12	421.84244145725	
14316	3	48	1510.45661855045	
12881	2	9	352.683112413009	
17306	3	25	824.605345066919	
29400	5	34	1098.49044228834	
21135	10	41	1301.82555594567	
11579	10	32	1031.95903099699	
29082	4	49	1552.6435803774	
21724	6	33	1077.10865357756	
27111	6	47	1478.55946903981	
11804	8	12	431.471805736177	
26750	7	42	1330.94155638057	
18553	9	9	324.248336928081	
19632	2	39	1262.45265471863	
12970	10	17	592.257358186067	
8532	4	22	737.450884588738	
22469	2	8	321.069834530852	
17651	10	18	612.931835787805	
23720	5	20	678.309719319599	
28749	7	10	377.577366520454	
29084	7	42	1341.03497046094	
21069	7	5	220.581104187565	
16945	6	26	843.888754790597	
22713	7	24	782.762489087303	
22590	4	28	907.320143704917	
29934	5	5	209.130596876671	
9404	10	32	1035.77290177148	
26812	5	27	882.716714703812	
26274	6	14	480.983808450859	
10925	10	3	147.411506840685	
9404	10	33	1060.3304076662	
11876	8	44	1391.66522109493	
25901	5	15	507.524369930627	
18425	4	47	1481.3227828412	
29562	5	40	1281.210654304	
17705	8	49	1555.27193413827	
23871	3	4	178.578040049681	
19480	3	40	1291.08546630064	
27497	9	20	684.766990376994	
16465	10	11	408.636724580376	
16790	3	23	763.116211017182	
9928	10	20	674.406546184051	
24561	9	21	712.747003171941	
24648	5	23	749.411411522614	
8510	2	47	1501.9744316032	
29004	10	27	899.91378874514	
12981	4	11	403.065924981174	
15137	1	19	648.96724813104	
19194	3	11	411.846695994887	
12866	1	7	280.566466544087	
14180	9	22	732.64829069965	
9181	10	38	1228.20227743508	
10200	8	20	676.049281263747	
24069	3	50	1575.46981396874	
29670	2	35	1115.08690118561	
27746	3	7	281.261337269685	
9766	5	22	746.567863759849	
25836	3	36	1169.92062332571	
22440	10	48	1517.285201362	
14958	3	30	969.359845411666	
28744	5	9	346.052654174181	
26857	8	5	229.242316293177	
29100	7	36	1151.65977192654	
16492	6	31	1009.69714673688	
24008	3	14	498.229061373616	
25825	1	19	639.806584641247	
9413	3	28	903.417186449942	
23436	5	12	442.925554086885	
21509	2	50	1581.24200041464	
9952	7	19	636.985424047795	
16906	8	19	638.872844539058	
17247	5	19	629.984368230209	
27845	8	48	1528.16484541081	
26544	10	9	349.672994739224	
26400	1	38	1214.46115550327	
19677	7	22	746.62842427689	
15567	7	34	1107.83410101562	
14826	6	4	174.477343267983	
13095	7	27	880.7880574841	
27208	4	1	87.4063549597777	
13715	10	44	1406.0646718955	
18365	7	13	466.805653640444	
20289	5	16	550.870018708925	
14394	2	7	280.417341906772	
24397	6	31	1014.76321614104	
20654	3	45	1432.12813023111	
18104	3	24	795.615939831182	
25758	9	15	532.054555961888	
22302	4	13	446.235881655587	
20182	4	33	1079.94931703431	
10353	2	27	888.704070378423	
17602	3	18	608.657416723975	
15332	1	43	1373.80026493864	
19442	1	41	1315.40714496533	
13080	3	3	142.584070406195	
25602	9	18	613.873894724005	
16888	3	35	1122.74677425751	
23826	6	41	1303.04985643507	
13288	5	9	331.182350148997	
23828	2	29	942.167846961956	
24542	1	50	1596.4966022952	
17455	8	49	1560.14037089429	
28907	6	20	667.725247716403	
21709	3	43	1374.86127194709	
28131	4	39	1241.69362200503	
20150	5	4	182.663922469441	
13922	1	41	1300.03743202427	
15738	7	11	406.376286524523	
14195	9	12	441.008658465468	
29559	5	13	448.458476908718	
23618	9	23	773.42723625406	
11313	8	19	652.090520491866	
11076	5	10	369.132565841606	
14066	1	48	1509.87884640222	
17357	7	36	1163.29517351617	
27738	7	47	1479.24700053374	
10822	3	40	1278.37229758425	
11450	7	29	951.242430019771	
14404	1	50	1594.93393059584	
22130	7	20	666.100931142504	
28635	4	45	1444.19064481006	
21585	4	13	451.362630488054	
20323	7	50	1596.6896724313	
27156	4	17	581.292683380327	
28071	3	42	1348.28135366937	
9966	4	1	110.215427815083	
15564	10	26	856.184103291568	
24467	2	7	292.757700445483	
29763	1	7	287.088924333029	
13845	9	20	680.587260779267	
10065	5	38	1223.88165001938	
12460	5	44	1404.78424458056	
8468	4	45	1443.29499311899	
13970	5	48	1538.62021052214	
29746	3	1	90.9097526645799	
24562	1	45	1445.92430100121	
23962	1	44	1399.08040592404	
25044	5	23	776.008746761833	
17940	8	19	638.723719901742	
27868	8	28	912.099293671595	
17032	5	5	212.090698206839	
21520	2	13	469.239653306659	
8032	9	3	171.04589749642	
19145	5	50	1597.77740474687	
10631	5	11	386.52208078025	
24105	10	8	316.613549886557	
9686	5	8	319.524850882369	
14248	8	46	1463.92141853642	
9822	5	6	232.111971449159	
27133	10	7	263.337069872458	
27469	2	29	935.501597139752	
28340	1	6	251.504344237738	
21637	1	41	1308.11592583922	
14571	8	39	1265.08141900649	
21473	2	34	1097.97720215189	
19980	5	38	1225.13397180714	
8986	9	49	1563.45069846299	
22980	1	3	166.432564336077	
17016	9	1	106.57991827772	
25289	10	38	1211.47819418995	
9538	4	28	926.479819177873	
25578	5	34	1087.27973157879	
14694	8	4	199.287362191494	
20179	1	43	1360.4213976862	
17766	6	25	824.576826889336	
28245	4	30	968.642991673501	
29918	3	24	808.79552737288	
21692	9	12	430.512355319463	
23289	6	47	1498.96909373764	
15546	10	41	1317.37087251496	
11224	6	3	160.166594609696	
10540	3	17	582.36355082242	
25073	5	11	392.518710118029	
24350	5	23	762.834636924246	
19629	10	15	534.010232935664	
26590	2	33	1054.95099150341	
27121	9	10	360.316732991634	
29833	4	50	1598.91226768443	
29730	8	7	274.770602600076	
20106	2	34	1111.66780378282	
16000	7	44	1390.69057693271	
23944	2	31	992.26268475515	
14072	6	2	140.645728996324	
28019	1	1	103.751854460571	
21049	9	42	1345.08566363951	
25825	1	32	1052.37730578164	
23163	10	4	176.668318741335	
27331	4	6	258.213574112492	
18350	9	15	520.643008370252	
23251	9	13	465.775780857436	
29998	6	47	1482.47360253822	
26015	2	41	1312.64784158796	
16726	8	23	749.428828484113	
8682	1	32	1027.2455257118	
15838	7	50	1585.61947449372	
17353	2	22	724.81096662805	
8825	6	9	349.952291115165	
18326	5	11	410.624499810219	
11501	3	26	853.200577857532	
17617	3	31	1017.87908910675	
23249	8	34	1107.81802251368	
22823	5	47	1489.01249556291	
17838	9	49	1564.95232479877	
12157	2	15	514.741098934198	
20065	6	4	183.170475262762	
18793	3	12	433.138046317332	
23243	10	46	1458.98563411971	
19036	3	18	625.281288914979	
23243	10	25	811.071186070829	
22159	7	2	123.026210648486	
20471	5	29	944.817238815509	
29685	10	49	1564.53843077856	
29820	8	47	1491.661961736	
18425	4	17	594.912114494905	
26069	10	45	1420.78761725723	
14164	10	48	1534.21713442272	
19555	2	32	1026.63400258247	
27794	5	4	175.535507730923	
20524	8	1	95.3357340466863	
15554	7	43	1372.19952110769	
26980	10	27	871.974672932166	
20726	1	19	630.581953260387	
26895	9	48	1509.86934694921	
9756	10	34	1113.19331288021	
12296	5	45	1434.89726997674	
17057	10	13	447.518753021731	
27907	1	45	1432.93472233831	
23694	4	30	965.273184406233	
14971	3	23	777.215162430525	
26380	5	44	1409.19926630761	
10062	5	24	784.998700388241	
8511	8	49	1549.69223318142	
23149	9	25	825.711689826898	
17634	3	26	856.891513493327	
24081	6	1	83.8497812691377	
27002	2	47	1501.67808136981	
9149	10	32	1027.31035995638	
25184	2	38	1225.90463006213	
27583	2	48	1520.58137919781	
18239	1	30	991.947617322182	
12210	6	37	1193.39167166194	
21489	1	36	1151.38702982636	
10133	9	32	1047.14238804166	
21335	1	14	477.616797721766	
29698	4	35	1120.95854204193	
22781	7	48	1517.93517175966	
27800	6	45	1420.98587985196	
16599	6	6	234.516713989208	
27308	1	38	1206.45790845456	
16075	3	2	131.402340070998	
27661	3	41	1298.17696404558	
18730	5	6	254.416783384242	
19100	5	11	395.288765763533	
12153	5	33	1081.00105674984	
15538	8	5	225.904416174583	
27583	2	16	557.23606925329	
19202	2	50	1579.14314861369	
8848	2	15	531.759011918567	
26574	10	20	679.843828957455	
20340	6	42	1335.65172224103	
24422	2	18	600.203323979025	
15332	1	17	573.712449713476	
25555	10	46	1448.06612648445	
19864	8	31	1001.87191976321	
13506	3	29	938.027510260245	
21601	9	31	995.125005634094	
19462	9	25	818.826740951662	
15689	4	21	714.770448242673	
13135	7	17	591.062333225767	
27542	5	48	1519.10953588742	
28033	4	17	586.906774466348	
14383	3	44	1400.72937252034	
20588	7	6	254.954128533115	
21028	4	21	703.388116724504	
14484	7	6	258.807849445756	
16616	2	41	1320.58764310581	
28062	10	37	1183.43956521872	
29521	10	34	1112.25254922744	
24885	6	50	1592.23477083828	
19396	1	48	1516.96209821709	
16786	1	18	626.532873169767	
14910	1	40	1278.4180083491	
10272	1	43	1358.81527595167	
23151	3	22	725.812822359527	
16360	5	4	191.02230226203	
13403	3	18	610.581917003999	
23714	6	38	1234.40346741788	
24285	8	42	1344.71063307706	
18567	2	21	710.987097318744	
8615	10	35	1126.61371201585	
21538	1	48	1522.53493275611	
8654	3	17	575.551348037809	
23884	10	18	626.060801104671	
21137	9	7	264.929656956778	
16804	2	13	471.744293343157	
8761	2	21	699.679221948459	
29395	1	41	1303.3209033419	
23967	10	2	125.270468278448	
29268	10	35	1139.58928746152	
11101	7	5	205.833536407833	
12407	5	23	779.108430807995	
25868	7	24	786.215431609291	
28613	7	39	1243.45438076344	
14518	10	40	1287.34837256714	
24799	1	36	1144.49556560465	
25326	7	47	1497.44759152525	
16069	9	50	1599.46265485113	
26658	8	40	1291.90064903903	
16060	9	28	902.193207304083	
26724	4	14	505.316773068773	
25344	1	30	973.796504034566	
8247	6	16	546.89059938625	
17890	6	16	539.524241080286	
18486	4	23	762.881730740369	
17112	10	24	789.118849071264	
15440	6	28	921.785315629926	
24064	5	25	814.897173761808	
28230	1	24	802.253304124928	
8317	5	27	890.849617501185	
26808	4	11	407.445593256245	
12630	7	43	1360.72153821621	
20757	5	33	1074.1161078746	
22630	7	1	83.7833509239291	
19241	9	33	1064.44862120992	
25693	6	50	1596.57460313131	
20584	5	1	91.3554264285394	
27824	10	26	854.668571415669	
11950	5	50	1590.02447157634	
27156	4	8	311.643823381347	
11222	6	36	1159.1286274973	
10177	7	1	97.2667397639094	
27917	1	35	1138.16909694028	
29815	7	50	1572.66326176592	
24136	4	46	1466.40123443045	
20496	8	25	817.853667409091	
19269	6	45	1440.31744156048	
27627	1	2	114.963627585659	
23187	2	3	151.466903384527	
12239	8	37	1181.31725675488	
15877	9	8	293.574710736784	
18865	9	18	611.119262152873	
13916	10	49	1542.50281837885	
27587	4	15	522.517425772975	
14906	3	7	285.670324249971	
11862	7	6	232.817207981282	
11204	7	33	1055.64433336986	
13358	9	2	116.027106957523	
25504	10	46	1463.1790703643	
13704	8	33	1075.81080788551	
28571	1	36	1149.95897771323	
25440	5	47	1484.78204818665	
28629	9	17	581.067599216973	
29571	7	25	834.420850777263	
22516	9	25	812.143694205277	
23047	3	13	445.111998191621	
27713	2	41	1304.99232293339	
26980	10	24	782.432080685362	
23828	2	6	259.005759553521	
26938	3	40	1290.77376943583	
26090	1	35	1133.14013917611	
10279	7	22	722.779020109577	
26731	9	1	89.4381832747898	
13524	10	33	1060.25682565768	
26168	3	42	1343.06457980679	
18684	5	14	488.050033304864	
10371	7	45	1435.62740709429	
16238	9	17	574.227337620327	
15065	3	20	673.123006649838	
11273	1	49	1545.02806333128	
11264	8	29	948.801407510788	
26842	1	27	886.821688044267	
25995	4	22	743.430270377281	
23044	2	38	1220.93604737005	
19064	5	20	677.274906764401	
16504	2	44	1396.32633110337	
26428	1	45	1418.21871983736	
20215	4	19	631.598682101629	
21377	2	44	1398.11302667396	
17357	7	28	911.631413228638	
21168	9	18	620.930269761444	
13591	2	50	1575.32831947102	
14910	1	30	991.489501051367	
19910	1	17	594.213663690823	
11127	9	23	761.684845668117	
27846	4	40	1274.34657931065	
11595	3	35	1116.19914054694	
9014	3	10	383.748246163013	
19870	4	26	840.519567560647	
28851	3	34	1101.28923623883	
10814	9	34	1112.8613444757	
8485	3	22	737.885360875114	
29535	4	46	1455.95786803214	
19641	9	13	460.693133948694	
17571	3	2	128.177117578768	
28191	5	36	1170.79569062721	
14698	9	18	601.681078878083	
12180	7	16	562.245992721173	
23040	8	24	779.452845966189	
9859	3	44	1397.62029094511	
13252	1	11	397.189800886991	
20383	2	16	561.416995749537	
10708	6	32	1042.90410030768	
24225	10	48	1518.15100703302	
12595	7	5	207.009400374726	
18567	2	9	343.137289668963	
19545	7	25	821.35177780937	
28607	5	29	960.131551846923	
25647	6	6	237.145944012863	
9962	5	31	1015.8173631019	
25520	10	18	626.893278354264	
11838	5	23	753.393640831762	
27575	2	30	984.319054011404	
27628	9	29	947.374346324883	
9662	5	23	749.843499674389	
23187	2	36	1157.81181970509	
11353	7	42	1331.28951905821	
10465	7	34	1095.22451958397	
21335	1	10	378.571979989564	
25008	5	3	148.718000496141	
8523	1	30	971.850892757928	
8747	4	35	1131.87916093128	
20039	7	42	1333.70777005968	
29436	7	36	1171.83377041101	
15636	4	15	512.166718855578	
12713	9	7	290.916046635674	
23465	8	32	1030.86382001213	
26792	1	10	362.737136428588	
18605	2	36	1172.75892979128	
27485	4	34	1106.47921613719	
14766	10	27	874.64525222529	
24102	10	29	935.972727116185	
17344	1	46	1452.14583613544	
20291	9	1	80.4927357288509	
13803	3	17	594.441612341647	
28554	8	2	139.513274011907	
11219	5	18	612.424219163332	
22748	8	33	1073.33849401834	
19742	4	13	467.204263316097	
22060	1	14	498.547555999154	
27536	1	15	532.994801501275	
15357	6	6	236.067588700013	
19691	2	5	226.60230215015	
25548	3	45	1424.70220445874	
27195	6	16	554.395957884563	
21985	10	12	439.467703643938	
25508	8	42	1353.56630686371	
26518	5	17	588.583521707255	
23387	6	41	1310.8496342743	
10015	6	17	570.365297873675	
13290	8	45	1439.506171569	
13445	3	34	1106.45655929412	
16261	9	7	263.674012731609	
20847	7	21	710.734845470048	
19610	4	15	505.76939818718	
8097	1	26	865.310639955714	
19064	5	25	827.709225689857	
26045	8	46	1471.07032989667	
17568	2	34	1085.98428817745	
29526	6	48	1516.09335373905	
8910	5	28	912.273469656833	
25032	4	16	538.614641380783	
21978	8	44	1387.37262205564	
23104	10	22	730.66672787567	
18377	7	5	221.172110876614	
21253	6	40	1290.92055123808	
9262	6	28	901.247804696321	
24422	2	30	983.826318282553	
29794	4	12	432.932733983236	
23956	8	21	690.330225662482	
12922	4	18	625.387600541761	
16698	8	9	337.951025039866	
23239	9	21	708.02025626787	
17213	9	47	1480.02442399041	
23396	8	38	1215.72319899487	
21467	7	25	815.783304057914	
20237	10	30	985.276858781128	
21140	8	48	1509.00556560094	
9560	9	21	697.437812526449	
24902	5	3	152.699015211639	
13388	3	16	537.349739771965	
23371	4	15	522.280298304875	
10658	9	19	651.887502154283	
17104	7	20	682.393631917608	
20627	8	40	1266.97304456819	
9793	6	43	1368.18869293117	
24975	9	23	752.298714384576	
16434	1	25	821.410990665393	
12385	5	37	1174.72333754167	
20924	1	42	1329.13097238593	
19751	4	28	911.80404832205	
20243	7	22	741.35388926666	
29934	5	50	1587.3542058409	
18827	2	16	551.110909577045	
8065	6	37	1186.27408634232	
19092	9	50	1594.38016012049	
12069	6	13	448.694966644372	
14156	9	34	1095.93557427448	
18249	1	40	1283.53009358213	
11888	2	26	863.475406646484	
18562	3	35	1138.21989894762	
21118	3	13	449.739988581156	
12594	4	6	235.650787724019	
13391	4	21	700.519408611823	
20511	10	49	1544.97769733191	
8534	7	37	1181.55514652913	
8993	8	14	478.436303026246	
26107	4	10	383.649588741199	
15120	8	34	1095.01164647518	
14916	2	40	1289.98609412927	
11654	7	47	1480.03378117459	
27917	1	28	918.703660088919	
14032	6	26	853.632517370224	
16381	2	31	1013.28527296581	
12522	1	33	1058.74361396709	
12018	3	13	469.993171351959	
8219	4	47	1486.7271392265	
26400	1	24	784.978990138033	
10457	5	33	1063.69368330748	
16458	5	13	452.983417945441	
18730	5	18	618.621836853503	
9957	4	3	159.836814030929	
9793	6	44	1409.10298074088	
27250	9	21	703.801761597303	
26721	7	43	1378.52617734043	
16754	8	47	1484.0337112751	
26222	6	9	350.596819198968	
11462	6	6	236.909346690825	
20561	8	10	373.750337648089	
8902	8	38	1221.34303887437	
19834	4	13	447.088337413542	
21186	10	47	1489.34128450665	
13786	2	8	305.47547201881	
10135	2	45	1433.96240587996	
22362	7	18	614.479116264023	
9102	8	3	167.609751190808	
16772	8	10	366.629510580855	
26412	9	49	1551.36809354246	
28481	10	22	737.415934585694	
13309	10	3	165.417898039062	
18632	7	30	969.752389904928	
22026	7	13	448.649125643377	
14056	9	41	1326.39934419021	
21603	6	47	1484.73724341241	
14346	3	46	1449.09719121135	
15380	9	50	1593.10038823313	
25614	1	47	1487.72137189644	
10665	2	19	654.068932875092	
22911	9	34	1092.36729560996	
23932	1	24	796.280914990362	
13335	7	4	187.653020893993	
14647	1	39	1263.71597650634	
26029	9	2	112.241890967005	
22890	7	28	910.546675636688	
9933	5	9	324.853569792981	
26590	2	33	1058.38308491669	
21944	2	19	640.637007840274	
28067	4	35	1131.84902612672	
10644	6	28	921.99323127139	
23552	4	3	140.943986056812	
11602	10	28	910.958327330164	
10565	6	8	321.526956335421	
25847	6	1	89.8992510931097	
22565	10	46	1473.66860760081	
17676	8	28	922.897756715723	
23714	6	50	1590.69249666794	
24891	7	21	693.228188070109	
23740	2	31	1019.67011149026	
28720	9	14	478.806156701784	
9827	3	30	971.133862776278	
28744	5	4	183.363660771103	
14489	3	48	1535.35904568404	
16852	1	2	127.563055552339	
10402	1	30	978.275785268413	
17477	1	34	1083.23102804051	
16360	5	6	249.972711210126	
18318	10	12	433.437469840719	
20324	10	48	1524.36573732848	
18439	2	26	854.704570385956	
21689	2	43	1385.4257891073	
28122	5	50	1596.31233937867	
8578	5	41	1296.52788632388	
27097	5	22	744.542051080867	
16910	6	37	1177.46942265773	
12460	5	35	1113.69001798038	
23424	5	24	783.372360907203	
8108	1	46	1457.09939353964	
24723	3	31	994.928796382122	
17758	5	37	1189.10883608698	
26573	5	36	1156.09603134733	
28728	1	35	1126.97274335053	
29901	4	25	834.780484454138	
23774	7	21	709.37486227107	
26513	9	20	676.471948528882	
26686	4	26	854.459570708899	
25565	4	22	728.225433569506	
13749	7	12	438.749874550267	
20442	3	46	1452.7307365894	
22469	2	19	641.839486696683	
25593	9	46	1458.40469454341	
27382	8	30	979.872200163022	
23727	7	16	548.051260406175	
19398	7	6	255.262776173308	
10498	9	4	201.23343283368	
8337	4	21	692.917254219259	
9121	1	6	252.293975209954	
9854	6	38	1216.152920954	
21001	2	22	733.966105698592	
16582	4	45	1427.31564759617	
19507	7	3	154.880858582855	
22161	6	21	704.945615075969	
26364	5	21	716.271270511798	
21178	6	10	357.144455740761	
14128	10	35	1136.56744216409	
16227	1	3	144.631646678146	
24757	5	38	1214.43044100629	
22066	2	37	1176.98490525455	
8196	7	15	512.429828435383	
26391	7	12	439.978589620431	
21328	4	5	219.52539580852	
12851	8	5	213.593103128296	
24001	8	41	1298.29939168799	
29815	7	45	1430.56127540328	
20595	7	28	922.710125354449	
26475	3	45	1444.16111942574	
12113	3	29	948.583176316965	
18130	2	28	905.984183412969	
16413	4	32	1051.09110702346	
21725	8	5	203.816214559514	
8632	3	12	435.005594471006	
28481	10	44	1411.22283665986	
17016	9	17	580.70673325132	
28068	2	30	962.526250631793	
11238	2	31	996.299875842547	
28881	8	14	485.553588944279	
21784	7	35	1128.26107897249	
21777	3	35	1121.26511015057	
9713	6	18	623.308618247187	
19995	1	16	564.552168438468	
20893	1	29	941.396042770425	
29706	3	36	1167.2194399532	
27942	7	24	803.133287841051	
22131	6	36	1167.61314878595	
11248	2	35	1114.22797750413	
8131	2	15	531.150416271365	
19311	7	14	490.701472838736	
28860	4	16	557.636028713377	
24995	4	36	1172.80742010698	
20899	2	18	611.840301850736	
9582	1	39	1240.02912970261	
20464	8	36	1151.24052831495	
9063	1	48	1526.32004611488	
23556	5	34	1092.75214696897	
21393	6	14	502.314090888162	
14537	6	41	1324.81159141511	
11303	1	40	1281.57280847503	
19987	8	21	717.489985002899	
8476	2	29	932.552650818859	
19363	2	10	357.072313407935	
16345	5	42	1344.33407790229	
26394	9	29	946.309791796985	
15761	3	6	245.061813930544	
20545	10	18	610.149891139078	
11486	2	33	1072.31005312517	
11291	6	9	343.658021922995	
26258	9	5	204.238881824649	
13068	1	42	1353.74501988	
12372	5	29	960.844579898214	
17437	9	22	731.01385321981	
14029	4	18	616.370567705655	
16410	6	4	173.165330855718	
27584	2	19	633.676287007367	
27485	4	49	1547.87765999691	
28907	6	34	1098.58254685001	
26411	4	19	652.305955855318	
16371	8	31	1010.45981528725	
29431	10	5	210.68624290204	
15671	10	11	396.333297899148	
11155	1	13	471.559709083084	
22770	7	32	1033.45964658701	
16634	6	13	470.947147603588	
16215	9	42	1333.17676330599	
22967	9	15	519.25080517272	
18712	6	16	563.787084856903	
20963	1	27	883.765066156054	
19926	6	47	1484.90279054498	
24358	3	34	1087.95458628235	
11373	4	16	540.212159743631	
24805	3	40	1271.48828442743	
11035	7	24	803.980780469245	
11079	4	14	490.771093969592	
13095	7	7	268.71245933171	
28527	2	9	346.236304839252	
8956	1	25	820.218090536174	
13526	7	50	1595.08625097344	
14484	7	31	1002.15762602266	
16431	4	7	272.983396701973	
21132	3	4	175.303095660779	
22230	6	26	850.569955581133	
16870	8	11	406.911534446716	
27651	3	22	736.956452958731	
15280	5	37	1196.79144881516	
9843	9	15	521.793566887171	
29082	4	50	1595.46973414508	
9335	5	36	1146.86379884689	
24496	4	18	597.564241307585	
13122	5	50	1578.44238611797	
18726	10	50	1594.16960011896	
23921	3	46	1450.00813503284	
21558	1	11	394.351776127867	
11407	8	36	1150.886565573	
25274	2	11	401.156687103751	
22085	8	16	540.992941735775	
29526	6	28	923.612666820927	
14146	8	29	953.386930298706	
17286	7	38	1213.133028491	
27739	1	41	1325.81100875782	
28244	7	2	126.362806282175	
11270	3	7	268.544986969114	
12933	4	13	458.75523137802	
8827	1	21	716.284295542298	
29081	8	27	893.532860136373	
16786	1	40	1289.35629547078	
26792	1	48	1527.03307275057	
9487	8	5	205.599473736062	
8540	5	47	1504.45287152401	
20981	10	10	367.439982168116	
28607	5	24	807.65956946074	
19715	7	34	1103.49629587657	
13100	6	39	1250.14832983266	
11094	10	25	817.476418585273	
11653	10	2	115.38314724126	
18661	2	36	1145.76334231802	
9612	4	3	144.648174636368	
13205	4	10	376.503193628277	
22644	1	27	874.155698788425	
9441	7	27	891.383196418818	
9295	2	15	523.781071027639	
13188	10	31	1016.92328601001	
26712	6	10	366.20082484847	
19743	2	47	1506.46040442701	
27216	4	34	1093.78498616339	
24951	10	21	690.204024710788	
9495	2	29	957.136508299567	
27587	4	39	1253.09421489625	
26202	10	3	169.614406865842	
14104	9	42	1327.71951759594	
22130	7	32	1022.62363801832	
24440	1	46	1466.83116023747	
21826	9	13	461.953222482443	
17001	9	40	1276.34661726483	
28407	6	5	226.620590419798	
29292	10	47	1506.75810869167	
20566	5	13	471.814724203113	
13260	2	40	1290.62723890442	
13211	8	45	1443.42359282236	
9928	10	47	1507.43515334438	
18880	5	17	594.760494136606	
27497	9	46	1469.87026040902	
26646	3	39	1242.41092732288	
26677	7	8	310.124259139469	
11222	6	26	850.78281665723	
29337	9	17	570.673304242395	
27481	5	7	279.859805200184	
22371	3	37	1176.87535754259	
23427	10	35	1115.50341833173	
19954	7	26	855.393344785736	
9063	1	14	476.344767099407	
16641	7	18	627.10947319265	
25729	10	3	159.231231510281	
12599	7	11	401.749832072179	
10184	6	27	882.029937730185	
26421	10	21	709.439520272165	
13793	6	47	1502.34416212064	
27237	2	16	552.294826951015	
22596	5	38	1222.49930937891	
13434	9	7	283.328835425586	
16745	1	11	412.219787171213	
13148	8	10	353.938857854315	
9856	1	2	115.98506687022	
8573	1	6	256.733353928073	
26938	3	29	944.816344149791	
11677	4	29	940.828409223272	
17945	8	22	721.543073394123	
15830	7	50	1573.80171256783	
23119	7	20	670.855828165475	
19795	4	5	208.625038549595	
9662	5	23	753.948618114902	
26236	7	13	454.02093573195	
21860	5	15	533.079600805919	
23664	3	30	966.720545444042	
29100	7	10	376.622702282212	
24064	5	19	653.91081061862	
26097	4	43	1374.51235868713	
9813	1	2	136.076565709001	
9328	4	22	735.677587769775	
9705	10	18	603.111681920994	
13669	8	14	490.344219510604	
12097	7	43	1380.26115075697	
13782	8	5	217.590796564515	
13823	10	28	914.221062080106	
28491	9	29	931.374750496528	
22963	10	14	475.514164825675	
21571	10	44	1387.59992872719	
11203	2	2	140.203390410265	
18350	9	13	474.31667953465	
28777	1	35	1117.18107014763	
23817	2	1	84.4139465710213	
22810	3	48	1519.5198972521	
24136	4	3	148.127929525509	
12001	4	39	1240.09475739677	
28907	6	37	1175.21536617317	
12653	9	8	320.82163628229	
15759	8	45	1433.8851935388	
9669	3	33	1065.67757339481	
29941	5	30	965.307914989678	
24520	1	48	1509.95440743396	
16939	4	46	1449.13023084827	
27145	8	8	306.058092632358	
18046	6	17	586.019529377119	
19573	7	30	986.87837978214	
12537	4	4	181.444726670834	
14098	9	1	102.323831367457	
10242	6	4	174.02987238673	
9966	4	24	792.510686066239	
9129	2	1	105.127129789967	
10188	1	8	308.119127111565	
27116	7	29	934.92716158504	
17182	4	45	1446.26759641164	
19661	1	44	1416.61723918124	
21245	9	21	699.387627457915	
18827	2	44	1392.98461591498	
17644	2	19	631.95863641424	
22588	10	5	216.3480612898	
23288	6	24	801.764004790114	
23352	1	28	925.358603431544	
24555	6	16	549.302179324116	
21725	8	36	1153.22848049608	
16092	6	20	661.339682983858	
11501	3	37	1179.48503303318	
9710	10	36	1153.67475801784	
11248	2	5	204.211091978574	
12626	9	25	834.428720862804	
29177	2	11	385.89300620644	
13129	6	27	892.984843409148	
14349	5	44	1391.50517927087	
17308	6	2	135.801065999922	
19906	8	25	820.025617079821	
22577	3	11	388.834785292314	
20257	7	23	770.768650719323	
21425	3	25	825.723180335817	
18221	2	23	753.981451072721	
14471	10	7	264.286126878246	
25269	4	27	874.241621379853	
22936	10	25	830.712416782376	
13916	10	25	812.776335409273	
29464	2	28	909.050919129071	
10242	6	10	381.484292438945	
11213	4	20	675.089242660948	
28981	2	2	115.076260620298	
28732	2	6	246.197552423085	
20723	4	6	262.253908562592	
12055	5	6	238.146350159378	
29621	6	4	182.902658070858	
18517	5	32	1048.74030206759	
8039	8	45	1447.11014148179	
25002	1	18	623.25672975893	
20837	7	4	184.47357499249	
23424	5	21	712.121188748684	
26369	5	5	220.318969963267	
10185	1	14	496.005735665562	
27849	1	12	436.725926937873	
18083	4	26	867.790547864414	
15065	3	22	726.573059599182	
12091	6	32	1032.34477135928	
11701	2	26	862.667287803566	
11846	7	29	947.016005808029	
25195	5	41	1316.43082516102	
27323	8	27	881.045028977583	
17717	8	31	1001.00550679537	
28878	7	49	1569.32606379004	
13911	5	34	1088.09351003174	
19916	9	18	626.092376292726	
12825	10	23	755.498945692321	
24077	9	20	670.894058845422	
23543	10	49	1545.40617638519	
23572	10	38	1208.69848903674	
13501	6	43	1357.71701503439	
14133	4	30	985.635644507425	
20830	5	50	1588.98766938084	
24639	3	1	96.3076843024733	
17420	7	6	247.817886885171	
17308	6	16	558.139237835137	
25614	1	18	626.26342236356	
26236	7	31	1013.28748061009	
8946	2	30	971.420849455251	
14248	8	49	1566.0647418192	
14858	3	22	731.526062791946	
9537	3	29	937.152704138845	
10321	4	32	1045.87470192736	
8427	9	26	848.248449511942	
24705	4	49	1551.32749100743	
10146	3	4	187.904428331137	
15766	6	6	248.515815329047	
29361	4	10	354.76291505376	
8390	3	13	468.997253397944	
29484	10	47	1486.19090320831	
29423	4	35	1137.71306727906	
8734	5	45	1441.89685002058	
23547	10	49	1568.04512897881	
24664	4	46	1465.76032960124	
8504	2	37	1192.62009396805	
13129	6	34	1100.43926346136	
24885	6	40	1274.08373586558	
21554	3	3	145.750196830253	
19862	2	23	758.104042391341	
17154	6	39	1236.16153226987	
23644	2	33	1082.64740446706	
19465	6	34	1112.00859922544	
23249	8	34	1103.3341256824	
11276	4	8	318.411652445054	
28665	2	26	865.539714724542	
20899	2	24	798.837930485065	
22307	8	22	723.133519367843	
11395	3	5	204.011285660794	
12325	8	9	328.187848780392	
17096	2	47	1478.58668910274	
16050	9	8	321.527125500854	
18712	6	41	1313.28557898909	
26243	2	3	140.923921904026	
25461	3	27	896.60254598437	
17024	10	8	295.489943016083	
14508	2	13	459.278121022171	
17555	8	45	1435.17032705023	
18304	3	6	232.757057283426	
26431	10	1	97.9985727826127	
25389	3	30	980.189081700607	
9621	9	13	457.576560963679	
14971	3	14	480.736030638561	
28463	3	7	281.896805447478	
25892	10	2	139.215273176886	
21143	7	3	150.985421757673	
21106	1	48	1515.82016501381	
21630	5	31	1017.59051552861	
24615	10	5	203.227339779598	
9549	7	14	503.687590334419	
14300	4	22	747.378623423809	
13976	6	27	884.055501969557	
10657	6	16	560.513225533307	
9145	6	9	335.18343821875	
25599	6	42	1335.25931718538	
17712	4	16	563.417337352139	
29400	5	38	1219.51746356651	
12386	5	45	1433.81857845644	
23227	2	24	807.463049482304	
9975	2	50	1582.7087347874	
12843	2	25	832.489560522367	
26409	3	33	1064.77090896329	
24527	8	2	124.504529668253	
26213	1	1	106.575066273368	
13878	8	17	590.410564295207	
20450	7	39	1244.66377770745	
11094	10	45	1424.42748828997	
18361	4	43	1380.97292811655	
25070	8	23	751.44258299444	
15905	1	39	1250.27038658516	
29278	10	25	813.341972945883	
27942	7	39	1265.26893641114	
10012	10	35	1121.32667858215	
18082	4	2	127.751624047641	
10664	8	43	1377.91496069073	
21684	7	26	858.584971306187	
26603	1	20	681.911373828496	
21312	9	28	910.111793777957	
25197	7	32	1044.11885250552	
8102	2	6	247.426230687381	
22395	8	29	949.719549710732	
21818	10	43	1381.24741495645	
24661	2	18	599.906179588244	
22427	4	41	1300.32369532637	
26087	3	37	1180.80922535658	
29694	2	20	674.53118713318	
14706	10	43	1361.01389996755	
25320	4	33	1058.10214077034	
8518	9	11	405.664604718641	
23223	5	11	413.185208632231	
24792	4	20	675.972479449572	
24520	1	18	625.459542565727	
24600	10	21	707.707277567921	
16358	10	6	250.048322496027	
17114	4	26	865.509012260246	
26612	6	48	1515.41817273731	
24995	4	11	413.072031295426	
18850	4	13	454.160964365192	
28250	6	40	1291.48624115227	
22376	6	14	494.551495469432	
17136	5	9	326.5579334677	
18522	8	5	214.84723689726	
9328	4	9	346.147932534175	
28760	7	16	552.956953194438	
27875	5	40	1290.34561738854	
24487	1	33	1082.10968701267	
12470	9	43	1362.7288233874	
18748	6	15	512.761601485667	
29708	4	16	557.268477528015	
12833	3	16	556.674345879198	
13588	1	47	1481.50596352364	
29034	7	11	389.405669788553	
29529	10	13	469.699725950928	
10440	2	19	640.036818794923	
21049	9	21	712.989185076668	
11746	2	32	1051.24214556592	
13496	3	16	544.86472937505	
26365	3	12	424.180834341878	
13887	2	15	525.765840916785	
20303	3	48	1515.87937716203	
26218	8	47	1483.64987773991	
19545	7	13	446.325347519631	
22730	6	33	1055.30832339791	
27846	4	12	418.257374362209	
27706	2	19	654.297907135588	
12284	9	7	267.882430380156	
25011	2	19	637.561658843216	
16701	8	29	951.278356086127	
14778	10	26	862.242611787395	
8024	6	46	1462.49678795342	
28694	3	15	525.51294001076	
27195	6	8	307.750409463304	
11757	3	38	1218.62555262569	
10565	6	19	629.567357036084	
10773	2	48	1520.86829721968	
23152	6	25	814.872312813472	
23454	10	35	1115.09948242228	
25362	10	2	126.949226393806	
14884	10	1	89.9780779378387	
19532	7	4	178.699538343912	
28600	7	28	911.802363745776	
19800	8	28	928.25229848188	
18581	3	17	580.833663242326	
14598	7	46	1448.99025883944	
28668	5	15	531.679245108589	
18221	2	10	366.566809661019	
22767	3	6	235.759816614799	
13359	3	3	147.670458772998	
24307	2	35	1137.05913741936	
13822	5	44	1414.26686669433	
25602	9	32	1050.55344336226	
29084	7	50	1588.89119695355	
16927	4	48	1528.39512344841	
16120	1	43	1375.60686399024	
22360	7	18	610.901617729525	
8048	8	47	1480.23258594807	
17609	7	23	759.538913499349	
15355	3	48	1527.89055817197	
16726	8	47	1498.65904605885	
11345	3	34	1102.46318700838	
9311	3	15	524.548028169455	
20489	4	14	491.450467301277	
8682	1	39	1250.51898969827	
28725	8	21	694.771689574594	
24842	3	2	111.161405868438	
22891	3	39	1253.75555406034	
22108	1	23	770.780117162867	
10483	6	45	1440.13236891484	
28114	4	22	719.168521575242	
27058	3	47	1498.1168722632	
16404	4	48	1536.14266314364	
17408	7	14	497.915502981243	
28240	10	11	414.20275640404	
9241	6	12	427.066302572874	
12522	1	20	684.077013416252	
16371	8	19	635.397579258027	
22581	9	46	1465.49168427731	
13043	1	38	1206.31806455847	
29833	4	47	1486.57812925362	
28505	6	10	367.731097474569	
23339	7	2	112.122613765356	
21673	2	17	569.891200070219	
21222	1	44	1414.21921866677	
19199	10	32	1047.97574509307	
24089	8	14	491.943344591159	
9486	3	16	536.621743057213	
12945	9	10	379.355286014897	
14420	6	45	1443.01868863544	
28710	3	1	98.6657393065587	
22873	5	2	120.635711271612	
22167	4	2	135.333399314123	
15101	1	37	1187.20892425031	
12877	6	5	228.290180334956	
16913	1	17	587.514890929458	
28990	10	39	1254.15151017446	
18629	9	14	500.351896444499	
26204	1	40	1277.73330878361	
23142	9	47	1486.06197366773	
13173	4	45	1417.828852971	
27156	4	27	877.923691048251	
23080	10	37	1195.78669249815	
16732	9	11	395.627447699954	
8538	4	32	1028.50193719776	
24961	3	39	1238.94226515616	
17980	3	46	1478.12420355069	
20188	8	19	632.637940381019	
25800	3	39	1254.68844054951	
9537	3	37	1181.32882087553	
23204	4	23	771.529850573991	
15693	8	50	1575.5040384715	
15244	4	1	94.7409016707637	
29526	6	36	1153.22084894088	
21689	2	2	121.312428918347	
26771	2	38	1210.92794858428	
27280	4	33	1070.34057324302	
10532	5	49	1554.65682809924	
13823	10	20	677.231248634509	
17775	9	7	282.543244605206	
23452	5	7	282.828344983434	
10213	6	37	1174.53966281123	
20868	10	29	954.40026804544	
13688	5	28	927.761428527423	
10929	5	45	1421.46662960829	
9113	3	20	678.532810303631	
16931	7	45	1442.78347294907	
27379	5	12	428.933738893333	
26370	2	9	349.625322646287	
23374	10	45	1426.68786547458	
13385	5	23	772.914792398417	
13246	10	7	263.725116971752	
28638	9	29	957.664270474419	
12544	9	50	1579.42971060957	
8558	10	44	1388.48921158746	
18517	5	21	688.654438205368	
27815	10	23	771.944404976417	
22259	7	41	1316.4951660654	
9859	3	35	1141.38926287246	
27403	4	6	255.276953510603	
21377	2	36	1169.85154154238	
24413	9	46	1459.30540421014	
9683	8	27	881.933302507705	
20232	6	24	798.026465139364	
8116	5	23	751.488838061452	
10906	7	2	123.161700835061	
28306	10	1	105.894809600848	
19199	10	17	582.112550373242	
13659	1	36	1145.89649533196	
27441	7	18	617.362231750676	
19035	6	35	1117.17431768643	
29029	7	41	1299.49468207522	
20184	3	45	1423.12064780999	
25160	5	33	1075.1900641784	
17105	9	40	1283.2336286843	
25293	3	9	323.28919015978	
22090	3	48	1523.52342300281	
14040	7	9	348.02526397073	
13880	1	17	574.160818091668	
25621	2	12	429.969126894124	
23065	7	44	1396.15879220709	
8760	2	35	1129.19046465735	
19641	9	10	363.012617734732	
21985	10	45	1428.00057507493	
17410	3	14	488.414028477117	
29871	9	17	587.804733602239	
22915	2	21	697.839767997079	
14006	5	2	115.311191061191	
11937	1	43	1364.73163735342	
21312	9	32	1032.65799071298	
11070	7	15	518.983543607864	
18232	6	42	1353.84540717762	
16373	8	14	493.267565226773	
11752	2	14	501.954295123906	
21489	1	21	712.691703062827	
22588	10	12	423.522940773295	
21393	6	10	372.60636030352	
11841	6	6	236.373802906076	
17571	3	6	256.272590465971	
14707	9	43	1378.30492877322	
18153	2	19	652.638000702783	
18044	7	29	940.670922575831	
11783	1	27	883.037243561371	
13784	3	42	1332.26309089561	
27489	3	11	389.513547788148	
24705	4	33	1073.4201103232	
20209	5	12	440.604469161762	
24706	9	47	1482.47420629602	
28209	3	10	376.196081925275	
27443	9	36	1145.20002142768	
28107	9	23	765.131015202557	
24796	10	14	503.919141005687	
28771	5	25	822.334347973733	
26961	9	24	791.420135978339	
28231	10	13	459.118161303512	
20166	9	2	120.661076885025	
10778	1	37	1176.29278647541	
15186	2	33	1053.93272743278	
25653	4	11	389.612436662248	
20543	1	6	243.684104459213	
12216	6	32	1025.32193283798	
21304	6	50	1590.58361853966	
27251	4	25	817.380913019823	
28384	6	4	193.238504618983	
26154	10	4	178.378688142811	
29274	7	43	1363.32891050881	
28387	6	27	886.227116848448	
10493	6	31	1001.16635268608	
11514	8	12	442.498361115576	
20590	7	29	939.710687911003	
28705	8	49	1550.68282985626	
25302	1	43	1367.14962009673	
16005	5	4	171.752673504759	
17729	9	24	795.855889318444	
22008	7	43	1377.33112619134	
29093	10	15	535.487869631261	
19772	10	9	326.153221095984	
29388	3	19	630.749526839121	
21507	7	35	1118.48702728678	
14442	9	31	1014.99391815392	
23288	6	5	227.200264440477	
22138	5	25	815.365561701062	
8480	3	42	1339.11510913592	
12826	7	8	299.531615925735	
12558	7	9	347.526975510422	
27387	10	1	95.0644026021773	
8116	5	18	611.511059203889	
25733	10	41	1301.84742924843	
14205	4	2	122.836133820394	
9026	6	20	672.030626177802	
11326	2	26	847.230154297887	
8504	2	28	918.673632870742	
21551	4	45	1446.76136624383	
12868	3	1	92.5884860067575	
19381	3	12	432.982995935242	
23947	5	20	662.054382163125	
16869	3	5	203.290009556008	
14243	4	23	769.798738942388	
21718	1	38	1233.8844027528	
21777	3	18	626.184637279336	
23870	5	7	267.192993474748	
20815	1	32	1039.43811647568	
21008	5	35	1119.97584518044	
26040	3	32	1036.48539401427	
11130	4	37	1194.51719157142	
10855	2	31	997.981395105823	
27171	2	11	412.166467500928	
23455	9	1	106.47845865529	
14263	8	31	1014.089009787	
29716	7	48	1523.63029167225	
13033	2	44	1394.50785578904	
25563	7	18	625.543259636286	
10043	3	48	1535.445700146	
28684	7	30	974.618518508328	
10465	7	1	96.4838400187361	
25049	10	7	289.956371136921	
25274	2	9	331.468509403741	
15085	7	18	597.849297094089	
25597	2	45	1445.71152910856	
16655	7	3	163.314285540634	
26057	1	25	831.817851304923	
24061	9	37	1184.37968760001	
27008	6	29	958.33021886569	
23387	6	43	1370.46773493777	
20819	6	4	172.480533613116	
16812	1	21	712.009196985517	
14499	1	48	1520.38825385291	
13810	4	3	159.164187498001	
26906	4	12	442.872893383202	
9260	9	24	795.276744028217	
25661	2	11	412.197860075253	
14965	6	36	1156.3544821536	
9224	8	31	996.865124086321	
24180	10	17	572.302390007443	
8647	1	25	827.800924679172	
13835	9	24	787.762147964799	
11068	10	40	1295.38971652062	
10985	6	10	382.629715121644	
23409	9	21	705.01442435431	
27507	3	29	949.545580404599	
27552	7	40	1282.89793510125	
27147	1	17	585.032600548599	
19910	1	10	367.758419461436	
16373	8	4	199.205842148143	
20691	5	27	877.522770388761	
8331	8	8	301.686894661601	
17750	7	30	983.227932724742	
13900	3	16	552.142847735501	
24432	1	50	1596.10464598802	
29517	10	5	223.026624798321	
17282	9	11	410.585872759384	
17568	2	38	1205.44071246192	
16602	9	28	924.087209833826	
11642	1	36	1150.57011721217	
23376	6	44	1394.36678597441	
17994	4	20	682.813305874734	
16486	10	3	161.107897609988	
29307	4	42	1349.50811024267	
9882	2	29	944.004860401156	
11644	8	16	562.507994585907	
28522	3	33	1077.59314125292	
26816	9	9	333.002280002927	
10646	10	39	1263.60556527209	
23602	1	8	298.812265758781	
13680	8	37	1191.432431597	
24847	7	8	318.153373635445	
14164	10	38	1228.67813554997	
12825	10	32	1043.14331013856	
9126	2	5	226.817593829156	
18083	4	28	908.721692053937	
25011	2	17	594.566654616299	
21250	8	49	1548.8387942821	
20506	6	47	1492.83487273978	
20584	5	17	576.165948703962	
9881	8	14	480.416350439385	
9434	3	9	326.785250756324	
28452	9	27	896.621268138579	
15694	10	25	839.124376717547	
28981	2	17	572.944964549013	
24193	4	46	1470.79363895151	
12045	10	42	1328.78126426078	
9952	7	32	1048.2454061174	
16371	8	3	163.05954150998	
25483	1	8	299.84626858488	
11361	10	13	464.690871268833	
26101	9	24	806.757147613334	
10896	7	8	312.267272319769	
16901	5	45	1446.29500687415	
29115	9	23	777.93560403303	
14290	6	5	224.987618804438	
27648	7	21	706.654250354811	
21985	10	49	1545.88160627795	
14827	10	32	1038.62485472049	
17207	7	5	222.506429768403	
26902	10	46	1471.95243915168	
