idEmpleado	idDepartamento	ventas	importe	
19990	10	43	1370.5024633978	
9898	5	9	326.42735615672	
20726	1	37	1182.28198881367	
16711	8	3	167.606331784095	
19100	5	49	1553.14590898955	
26673	9	44	1410.38161801658	
19889	2	45	1422.1879644609	
18473	8	22	721.544178277973	
25055	7	50	1578.08989985757	
19571	3	35	1119.00557313068	
16095	2	47	1501.70490647746	
28863	9	38	1227.07996246735	
29128	5	22	719.458927660928	
11876	8	34	1105.77602445417	
16069	9	6	234.097718817227	
12147	5	6	244.058523478014	
13733	3	10	363.85052384988	
9230	2	22	721.729041413278	
10480	9	29	945.069531716904	
18707	8	3	149.71017486868	
15877	9	48	1516.03870976532	
13524	10	31	993.327239990852	
11203	2	48	1537.2628815925	
28575	9	42	1347.56741042601	
14138	6	48	1529.74469978816	
12361	2	4	179.112449222762	
14091	2	28	916.226076612354	
12995	1	8	322.871812322583	
20338	5	5	215.81994662798	
29726	3	33	1068.85449950996	
27041	9	18	625.635484524833	
23064	2	49	1542.89594114893	
24590	3	47	1480.23545680579	
23392	7	11	411.076403675171	
26778	7	3	147.775141032308	
13869	7	6	251.453454462557	
24705	4	17	570.654407260313	
26796	9	43	1362.72772841283	
21880	4	23	772.388747358876	
27052	10	28	907.64805567807	
26771	2	5	226.351912536822	
9552	3	49	1544.35701166483	
13562	9	21	693.969977076151	
18480	9	17	592.06410331282	
14698	9	32	1026.40025913082	
16642	5	46	1454.85551883227	
19320	2	5	226.60915228846	
13434	9	2	137.698860083566	
13302	4	40	1283.07436261469	
29576	2	22	736.798149504139	
11432	4	34	1104.38839650917	
26421	10	23	749.417010969211	
13301	8	17	572.414527578472	
18002	5	38	1232.07277828458	
20561	8	30	961.714760512912	
28151	1	13	457.175223406951	
26707	3	11	389.164474564215	
9364	6	45	1434.71457838766	
24388	4	6	237.861631995934	
23149	9	46	1454.03345976678	
8427	9	17	574.155541404223	
21730	4	37	1179.31615213832	
20377	2	17	585.724231649993	
20108	1	17	589.235400347614	
25049	10	17	573.370088605848	
21028	4	49	1558.80896532853	
22723	2	42	1346.84450566156	
23910	6	11	388.382523985758	
13472	5	32	1038.00088342186	
19839	2	50	1582.64426435467	
11859	2	40	1273.4041162177	
24085	2	18	601.122795437054	
29422	6	49	1549.3402940544	
12361	2	2	117.421476038835	
19993	5	48	1523.35826233186	
29085	8	50	1571.68169810049	
20917	10	10	379.357262914701	
20707	7	32	1025.19877827968	
22707	4	11	401.167151295192	
13086	5	3	154.889180955891	
11931	10	49	1552.5032969343	
10146	3	26	858.527216528788	
10117	10	19	639.797449707891	
8910	5	33	1079.02179712384	
23777	2	49	1564.46610300078	
14420	6	46	1476.21847355562	
17133	3	32	1050.48141357046	
9549	7	9	328.162678521202	
23417	4	32	1049.36164316226	
25788	10	40	1290.59991762536	
17996	2	46	1462.28897989834	
10977	1	22	735.939828872653	
12229	10	38	1204.86609641689	
11565	1	28	918.355287592092	
22730	6	11	413.492514273847	
26782	5	19	647.035760398505	
26782	5	32	1038.63278001483	
27224	1	4	184.734576728537	
10394	3	1	98.6940147069721	
18879	9	33	1067.59129380229	
18853	9	4	188.011013170709	
8534	7	45	1438.2266283027	
14143	1	21	699.697976661705	
16238	9	41	1300.43009826002	
29897	9	33	1063.39403328644	
28699	7	17	583.265601072118	
10183	9	24	800.076716914809	
19926	6	15	534.993051539638	
9812	4	41	1308.71451595273	
28763	3	30	990.033062412419	
24331	7	3	157.817960492251	
12387	1	30	963.965696284531	
10773	2	34	1113.54742709247	
16634	6	3	162.972451040043	
15184	3	47	1501.53016283248	
9058	1	41	1315.62832487544	
26262	8	18	619.518702430426	
15966	7	34	1106.70243452615	
27925	1	18	624.769297346831	
22103	3	21	697.151615050226	
22010	8	17	588.327551758069	
28994	3	34	1098.68182714036	
27199	9	29	939.020880823499	
10138	8	42	1347.4009657965	
10309	4	4	200.355284456329	
25107	4	18	617.464287345048	
22360	7	31	996.256699020163	
14827	10	21	710.98500646231	
22775	8	41	1303.92896176499	
17774	2	29	956.322501933352	
17933	1	18	613.048918085661	
15070	8	7	274.622686186164	
8331	8	31	1006.50476357271	
12167	3	29	933.575857492898	
25647	6	49	1566.87816778518	
25993	3	4	194.276668631601	
29278	10	6	238.829239867082	
15690	9	29	939.367351447869	
8669	3	1	95.6277638374026	
11864	9	33	1061.20050192866	
11429	6	23	756.141756640813	
26163	7	17	595.488362030819	
8707	2	18	619.448162568476	
22617	9	2	139.32858074984	
20924	1	38	1212.78195713311	
16811	5	17	578.32328361381	
27924	7	38	1222.39240178018	
28600	7	35	1121.89364537685	
9129	2	31	1016.82512475961	
10987	10	21	697.864189398412	
11567	3	1	107.517057968079	
27379	5	48	1531.93034548868	
14694	8	36	1159.96527938171	
24204	2	31	1001.54239965675	
25269	4	16	559.263742044225	
23683	9	21	689.329186030351	
26406	7	17	579.205747479203	
29002	8	29	952.297010865201	
18498	7	37	1180.07481380369	
11035	7	15	525.92974594139	
22565	10	37	1187.00890205196	
23600	3	3	169.091710452499	
18540	10	25	831.06408977465	
13976	6	12	432.392014019374	
12995	1	13	456.984144326758	
14241	3	47	1483.19527430609	
21244	9	49	1557.46093271182	
26779	10	6	259.971569599571	
21854	6	4	196.094283254861	
22298	7	44	1387.25349420088	
14533	1	36	1156.79908500835	
9641	4	40	1280.15135098256	
23428	10	34	1091.07467068875	
9864	10	36	1163.56879541817	
8096	3	49	1541.00985840941	
20413	1	50	1592.83918972725	
11622	5	16	559.233664571882	
25948	6	27	879.692300073659	
23327	2	5	214.619008663399	
18610	9	38	1222.03200084252	
27441	7	31	995.071885564864	
16000	7	46	1474.36305364331	
11035	7	40	1294.1598817027	
22093	8	20	686.064772366576	
25994	3	28	928.805443965274	
24527	8	20	681.118572596981	
9881	8	21	714.657406804458	
11941	3	1	84.9623639159661	
25423	4	13	454.312115448672	
8429	1	29	957.548981754831	
14909	1	38	1215.0709211524	
16029	5	27	886.532229001882	
20561	8	43	1359.29253764418	
23252	2	36	1169.69801789601	
8387	3	46	1474.19159987671	
10416	5	20	667.050046188314	
28758	1	43	1364.42427225617	
25976	5	7	267.056148549102	
26248	10	40	1282.34443642308	
26884	5	42	1329.58668282702	
26627	6	18	620.86235090199	
21589	2	32	1042.42083218061	
25743	6	31	1005.79936212199	
24389	3	38	1229.57163055873	
15402	4	35	1141.06510439006	
29093	10	12	427.365706985521	
29291	2	15	520.85567479993	
23102	1	50	1596.39648396354	
17311	7	33	1060.53254124733	
20802	3	17	566.424552316975	
21198	4	5	210.095521458469	
20078	10	41	1299.51344740554	
29278	10	25	817.678002201802	
24052	8	49	1558.04281296117	
8449	8	35	1130.85786037653	
21126	2	41	1312.64584840864	
9681	6	13	474.9318287498	
20259	10	5	224.999317408073	
23227	2	34	1103.5865700541	
27612	5	43	1375.86557172978	
16205	9	26	848.537867501628	
25937	7	49	1552.49856879585	
16092	6	44	1405.6594541509	
18831	4	25	838.545301500031	
8568	3	6	252.182573048483	
26063	3	9	350.266856006471	
8148	10	48	1520.85881333838	
21167	6	48	1521.37665279274	
13060	4	40	1289.37719554146	
16472	6	29	953.959812221099	
28579	1	8	308.414917471081	
20981	10	10	372.17751602278	
18813	3	37	1197.34786365058	
15658	1	14	485.032325836379	
12501	4	20	681.169649940529	
18043	3	49	1552.65105338425	
19103	10	16	548.563691521326	
12851	8	3	144.588251143968	
20975	1	36	1144.99966797652	
8051	4	17	581.439736979753	
23668	2	6	240.262897797051	
21245	9	21	718.260922840918	
12348	1	18	624.429822668633	
15671	10	47	1487.8875631317	
17455	8	25	827.453460296361	
28607	5	48	1515.55747374685	
21303	6	3	148.85422680008	
21120	9	44	1401.249724683	
27749	9	2	118.840157519486	
9312	1	6	241.545751468067	
9249	1	7	272.118217438514	
21534	2	38	1219.4249548481	
15665	7	23	763.469578495002	
22921	10	47	1506.47886469331	
27788	2	16	561.048815325391	
14156	9	20	668.363782106137	
23374	10	39	1236.76137802972	
19293	9	6	247.254060621957	
28120	1	33	1057.38905751025	
25256	7	27	870.798248383588	
22072	2	15	506.506893647139	
25154	7	18	599.479022007193	
29350	7	11	387.019288422083	
15646	3	4	186.572729026234	
18089	1	9	338.009634845895	
18314	4	45	1437.91800543569	
24975	9	4	182.165583754967	
20765	3	11	412.645676365423	
23720	5	29	956.873163020645	
25295	5	37	1178.20680699228	
15426	1	26	844.082156887316	
16384	8	11	410.343577605832	
18800	9	20	679.999649431556	
25742	3	18	602.146833074347	
24859	3	38	1215.60267393272	
26055	3	5	210.276944660711	
9912	10	31	1008.06874612722	
9694	6	48	1517.7718910192	
12254	8	1	91.091841203669	
9679	3	9	336.625099301629	
23824	6	7	281.412629206391	
10204	1	4	199.609088655379	
17542	1	47	1482.53649527325	
10056	3	35	1127.83144407339	
16801	9	23	761.841594782584	
18163	5	21	688.989962622984	
10561	10	38	1208.70793752778	
18137	7	40	1290.86899895727	
14768	1	48	1523.98351051099	
29323	2	1	92.8058678343919	
12480	10	11	395.889675354534	
27182	4	10	381.309630899369	
26884	5	20	687.19919363372	
27560	1	10	354.201419592929	
26721	7	3	154.932843332613	
21070	9	39	1240.78387578986	
18707	8	11	411.241634418835	
12516	5	15	517.857093642399	
20805	5	38	1229.8779282858	
15633	4	30	989.535454860672	
15146	1	44	1413.39188999189	
26176	7	42	1336.20855043466	
17807	3	15	524.376561662358	
15253	9	16	540.633350527209	
24204	2	31	997.463594580751	
22014	9	46	1461.77463983268	
21725	8	18	619.42530541654	
21008	5	6	241.322745420655	
26573	5	10	370.876190760581	
28274	2	12	430.77187066468	
16367	8	39	1260.29503597892	
25495	1	41	1318.98948701052	
26374	1	6	236.162219418288	
15641	7	24	800.763958208619	
22642	8	20	669.385619177197	
16726	8	11	386.89780499176	
9181	10	21	716.942526733942	
16431	4	26	859.187844348693	
27877	9	32	1024.73113424365	
23712	7	39	1249.01967222291	
19026	6	8	309.210067907912	
24885	6	14	491.296584797696	
21442	7	14	488.662165854435	
14749	4	29	944.067295186253	
12343	1	26	862.317131637743	
10960	8	16	542.772525987948	
11398	7	41	1323.14438397211	
17993	4	11	405.798229838627	
16407	3	15	527.213989741734	
20540	10	50	1574.81879814287	
9433	3	44	1399.03531024188	
15475	9	17	570.211652484821	
29288	8	10	367.893962733398	
17352	6	21	701.556386342997	
25175	8	15	523.233209309743	
13016	4	16	545.204078771735	
14109	8	40	1275.23252699302	
16224	4	31	1021.90314474604	
27366	8	5	210.367849492639	
21771	8	27	900.066954949902	
13304	8	3	149.564657206444	
10664	8	32	1047.38519210712	
14542	4	31	999.99280819669	
29763	1	36	1173.21163984631	
20170	7	12	432.510831855475	
18804	9	20	676.900188344019	
10520	10	5	225.14741148108	
11292	3	47	1486.4352354251	
14167	7	40	1284.81580041573	
26225	10	43	1368.03503834085	
16749	6	18	603.841349055917	
29708	4	36	1152.05379007014	
8910	5	34	1093.12595939875	
19056	10	50	1580.85825606289	
22099	10	23	760.32538695276	
21121	10	31	1002.09530519419	
25542	6	28	927.546384580222	
29962	4	37	1180.3092664761	
19615	8	40	1278.31621888947	
24996	8	15	534.691068592803	
14487	8	5	218.63025586057	
28206	7	8	293.627075577912	
13652	8	41	1314.10875567892	
10835	5	11	396.057392617714	
18393	9	19	631.736560422804	
26069	10	23	770.083383494096	
16127	7	32	1031.09552427712	
29869	10	35	1134.60583307529	
11646	5	10	357.530748898876	
20175	2	5	204.181540405462	
22074	9	21	711.665277998739	
29934	5	40	1295.0393819879	
29934	5	22	728.819994856054	
29324	5	5	204.664179293748	
21843	2	37	1179.45501501647	
17408	7	26	861.824875800789	
11405	1	34	1091.30377660101	
18613	1	28	915.450526008127	
12917	5	17	591.556463330778	
22143	3	7	265.416943293725	
18273	3	11	397.625114506867	
10512	10	45	1436.70914854701	
10330	10	22	720.982429422896	
29712	8	23	759.178951400881	
10514	7	32	1050.97744908695	
12954	9	9	326.981520171734	
9552	3	33	1077.08569308607	
23947	5	11	387.035706670506	
23073	1	49	1541.23099939024	
9312	1	35	1121.13790411555	
19487	6	38	1217.65769419151	
12037	10	4	174.923260516917	
26103	8	42	1343.58692585658	
11859	2	40	1275.67678089984	
29815	7	23	761.436699089332	
24585	10	46	1455.93758162853	
8476	2	42	1333.2764364282	
13013	2	20	683.935415578976	
28576	2	18	621.475079423504	
13900	3	39	1262.42744836138	
24664	4	39	1245.8046640669	
28860	4	21	690.541578405789	
18108	1	38	1208.90448652622	
23019	6	36	1160.63426001027	
23387	6	22	736.369760342114	
20696	3	28	908.801967068017	
26131	8	14	503.233795214088	
23563	3	30	968.461780105001	
14109	8	14	481.403241046427	
23381	1	47	1498.50051115197	
13490	5	48	1510.79152859319	
29866	2	1	92.0958585720956	
28967	6	20	668.752803145327	
10642	6	34	1092.89927559574	
14912	2	5	217.065954085936	
11183	3	10	381.921107313559	
14541	4	36	1172.64464615502	
13923	7	19	634.929804278039	
28189	5	29	945.079943530764	
29432	6	11	384.75504025107	
21255	3	40	1292.99769040802	
9481	8	22	724.059817606611	
26574	10	37	1193.37483368505	
28489	7	25	836.392844783325	
28481	10	17	586.52384621395	
25384	8	18	616.742017481822	
12333	1	49	1551.45245613132	
15327	2	33	1053.14321395622	
29660	6	32	1043.22748020442	
11523	2	41	1323.51743338793	
20209	5	35	1128.54843937259	
17593	9	14	487.368361022029	
12045	10	10	373.975446584623	
12654	8	28	929.129014969398	
28250	6	18	619.612279226823	
20853	3	41	1307.08353610108	
9055	4	8	307.804662020786	
26021	2	36	1160.34816941263	
29257	5	1	102.809191058767	
8406	8	5	222.175482018932	
12639	4	45	1423.74772495765	
24952	6	4	188.623912981071	
8280	8	47	1505.63246562408	
18861	4	2	122.730488238265	
27382	8	38	1210.34637552237	
11095	9	38	1205.56183561942	
29337	9	34	1106.17045737159	
24730	4	9	330.687650260836	
28852	7	35	1138.6108268139	
17666	9	13	459.515591775773	
22781	7	10	363.292935473515	
19092	9	23	778.346632150163	
21240	10	42	1338.85547204821	
16208	8	8	316.720039172433	
21220	6	49	1569.42975795336	
28113	1	18	601.744846460291	
25864	8	34	1097.16674472073	
18789	10	13	452.5116417429	
27997	7	19	654.11041379632	
26196	4	4	199.627742860293	
23044	2	29	957.349510936695	
24326	4	32	1050.09058125787	
11531	6	48	1525.23429990059	
28452	9	23	757.885807658492	
18272	10	13	449.952071779385	
18003	4	34	1103.42316757116	
23318	3	41	1318.12041198747	
23130	9	42	1339.62378817593	
28694	3	16	553.286996368918	
10043	3	15	509.982417984857	
14195	9	3	154.116445292773	
23971	2	1	92.2964767423908	
12973	6	18	612.120613219273	
28300	3	24	802.904461511832	
29019	7	16	561.007315293424	
24374	8	37	1184.37377742695	
11746	2	25	818.427351982532	
23670	10	36	1150.64434544679	
9327	7	38	1226.04646926096	
29177	2	30	980.962010594533	
9605	3	34	1110.57156011023	
29724	8	41	1300.76480587049	
23901	9	48	1514.53238714232	
27812	4	20	663.711888428643	
20073	10	32	1040.22449791442	
13531	6	12	430.201807222423	
13567	7	22	748.512888973818	
14168	8	2	137.25540741219	
17932	5	29	959.699257016042	
11651	9	1	97.8674327665323	
13608	1	7	289.916791380344	
21589	2	46	1455.29302027789	
9250	10	17	586.237755616306	
9438	3	47	1503.18144819847	
19014	7	26	864.825971082238	
22161	6	13	453.657143699777	
13742	10	7	263.389613080486	
15697	5	25	827.746657965587	
14845	1	40	1272.77841645888	
23417	4	4	186.923207951208	
21393	6	47	1487.44142363194	
21795	10	43	1366.54666919566	
26053	5	43	1377.40065389192	
11070	7	21	708.628408829043	
26846	10	11	385.399146483	
15562	4	9	350.996458731124	
27818	9	6	246.226018930891	
22120	1	18	615.95101053638	
14772	3	42	1355.71272387901	
26857	8	13	465.055980526403	
21237	1	43	1383.31749447776	
14585	4	49	1546.52239927394	
18121	9	25	826.46517248194	
19586	9	40	1273.14840320179	
28070	9	21	689.056182750061	
19795	4	39	1256.58470506621	
12480	10	35	1135.55819411555	
11826	1	29	941.522411471942	
12407	5	41	1317.66130974407	
29521	10	1	99.7502645569622	
11417	5	12	434.910278597339	
21770	2	39	1260.86500457528	
10575	9	13	459.924531159887	
14842	6	15	535.419563602386	
13127	4	8	300.065626604513	
28707	10	8	298.823425014887	
25199	9	34	1106.05872112608	
22533	9	21	708.939165020799	
18491	9	48	1538.07849042959	
24196	1	4	187.350171593647	
18127	7	31	1000.98416434647	
19553	5	50	1590.68069401694	
20665	2	46	1477.86592898791	
13309	10	35	1119.12326130975	
21008	5	34	1093.52058696259	
9683	8	42	1344.02489091457	
13745	5	48	1523.36415197857	
9045	1	27	885.903978313275	
17377	1	10	358.312741945643	
9022	6	23	769.228039183294	
9697	7	7	263.975788291532	
8311	5	5	212.561878437438	
25868	7	10	381.54268353318	
28577	3	17	574.643276489639	
10001	7	8	314.549938288773	
19100	5	9	343.3943921064	
11130	4	21	708.827847795946	
20749	5	28	913.089352414519	
9021	8	27	894.125265448413	
23956	8	38	1208.24126601603	
24796	10	28	918.098949584225	
24084	4	28	921.867201608544	
11315	3	34	1110.08534822151	
24374	8	39	1253.02815190192	
9679	3	42	1352.01292935387	
13540	2	8	306.576419056662	
12563	7	30	986.622138035773	
29839	5	28	921.981090289532	
11899	2	14	488.56278222453	
25889	9	3	166.575721468113	
15069	6	26	844.93773760504	
26986	10	35	1137.28685391009	
11971	6	20	677.872520106785	
29255	7	39	1248.36255228536	
9139	8	33	1064.07181617993	
29330	10	44	1392.63680046081	
8769	8	3	148.656470286034	
21932	2	41	1307.34191117219	
27873	9	6	259.627816239199	
28109	4	29	945.03129183549	
25098	2	42	1333.22055308764	
13135	7	9	329.654215802278	
29085	8	20	663.209669526298	
15053	3	19	628.433270560779	
8926	4	45	1435.77447626543	
15053	3	8	302.348400159901	
18841	7	29	959.322321042103	
8703	2	47	1485.28125467025	
19372	1	8	300.869625313612	
21335	1	49	1556.67123449811	
13139	6	37	1189.99557721894	
19743	2	7	272.969368711565	
10440	2	44	1414.81389957239	
27495	5	11	409.837224413565	
24716	3	26	869.251222009422	
8108	1	3	159.116962737924	
29500	7	16	560.595345795432	
20384	6	8	304.837777085992	
29334	7	43	1367.11033195588	
19562	5	26	866.944167905927	
13652	8	12	437.402752878798	
9476	7	20	681.383061689037	
27489	3	14	477.341196088745	
27465	8	7	271.73702047753	
26487	5	48	1524.29030157825	
20966	4	22	726.688934381441	
15636	4	35	1134.68935833065	
10047	2	22	733.180131247817	
11388	1	34	1110.5714603097	
15865	4	15	521.913137827959	
23432	8	7	274.737921820366	
14439	4	31	1001.48593662376	
29005	9	22	733.461536175321	
29585	1	49	1549.09397361292	
19979	8	46	1475.02071292839	
15179	7	20	668.444733781947	
17903	5	9	338.657532082245	
20819	6	16	561.652077660734	
19336	4	44	1417.25367563649	
25198	3	35	1129.66452919397	
25602	9	29	947.254098014559	
16284	9	34	1101.34088336553	
26869	1	21	701.111464975919	
14870	8	15	531.891547726417	
8145	7	17	576.580144249173	
17847	3	19	651.968368893474	
27195	6	41	1322.47295433771	
22720	8	9	348.03529569322	
29551	2	13	459.111330275941	
25431	5	30	984.954853442011	
12578	10	28	912.041454665382	
23984	5	45	1443.81869320004	
9813	1	49	1540.2315792163	
23896	2	31	992.683648333272	
23144	7	17	587.628538956693	
9770	8	22	731.837491398602	
28104	10	46	1452.31301971353	
13390	6	13	471.472649048768	
26574	10	21	704.142968982525	
17954	8	24	789.085541883989	
23319	3	23	767.659041829248	
16316	9	8	306.142189794286	
27885	10	13	454.709794360544	
10987	10	43	1378.95648748565	
26087	3	43	1361.93331267775	
22639	3	7	268.509640595182	
21585	4	35	1139.50783253624	
19407	7	46	1465.71992595946	
25110	7	15	534.816511485174	
26380	5	7	280.806488227475	
14646	3	45	1420.45943065568	
29214	3	50	1598.9432681347	
15877	9	14	487.584101449505	
29999	10	8	317.445802761915	
25931	7	48	1519.69006989137	
14464	4	29	936.061869513272	
18168	7	50	1580.27159671312	
27641	7	49	1545.44964836233	
15903	10	40	1295.15687622836	
26823	6	29	952.32193268478	
10402	1	31	1004.21598004374	
11219	5	26	866.654062637433	
9899	8	10	354.068800971875	
10450	9	5	205.616606867694	
28814	8	38	1209.87168316258	
17916	1	12	430.919228620324	
14598	7	33	1061.25435740745	
18381	9	42	1340.77788784205	
22765	8	32	1041.46543465623	
14976	5	25	823.183221529789	
27520	6	25	816.131714068414	
25995	4	46	1467.18488303348	
25769	7	46	1457.50910867821	
24439	2	21	708.168133752499	
21464	4	12	442.005487364719	
12837	8	22	721.111908220272	
25996	1	22	726.631089004982	
27035	5	28	922.154977490266	
24069	3	23	769.95823504867	
19303	4	11	388.070503653991	
12892	2	34	1112.46053635723	
12097	7	46	1456.75302837824	
18571	1	44	1413.21878420805	
20566	5	6	258.304842048467	
19035	6	36	1164.49542278633	
26107	4	28	913.098186530684	
24520	1	32	1036.23459175054	
15118	9	41	1302.78577645439	
12803	4	33	1072.9935784419	
18132	8	39	1251.56666944342	
9683	8	23	751.565894685484	
21122	4	47	1506.8633713512	
19816	6	23	776.315772820411	
12305	2	42	1351.82103629774	
9512	7	43	1384.86956184025	
18518	3	47	1501.00497919182	
16952	9	49	1552.07338882241	
18308	9	9	329.09318749285	
11091	3	6	249.084804323076	
11508	8	31	1011.01408405742	
13028	10	24	807.255283187728	
27124	3	44	1398.7299446942	
19028	9	14	504.254491303235	
29374	6	41	1311.63328995539	
17339	3	33	1064.67477415906	
15649	7	49	1553.2745476222	
19338	2	5	221.434159456489	
14204	7	43	1379.41596769701	
8403	6	46	1475.4403153972	
23268	2	27	878.578161671096	
20377	2	7	289.43078050829	
12549	7	22	738.116619222852	
18864	4	26	855.491413313659	
18064	1	30	987.086372574366	
9716	1	45	1439.86139632755	
24828	3	36	1147.46295166549	
18368	7	33	1053.43527842939	
24746	7	4	175.763958923409	
19145	5	19	641.121184081361	
23264	9	10	376.773496631893	
12645	6	31	994.684636869787	
24449	8	43	1358.46858095306	
8737	10	9	347.784309400145	
10922	4	44	1389.89876521281	
27627	1	3	151.617326844305	
26530	5	28	909.26834271721	
13350	10	23	770.869110213066	
26369	5	4	185.688072380465	
12018	3	28	923.298571912245	
23871	3	16	541.000508172903	
24796	10	23	769.038519397862	
15546	10	14	477.537901512132	
16891	6	23	753.070173167191	
24903	7	43	1358.94415099125	
13166	4	37	1180.81522046626	
19293	9	41	1313.73059166303	
14757	10	32	1032.49853707501	
17366	10	4	181.58549425266	
21603	6	24	793.630067889406	
19256	5	38	1211.22087516413	
22986	3	23	771.664027074195	
27728	4	39	1256.81862405353	
11355	7	45	1427.34546105719	
24487	1	7	274.415416770808	
25300	4	32	1042.13588893513	
11592	1	1	93.4492754626317	
12130	9	22	731.371958037546	
27041	9	44	1389.22940024605	
17954	8	48	1511.95963997019	
13234	3	8	317.40661017476	
13567	7	15	527.569700762429	
20572	9	46	1456.309429899	
14282	10	40	1287.97200341149	
23249	8	46	1472.31130769118	
11538	1	1	96.3294471876367	
15839	3	32	1048.78670223466	
29238	5	35	1130.94563529405	
27062	3	21	714.355726090425	
27527	8	39	1240.01596311108	
12850	9	6	235.40643144185	
23907	10	26	862.405437409135	
12020	3	2	115.746087076024	
14947	3	16	536.11739578476	
24547	10	31	1014.43980722429	
13234	3	4	189.539642273234	
16304	9	44	1411.89287899616	
26353	2	50	1585.04644605566	
14384	1	34	1096.54726232241	
14337	8	44	1406.2711521081	
23246	3	5	206.130804664516	
22520	2	4	194.964414590487	
14229	5	29	951.849784176727	
29725	3	30	982.133891034002	
26208	9	32	1029.90030891723	
14426	8	38	1205.1094695577	
21583	8	42	1337.86601281626	
10034	8	48	1531.12311989587	
28456	6	3	153.368892629337	
11154	4	12	427.762876277679	
28456	6	2	138.168051381674	
23328	9	6	257.896384679664	
10402	1	30	981.639709967021	
19433	1	7	273.72843241027	
18322	1	20	685.891961737486	
10394	3	1	93.4308074104743	
11746	2	28	912.729089498859	
24084	4	24	789.565898100643	
16358	10	27	880.758865476008	
15888	6	42	1342.61470380361	
11209	3	5	212.028518231599	
28788	10	7	262.784956368983	
27035	5	11	398.142810984581	
29409	9	16	541.56953114158	
10280	1	19	638.223636447556	
11126	4	12	428.815437754996	
18104	3	22	735.917939998171	
27575	2	24	800.701228268771	
20259	10	14	492.905653832902	
27594	9	3	164.875774497574	
9113	3	38	1230.24300993897	
12559	5	1	108.402829406971	
28597	3	38	1234.82469571513	
11185	7	50	1582.95824813794	
28793	10	43	1385.82883530568	
20551	1	5	202.442195584272	
19156	4	37	1175.7199165857	
13122	5	16	554.175538865	
28209	3	9	338.071694494258	
16049	3	9	347.201838133485	
28044	8	10	358.463434371382	
19627	6	35	1117.66358233879	
9537	3	33	1057.57674266471	
20772	7	10	366.592849812746	
10769	4	37	1181.84791172941	
23651	3	50	1577.51004676219	
29616	4	47	1480.76572744211	
16647	10	45	1442.01765466575	
8768	6	46	1450.22543404727	
9934	9	31	1001.00899981382	
24884	7	27	876.810552774375	
26900	10	21	702.326980895515	
29815	7	24	784.287580579653	
26040	3	42	1353.9325585188	
22577	3	40	1274.2426338765	
11670	5	49	1543.34584829553	
16572	9	44	1396.82160360591	
20197	1	14	490.280253035147	
20804	9	12	423.910254586446	
9295	2	20	681.084871162234	
16187	10	16	549.191529559526	
15635	3	18	617.164784547484	
16100	10	35	1118.21746606297	
20120	8	50	1588.49311813176	
23585	8	24	797.519866338708	
27825	7	1	109.765221974703	
16208	8	18	623.071688964531	
29250	4	31	998.681461829078	
21770	2	14	487.899597104592	
21725	8	16	563.449766153213	
28769	1	15	517.710890824772	
19748	10	12	438.55355063386	
22220	4	15	531.494203606385	
22759	5	18	613.557027342523	
21519	10	33	1064.15126943223	
24245	6	21	694.364935892804	
26901	7	24	805.20821370427	
16461	5	2	111.549961171835	
13822	5	29	959.721619412173	
19296	10	20	660.71358968537	
11720	3	16	548.049710312881	
16371	8	27	893.900285332417	
17924	9	29	950.475794221496	
18310	8	34	1091.89665401908	
24992	6	27	888.0652217232	
28658	3	18	607.916029043457	
13225	1	28	924.115248827317	
23721	3	47	1480.89213719633	
23817	2	11	388.715614261439	
27013	7	45	1442.48298701015	
12802	6	11	405.620591978366	
28209	3	23	765.439663550556	
11462	6	5	210.265284278554	
10238	2	39	1256.98682333202	
27889	10	44	1398.01030857396	
23477	6	42	1341.2986498239	
13599	10	50	1599.44611627583	
25798	4	33	1069.08362453295	
10475	5	36	1169.07298347404	
20645	6	36	1152.0826897547	
14110	9	32	1034.43835779766	
15194	2	16	562.084265613036	
23141	5	32	1034.11805756116	
12477	8	30	966.775667894061	
11177	7	16	563.298108989046	
8468	4	15	518.257002140515	
23832	7	6	250.83277728913	
16255	2	6	250.73055323713	
12420	4	10	369.781289086575	
18931	2	20	659.8776979837	
15170	10	25	818.137634591264	
11721	1	43	1365.27164243407	
13489	3	35	1130.55863362297	
25048	5	43	1363.19666490108	
18714	10	5	213.035160849353	
15116	3	39	1255.29124422711	
9622	6	40	1266.68899032599	
21997	2	1	106.320812043883	
9772	4	24	780.427896408563	
23288	6	7	269.603837295251	
29686	5	24	785.649973147386	
23670	10	22	742.1795517682	
27052	10	21	689.965847567639	
13955	10	19	645.416610094447	
29514	8	6	237.829174174848	
22120	1	42	1352.27122727422	
25055	7	8	308.288266355306	
9444	1	27	874.507380274361	
18286	10	25	815.546718768564	
11001	4	41	1322.85261960833	
22540	8	21	694.918819616977	
9060	4	42	1336.12458917132	
9479	1	16	542.476977697796	
26409	3	44	1407.63892965747	
18137	7	38	1226.27523188771	
22879	5	50	1585.96544469984	
21306	9	46	1459.78222777126	
13770	10	50	1583.70012632743	
26370	2	18	608.598545030038	
10658	9	13	449.808219582684	
27417	4	12	437.083251754326	
22662	1	23	753.384695590187	
27489	3	37	1191.11084810976	
21505	6	42	1328.83791627774	
19734	9	21	704.345352418881	
27005	2	19	640.348949544294	
9544	3	38	1234.88102992758	
19858	2	13	447.068619377477	
25320	4	35	1123.95166248267	
23328	9	5	222.719064346849	
8976	9	3	154.60965949791	
12771	7	50	1573.12530423194	
28884	7	10	368.655728124387	
14393	2	30	979.469146178788	
28371	2	13	446.432716607318	
16709	6	10	372.258806029455	
11512	3	46	1472.1184180454	
17158	4	13	468.701447466715	
28339	5	24	808.946493719214	
25445	1	25	811.02688171483	
8320	2	7	289.968735785209	
14481	4	30	976.325397014769	
20740	3	32	1035.18383446857	
21681	10	19	646.928669478245	
11473	10	49	1564.95887836672	
21106	1	33	1082.01304541994	
26794	5	28	902.794664736276	
26882	1	41	1322.9197039655	
19562	5	5	216.921433013362	
13390	6	5	227.069716149508	
22714	1	44	1395.50901645585	
29616	4	40	1282.98886399855	
24646	1	34	1097.72226701385	
9584	1	11	410.619676825879	
18581	3	45	1432.52058554092	
19779	1	2	112.265277557199	
9895	5	36	1151.06870365845	
21278	5	29	961.1279312899	
26466	9	49	1541.07125767557	
26126	10	37	1197.48022463055	
13123	10	4	197.390197346634	
9957	4	46	1461.21964697783	
10184	6	42	1350.55571779169	
16435	2	20	672.827654421715	
16274	4	39	1248.24296011042	
15641	7	22	721.793515385032	
18929	8	32	1047.46886104693	
21729	1	36	1163.00783151901	
9793	6	32	1041.20621305015	
14381	4	29	934.016425858259	
14841	8	4	193.847026654448	
16202	8	33	1071.08078030454	
9002	10	26	854.753632608221	
22386	5	44	1397.57166331521	
8571	4	6	239.839483797475	
21854	6	33	1060.75785473956	
17203	5	41	1318.20086112162	
14940	7	18	624.18217863151	
24882	4	43	1363.87903791102	
15520	6	38	1222.33230699894	
23727	7	42	1337.55428480802	
23917	8	48	1511.96132596208	
20802	3	8	310.147186364116	
15604	5	30	976.881946333163	
21789	5	12	427.210047890996	
9204	8	13	471.620795499357	
27469	2	16	555.403037218099	
23740	2	49	1558.03605129851	
21001	2	36	1146.94856063786	
19800	8	11	414.167439050119	
27243	9	25	821.19010237101	
22318	5	17	590.990486755497	
18507	6	15	527.63018979115	
20170	7	38	1211.46626908866	
16427	6	21	693.636684368195	
9090	4	12	428.74908880738	
13182	8	38	1225.76967922308	
23494	1	12	442.356180046851	
17060	5	31	998.685709367826	
25221	9	28	923.165362981691	
26101	9	2	114.544184373014	
11542	3	42	1339.78683321727	
12874	10	10	361.713490915351	
29901	4	27	882.905007155102	
17102	3	2	113.22268949506	
27648	7	11	404.428236151314	
27298	5	15	508.235231390333	
18560	8	41	1300.15060369864	
12593	6	6	250.780193028404	
8565	6	13	451.762730801368	
24562	1	11	394.064416435577	
8860	2	18	606.886525026935	
21135	10	37	1197.24889337888	
17922	7	11	398.738950676629	
28644	7	46	1459.92593982253	
13754	1	7	285.428871384556	
8473	7	38	1231.07246061371	
29765	6	13	453.673771458526	
15874	8	9	325.617606530719	
17857	7	26	856.622164611063	
29914	5	6	246.390478166933	
18452	2	34	1089.43280974842	
13880	1	1	96.059270881144	
25521	8	21	707.038774000033	
12354	7	4	192.826323487249	
27971	9	37	1202.85653989895	
24497	7	18	623.450590513391	
15293	6	39	1243.28736351956	
10983	7	24	783.934978947013	
9455	5	44	1411.0903949901	
11076	5	45	1434.98817551648	
23556	5	29	955.844681074771	
25545	8	38	1225.49646926368	
28432	1	15	520.713674929325	
14148	9	37	1187.78812262592	
8016	3	50	1597.76745159075	
13353	3	38	1230.24783504673	
13410	7	32	1027.24217920901	
8485	3	29	943.659256838103	
25281	7	1	102.781811739682	
25502	2	49	1563.38556410902	
28241	6	26	855.252433519462	
17370	8	44	1387.2558582701	
20122	10	23	775.185829836496	
13503	6	1	100.103022614542	
24961	3	8	294.303577344075	
21068	6	31	993.741593376613	
27242	8	5	208.891239114521	
16434	1	42	1351.54032926613	
11664	6	14	488.207812983639	
24509	2	24	797.676628193668	
18853	9	26	852.095907764554	
29686	5	4	196.738573516132	
28029	5	5	222.063544756762	
19995	1	23	756.774884814757	
27731	10	18	625.111374624591	
25281	7	41	1323.72756233612	
24891	7	39	1254.67471691532	
9975	2	23	770.078683667853	
18426	9	15	510.366149596109	
10010	1	43	1380.97764563792	
23520	3	26	864.947867870772	
26453	6	17	596.215624751624	
15830	7	12	439.689798038308	
29880	5	18	616.774555284891	
25572	8	32	1038.21973536081	
15184	3	30	981.390055763251	
25730	2	23	756.535218449559	
29374	6	25	810.950828050706	
15725	7	46	1462.15848823178	
28461	5	19	655.181036337829	
23649	8	7	283.830281404699	
19755	4	34	1110.01451462042	
24930	6	8	302.835794791037	
26819	7	27	893.236600502039	
28527	2	30	991.138044647471	
29612	10	41	1302.17695147832	
8485	3	28	920.873441044648	
20521	4	20	686.935751385491	
28748	7	47	1498.52274614317	
16138	10	7	289.114946522338	
16431	4	14	494.55935139887	
14621	3	47	1491.74703425343	
8457	8	10	375.727165963374	
16224	4	21	693.413766796428	
27749	9	20	662.892267751923	
13135	7	25	839.106107558639	
25733	10	34	1083.43292450692	
17951	8	43	1363.93879011457	
22882	4	19	642.676748001332	
26786	5	10	354.039889254626	
18825	3	50	1575.57311813141	
28984	7	9	337.163495541161	
22989	7	15	513.293107241994	
23266	1	8	321.804166101759	
24046	5	23	778.437696238252	
13520	6	9	339.036808767839	
8362	8	32	1027.5660602318	
29177	2	6	238.411274551605	
15567	7	20	661.883287253735	
28079	5	28	912.913521580823	
21499	2	8	317.206374927054	
29337	9	31	997.940411063815	
15156	5	47	1489.38184103434	
20522	5	45	1433.02677664581	
13808	7	17	593.846346788968	
16465	10	42	1342.08139314413	
11261	10	47	1493.90277872509	
11106	10	28	928.826944254724	
21624	10	43	1365.63684016729	
10374	1	28	922.934423146273	
9311	3	14	482.854121291476	
28489	7	19	647.738965529827	
25269	4	27	871.555937524678	
10482	1	8	301.251203073771	
25647	6	30	966.418294239053	
10445	5	30	973.200833617337	
25861	4	8	300.48845878825	
8707	2	42	1346.27603124188	
20275	9	49	1553.88228753297	
17727	6	7	279.113627802168	
20252	4	47	1497.95713125633	
10297	9	31	992.596428334991	
27201	6	6	248.274080049374	
14017	5	37	1188.11859897716	
9063	1	20	679.60791820642	
9301	5	49	1546.66678586354	
20732	5	20	676.721407378428	
16018	7	50	1581.03162868928	
27375	9	4	194.798904263786	
16301	6	22	732.101235879632	
18041	3	10	354.610891246521	
24049	8	23	762.462166493042	
24585	10	1	105.052464131756	
10531	4	20	665.609224562351	
27521	7	50	1571.90857159528	
9434	3	34	1096.61894033506	
23494	1	1	82.3651932190942	
20108	1	16	542.700389317563	
17589	2	4	179.56742000746	
19972	6	28	920.810874607792	
21789	5	29	945.203328833544	
10609	3	6	234.605980252198	
27918	6	50	1598.30194994728	
24883	3	41	1319.74232485506	
15874	8	46	1471.18576796315	
15116	3	31	1007.83415260158	
26548	7	33	1065.60755801648	
23971	2	7	292.041904168223	
14596	8	29	955.385871862707	
13795	9	44	1405.23686262091	
10994	2	2	118.548349979589	
27492	7	40	1281.29002898992	
21443	9	7	284.528987018638	
18480	9	13	462.769659451567	
28295	10	31	1014.95639032449	
23491	10	28	924.609946592064	
19439	9	25	829.666331014441	
16552	9	10	381.263242057182	
28992	3	25	833.418858439391	
29266	3	19	647.179560925429	
20398	7	22	745.359985765703	
22856	3	48	1512.87115003582	
14150	9	25	814.028039990937	
16849	3	21	713.535604287654	
8126	1	19	648.323531899752	
15821	5	41	1320.39195479843	
19556	7	18	622.686501398071	
24819	5	7	285.946712962327	
11660	5	9	329.342631478488	
24011	5	46	1469.799353904	
12954	9	30	970.835640398243	
19228	2	43	1357.78806947069	
19269	6	39	1246.70861123442	
15209	7	21	713.071412925176	
24828	3	29	933.910298968623	
14802	5	42	1343.35115100413	
11584	4	31	994.294478387709	
28017	10	15	528.531755194316	
26991	4	41	1316.93283101401	
8827	1	40	1271.77376560484	
19660	1	16	561.059227847056	
19684	8	13	464.679503210205	
13586	2	21	705.645756826571	
26740	10	11	389.562041642872	
28521	5	21	693.552885900043	
27599	7	20	673.320862256606	
14430	10	16	557.933179474405	
29007	3	39	1242.28280468019	
20370	4	39	1250.65283423786	
24256	9	22	727.29862500322	
27182	4	9	346.952609320615	
12628	1	41	1301.10195116191	
15318	10	41	1309.28153087817	
8048	8	35	1132.38785908203	
23141	5	6	255.450888842089	
20382	3	32	1032.33217879773	
28339	5	31	1020.57794026126	
21534	2	30	964.766345659628	
11483	10	23	751.418792955307	
14909	1	5	230.793813164716	
12857	9	13	465.147651203511	
22774	9	26	859.660845054156	
22221	9	49	1562.69927268974	
10665	2	34	1085.58651795871	
17104	7	15	514.401222222672	
10047	2	10	360.760280508902	
12632	1	2	114.581417755495	
27142	10	36	1171.45757409346	
18046	6	35	1128.85936048294	
26901	7	40	1271.60523932036	
29012	5	48	1530.31546820435	
11978	6	10	381.134575820125	
19043	7	20	664.330411043172	
17963	7	36	1161.64509283455	
10525	1	3	166.120333078373	
28998	10	10	360.680482555498	
23555	3	27	887.225393209246	
21147	6	14	504.465998348066	
25044	5	1	99.9827183876106	
26463	3	50	1575.00266964315	
19871	5	26	842.458775324029	
22404	6	30	980.403696717882	
22386	5	19	635.29387872447	
24397	6	37	1202.04400647527	
10285	2	37	1202.84674458338	
11899	2	40	1269.73368923633	
18977	7	2	128.506538592515	
11638	1	4	194.320752152391	
25739	5	16	537.620524083088	
13564	1	47	1501.5781201709	
11261	10	11	402.773210742871	
27990	8	1	109.528132728081	
8395	7	43	1377.11296223901	
14721	9	36	1166.13901784929	
14802	5	27	886.626114401327	
14693	2	41	1301.3983827929	
10897	7	14	501.98023052047	
10745	9	38	1220.05923886786	
21583	8	46	1475.1608194202	
22571	7	11	412.792605391141	
29239	3	19	638.739444501111	
18061	6	30	986.475605380943	
25931	7	4	193.423444197245	
9866	8	50	1579.04759491749	
10788	7	24	796.983156798865	
17691	3	49	1565.81803350049	
20557	9	21	716.771540118741	
18195	2	5	227.636438043619	
28788	10	32	1046.26752600366	
26181	1	47	1494.77040628659	
19436	5	5	225.106785588482	
26224	7	17	596.111941913195	
8395	7	29	944.783627272017	
10824	6	23	776.41612331216	
27746	3	30	988.335037840686	
13487	7	34	1084.74395448563	
17247	5	8	304.366966329686	
27480	1	12	440.655266214467	
25502	2	47	1482.73977337533	
12045	10	26	844.667532986341	
11091	3	8	312.253741916387	
9498	3	48	1520.2606656031	
13766	5	21	713.837050010374	
21944	2	38	1227.28124031205	
20023	6	29	948.832028577492	
24022	9	47	1500.78733547627	
10778	1	18	604.021613581116	
18475	8	34	1098.19139319388	
25509	6	10	355.018978433227	
13863	1	13	464.721950285473	
22331	5	46	1458.70025203503	
27792	3	40	1267.16615434138	
8694	9	19	629.305178927865	
11917	4	40	1287.19011299647	
23666	3	31	1016.26322514204	
13564	1	46	1455.98316994309	
23461	6	26	866.980252520638	
24551	4	19	656.246283806975	
12056	1	14	485.060849676403	
15158	9	39	1237.02871108289	
16461	5	19	632.96214911759	
24141	3	47	1500.8701005489	
23437	8	22	748.053226148734	
12999	2	19	642.850117796497	
8680	3	42	1356.47133458241	
28509	6	44	1406.66126882968	
8100	2	23	764.744505456064	
8223	4	20	680.696838926848	
8984	1	6	257.803980008608	
28235	2	44	1401.8821599157	
10579	1	33	1077.03141646321	
14287	1	3	141.324964306003	
24245	6	42	1337.31946549254	
22745	7	21	710.493286433859	
15413	1	4	180.538863474754	
20522	5	22	718.478778898008	
13507	3	9	352.638555370569	
22106	5	16	566.142203885197	
21690	1	21	710.215566340003	
15033	8	27	896.195821322592	
15624	6	32	1041.79641991937	
9530	1	38	1218.58014692486	
27067	8	46	1472.61745961039	
20287	9	20	661.545575718184	
13328	2	2	116.070154251563	
14335	3	16	557.940631247098	
13825	3	49	1566.80676298533	
14915	7	39	1257.59351427555	
26895	9	43	1360.15289817013	
16353	7	35	1132.3518678976	
16602	9	8	297.763701964991	
8480	3	39	1248.12068252271	
17536	6	49	1555.59441653806	
9876	1	9	325.711062292434	
10417	2	7	291.705383868751	
24716	3	11	411.383641367491	
29055	2	26	852.207439454369	
22897	4	3	150.986932213878	
9850	7	46	1470.80990572963	
23149	9	35	1142.17075974782	
17127	8	25	816.042830020209	
24998	5	48	1523.32477465427	
27164	6	28	920.38741318527	
8501	3	16	553.136818517529	
22894	6	30	987.690533822258	
24992	6	44	1397.37528772902	
27295	1	48	1529.84668884885	
19629	10	48	1518.81189249401	
27523	4	37	1186.65124952172	
23875	10	10	377.784446244028	
10406	7	37	1183.34461457252	
26882	1	10	380.838048635441	
27183	7	49	1546.03071746697	
27869	7	37	1188.86502835381	
24402	4	7	275.232291163519	
9813	1	31	1014.38200219273	
16124	8	1	108.252640938504	
10572	1	3	166.507650430551	
20850	7	18	606.779963544933	
19848	5	27	878.530703335316	
13022	4	45	1439.85450584435	
28207	10	34	1107.15099118052	
9869	9	28	920.543940756723	
24496	4	22	725.452112111008	
23651	3	37	1184.11845795071	
26471	10	45	1428.9107339405	
8946	2	4	185.730547767938	
15633	4	34	1091.6084032001	
10366	8	14	498.787902565109	
23821	6	43	1369.15522210726	
17457	9	46	1466.27133944364	
17857	7	7	281.651623156691	
20468	10	21	695.332298155563	
12184	1	36	1168.04480659219	
15373	4	3	160.152991302383	
19572	3	35	1118.47164526511	
26420	2	10	378.192733739592	
10927	4	31	999.480641092863	
9145	6	40	1273.85504189593	
23594	3	8	318.694866522539	
8628	9	19	628.093942398249	
13932	1	2	127.994870491323	
8615	10	3	150.942264753833	
28881	8	33	1062.3684519261	
24918	8	49	1549.00725332508	
14368	5	48	1516.92565332955	
10109	10	41	1302.08996505574	
9484	8	13	446.729388184254	
14528	3	2	130.478771128915	
12646	9	27	877.323381676024	
27119	6	10	383.131000428987	
28793	10	23	765.699789023818	
28998	10	36	1144.20696866894	
11966	2	20	672.279202394318	
26686	4	41	1302.31625390347	
27863	6	41	1308.89183883969	
20097	4	20	682.780833897545	
27869	7	7	274.935301074262	
17275	7	30	969.018360566822	
8581	5	36	1158.77979988175	
27117	10	40	1291.64473996109	
13068	1	15	518.238285648747	
26015	2	34	1100.0239899289	
11479	10	44	1417.49602741445	
28862	2	15	511.513106800389	
24639	3	30	981.692991415827	
22090	3	40	1285.50575047988	
29654	2	13	457.985910874785	
11941	3	34	1108.71203705143	
9928	10	23	756.760645898413	
24769	9	21	716.189268453135	
18130	2	21	708.771999845641	
