idEmpleado	idDepartamento	ventas	importe	
28962	3	19	647.651998925792	
17907	4	29	957.702477796796	
28670	4	35	1136.3376319857	
20837	7	10	358.473802301322	
19022	5	43	1384.57377926659	
10238	2	39	1262.29557576696	
20749	5	47	1493.29264784851	
9445	5	24	782.799112341739	
16852	1	15	529.262143582693	
14571	8	12	419.066592426536	
14591	3	2	129.559560143184	
29243	6	28	927.14101394971	
22611	7	44	1401.49269366706	
28768	5	21	709.862934271741	
24256	9	46	1475.57945007252	
26497	1	6	243.625491114159	
26775	3	35	1129.36155531991	
15286	10	39	1261.28592285388	
10043	3	19	638.833303711765	
26409	3	4	177.668014959278	
13410	7	48	1518.58615998113	
17032	5	21	696.74059471895	
16852	1	36	1159.02993185401	
9771	8	41	1298.49685941753	
25563	7	5	226.848156855837	
23277	8	1	97.9852667534655	
24698	10	31	997.295683378957	
17213	9	10	362.486777250882	
14439	4	5	222.019684902402	
15313	3	3	153.277502243071	
29941	5	3	153.915488083808	
15149	2	27	873.404224884419	
24746	7	22	737.327390283964	
21970	10	28	910.076809800266	
27635	8	26	844.439945316147	
9866	8	49	1549.52349951003	
26170	10	43	1360.5707813802	
11966	2	34	1098.78912615533	
18390	3	33	1072.14261969186	
26806	8	46	1458.40821233504	
28554	8	15	518.471593092415	
21748	8	33	1063.86052289226	
19110	6	33	1073.63911939489	
26960	7	27	871.613041829138	
15256	8	40	1282.61561073485	
17564	2	31	1009.84919814852	
19487	6	24	802.913301290438	
13191	4	4	178.650670768065	
16468	10	14	502.626380185888	
10539	1	45	1435.80137640042	
9649	1	42	1335.86115966358	
23673	2	14	491.165589881672	
22160	3	39	1258.93377306821	
10141	10	20	671.724450901022	
21547	8	24	785.415359095398	
8568	3	49	1550.91140420684	
9415	3	44	1398.67254594279	
10457	5	45	1437.84077256817	
16810	9	5	211.625645445485	
25688	1	43	1366.58851251313	
28777	1	9	344.999892388005	
14698	9	38	1210.80587059763	
10366	8	19	640.779427439337	
21151	6	13	455.984641339623	
15324	3	9	345.151104342728	
24972	2	26	856.155335258765	
28151	1	7	269.813623665745	
17539	7	17	571.415883866798	
11010	2	46	1465.42298895559	
22362	7	48	1526.0559505625	
10963	4	14	483.054709733955	
26931	1	2	110.572429164579	
12342	7	7	269.143303162019	
8350	9	24	780.425091376726	
27169	10	39	1259.19642186686	
18316	2	15	534.725637088868	
20847	7	38	1223.10147532406	
26798	1	10	367.416890024867	
26796	9	1	95.8812486826821	
13681	7	25	816.998958707321	
10522	9	27	895.071965463027	
26756	10	27	898.645012610892	
22016	2	46	1459.86039706499	
10837	7	11	386.218308501979	
26185	10	12	417.416342579488	
14810	6	39	1262.74989820214	
13784	3	38	1214.4704518162	
18304	3	3	145.602939382942	
17282	9	5	204.661450704868	
25093	8	27	893.528541109305	
29166	9	5	230.850953567238	
13863	1	48	1522.73000881203	
27705	1	30	967.163480709849	
27652	3	41	1305.55410717873	
17704	9	37	1193.40831994703	
19422	1	28	907.665722494789	
24011	5	14	503.081095452924	
25547	8	21	697.654478055264	
15189	3	18	606.461937486409	
11094	10	15	506.460275476081	
18423	6	25	820.03557448277	
27648	7	8	311.49741742364	
21748	8	8	313.227681812471	
14404	1	17	576.570429623393	
17344	1	32	1032.74666666647	
26779	10	41	1305.288730499	
15741	1	8	302.022286719653	
26090	1	16	558.508681691489	
14241	3	31	1012.52802903416	
10672	3	9	330.68972200653	
14373	7	11	407.809928882779	
21328	4	34	1111.25565591792	
17263	10	45	1421.95952388549	
11457	2	31	994.626686738165	
14219	5	16	551.516547050102	
19617	4	32	1046.35487977711	
27872	4	42	1350.94547353263	
21069	7	9	334.561118937359	
18727	3	2	118.568298760135	
15459	2	20	682.401206140593	
14246	1	39	1241.68488344256	
13059	4	5	204.210684282803	
23134	4	13	446.75443316193	
21464	4	19	651.894447846289	
13540	2	43	1375.20499699526	
19691	2	16	560.324700921925	
18544	1	22	743.408948454731	
23777	2	16	563.589195983293	
16095	2	37	1187.01677142969	
13928	5	12	431.530699372073	
14804	8	2	111.644541635944	
18394	7	18	605.446997268799	
21029	6	43	1360.95495253846	
18827	2	37	1189.4209732066	
16458	5	50	1596.96338422455	
18331	8	20	663.574548039387	
15725	7	20	665.417330798422	
11105	1	30	963.289967441601	
10708	6	29	953.471641835511	
8201	9	21	712.127612080484	
20846	1	32	1040.72761148248	
17215	10	22	735.961770124716	
19481	3	22	733.074910348782	
29725	3	46	1473.97172869834	
17932	5	16	565.718612226527	
16811	5	22	719.595297649314	
12128	4	4	180.770484926538	
19083	5	50	1572.53679397168	
16092	6	25	834.037560128624	
25443	1	5	227.053440169922	
24842	3	36	1156.72024896216	
27521	7	6	248.519976515565	
24921	1	20	659.086179295129	
16224	4	48	1524.06073134582	
19158	5	26	864.775392033521	
23922	2	21	695.824890199967	
17312	3	46	1464.74298426171	
14086	1	39	1261.33323396618	
17437	9	24	801.365432628135	
17657	5	16	552.421965744543	
19661	1	19	641.879782044273	
16233	4	42	1338.43309073636	
29324	5	30	971.491910261797	
15294	6	20	660.997329662087	
23035	8	8	299.045180370587	
26634	5	44	1402.36293161398	
16360	5	42	1350.30070337947	
10730	3	8	312.538550678891	
9337	4	31	997.663302513614	
13028	10	47	1487.94199901071	
29159	10	13	460.937548978691	
20252	4	13	467.655506091032	
12792	10	30	981.089477101848	
28151	1	31	1006.44068667965	
26658	8	39	1241.67359465811	
23138	6	17	585.723113317845	
11392	6	33	1071.13577393402	
22771	9	17	572.782704463593	
28199	8	3	166.175835619762	
12700	6	22	735.609699345943	
25836	3	13	459.554215995387	
22504	8	23	770.872154483046	
8403	6	42	1329.55163585467	
10456	9	32	1039.96333125977	
18665	9	27	874.810450409916	
24384	5	46	1463.12456512038	
10769	4	49	1546.36081797367	
9866	8	45	1436.89422119264	
23360	10	11	404.64558117308	
29341	10	30	981.138494024583	
27794	5	24	798.831563777678	
23290	10	31	1004.08409683224	
28169	8	6	241.924534813466	
10851	2	14	481.049676090968	
24141	3	3	150.247830036212	
19498	2	41	1302.29452074612	
22646	2	43	1364.46985986292	
18638	4	3	152.077580686695	
9204	8	39	1254.92654832775	
22415	7	23	763.355680612547	
18081	8	30	969.294594269849	
27919	9	46	1468.23193424765	
8470	2	19	654.87349145807	
17838	9	29	946.09556111791	
26471	10	43	1366.11589119123	
15514	1	23	769.064742871125	
10335	8	26	867.430499413717	
28981	2	39	1252.64549261548	
15425	8	10	362.387136687705	
19864	8	10	359.052278715676	
23300	6	38	1224.68911626595	
24502	1	30	971.960279798117	
23712	7	37	1175.15739834642	
19251	9	3	145.755733282192	
25621	2	4	172.867749749156	
18678	2	46	1471.00762756123	
12481	5	1	88.8814548816911	
23349	8	48	1531.52857900203	
21064	9	43	1386.18687925217	
21485	1	12	435.920615250208	
29157	8	46	1456.00211364031	
16284	9	48	1513.40648218682	
9890	1	47	1507.89296950581	
20119	5	1	96.5248084890306	
13923	7	23	769.110435233037	
12304	4	33	1056.85345214645	
22219	2	8	305.730971277566	
12214	5	17	580.039801010881	
18592	1	29	936.192856643439	
9653	4	49	1539.37907391199	
28059	7	25	821.253253454926	
14098	9	31	999.058193247327	
15442	3	28	917.856156135842	
28250	6	31	1002.82015500722	
14072	6	43	1366.31510507609	
20941	4	17	591.322281747741	
23816	7	4	195.998663024976	
18013	3	13	463.456074736759	
23261	2	40	1273.84744006854	
27168	6	4	185.745707538792	
13645	4	20	675.694065706662	
12204	2	10	373.715325358191	
22729	6	36	1154.50708450494	
19070	8	2	125.593302457404	
25049	10	42	1356.44937775864	
27028	8	45	1426.87128397956	
11173	10	45	1428.92669848582	
26900	10	4	176.168801531274	
13347	4	11	388.181926341812	
22554	7	7	279.240202474985	
16206	10	40	1293.41306586443	
17324	10	45	1432.94128086089	
9329	3	10	365.890701434524	
26501	1	27	899.005933077543	
10766	6	28	907.353566972238	
9175	9	33	1055.88811208303	
13365	2	49	1560.33896474183	
13607	1	19	638.34868296904	
24537	8	6	256.985125884872	
28286	1	11	389.26243904478	
19655	5	16	543.333771593558	
28707	10	10	367.390698402836	
24562	1	11	396.45263597204	
19990	10	12	423.008062775716	
20166	9	35	1137.79902526075	
23380	2	8	305.630923018619	
11450	7	2	134.104123662274	
19467	9	6	252.337243339204	
8693	3	10	379.440628206097	
28197	1	37	1181.54546800141	
11785	7	42	1355.00896453625	
17675	1	38	1225.42538014493	
19828	3	9	337.681138933488	
21029	6	40	1280.44117171338	
17503	10	43	1360.22654954355	
21443	9	36	1162.28678828212	
20572	9	12	438.899397681886	
12718	6	46	1462.29966704841	
18299	10	9	340.075430730393	
23671	5	29	942.239151253476	
21240	10	38	1227.92675366063	
15085	7	5	209.562169746292	
15851	8	7	271.857874669068	
27885	10	22	736.952654168453	
8092	9	9	325.966008047557	
10536	7	30	988.311972594034	
19018	3	21	713.167491812803	
20789	2	1	98.8502230582993	
18480	9	4	175.466588034977	
11495	4	11	390.426992993069	
20853	3	19	630.983317005906	
24542	1	36	1157.64998005594	
14006	5	7	286.470948851887	
23556	5	30	964.585001023759	
18917	4	39	1242.41193594523	
10987	10	11	388.303367303826	
25206	7	50	1577.26268938615	
20377	2	25	811.499021729221	
9766	5	17	587.794277196654	
23677	7	35	1130.81845474002	
16367	8	43	1372.76716031729	
29454	10	39	1256.58945514662	
14410	6	44	1396.72817332518	
29307	4	24	806.636458340397	
27569	9	15	524.231237938735	
28321	10	3	147.987685719499	
15720	1	37	1175.2601419274	
12354	7	20	685.449529721145	
25476	3	35	1138.779383534	
13080	3	42	1345.06677869012	
23104	10	21	696.988714401139	
17692	6	4	178.039297693427	
24158	5	10	378.273252238647	
13754	1	28	914.745974631396	
21996	4	23	761.33568538415	
29566	5	11	413.771601847267	
20819	6	4	175.532823733768	
24105	10	39	1259.49998180359	
9042	2	4	177.042054728159	
18402	10	5	229.487052666716	
20322	10	37	1192.46343120582	
20930	5	2	115.253900603975	
26377	5	3	156.870655304226	
21585	4	50	1589.01363521303	
25177	1	19	630.562150995509	
29753	9	7	277.358984480314	
22921	10	31	1018.95443129305	
19832	5	30	973.096137909729	
29366	5	2	118.029235768146	
23461	6	32	1051.92318223972	
8523	1	37	1185.02409889597	
24106	8	38	1227.40037595266	
28777	1	29	954.505389851753	
25637	1	24	809.256975990374	
24941	3	36	1169.47199093619	
8089	6	50	1571.33729851401	
26131	8	11	412.833996421115	
20242	2	33	1065.22141632867	
28984	7	7	292.721416229718	
27269	7	6	257.978322328058	
18408	6	44	1413.05183066663	
19899	3	1	107.717962091657	
15852	1	16	560.070839524302	
18350	9	12	430.399809344858	
14879	8	40	1293.43827859193	
22508	5	15	532.944019312479	
21564	9	26	859.37672781729	
10767	8	30	971.72497422049	
10062	5	7	283.249315639608	
15161	7	28	908.640334097967	
25726	9	7	292.770543570058	
12639	4	11	397.762707582564	
24730	4	21	714.456967001062	
11361	10	12	438.307224529938	
20767	5	48	1538.3550235342	
10942	1	42	1337.51325971331	
22074	9	37	1179.71879984239	
13008	1	44	1407.71453811215	
26685	1	6	256.074307344888	
13033	2	9	326.872253458422	
9564	6	22	729.033254426454	
23574	4	7	282.164004017675	
27019	1	19	647.420293953	
24645	9	3	166.856201294277	
21860	5	6	240.042679794153	
8166	1	33	1069.58833844847	
8825	6	25	823.533907841674	
27812	4	36	1169.01627624827	
20745	6	42	1345.27398369521	
28733	6	24	789.998386870138	
23435	2	1	80.937605426152	
11872	4	21	710.311407405097	
12685	5	32	1046.77856557387	
25879	8	48	1519.0637324001	
25825	1	12	416.435222000086	
14326	6	36	1164.74546911416	
16529	9	36	1155.18306107967	
25199	9	42	1326.47084595937	
28649	9	10	375.575356621097	
20035	2	4	177.61813168303	
16937	10	31	1017.98225666302	
15026	6	2	127.229457072555	
14205	4	23	769.846822270121	
19388	8	24	809.388901670179	
12600	7	25	839.152638669663	
15349	8	26	867.261391313403	
29941	5	17	592.943408951603	
8207	8	17	596.198165321815	
12079	4	27	870.901952456172	
28862	2	45	1431.95873122288	
24622	7	13	471.618498671622	
14243	4	18	605.119458308965	
9908	8	27	889.147108983783	
28165	2	49	1565.8491627713	
22914	7	35	1128.9450679016	
18789	10	38	1210.88782664895	
26988	2	33	1060.29766813866	
20179	1	13	473.214638230025	
25058	6	7	270.357129550705	
16904	6	8	303.849940143456	
14738	7	41	1309.4101114708	
19952	2	40	1290.36045156902	
10646	10	38	1226.45099052528	
19937	6	34	1093.25092876947	
29998	6	28	907.702728671815	
17617	3	37	1182.45913616496	
24889	1	29	950.984142008696	
23330	6	24	795.393234600962	
9812	4	1	101.872002529852	
16301	6	13	453.609554420044	
24630	6	6	262.330198633638	
28059	7	46	1453.24795388302	
11183	3	34	1112.13918149105	
20289	5	3	158.456175661858	
23968	6	28	908.889996795398	
25503	6	20	681.803797353899	
19447	5	34	1112.31718174755	
8045	2	45	1438.03139228282	
28724	1	28	927.703562624615	
17838	9	30	972.78128848075	
8141	5	16	556.644929496872	
29542	8	8	307.335742519859	
21854	6	10	378.114323792101	
29866	2	48	1513.31525247233	
9771	8	11	398.379888198515	
15646	3	33	1075.81814711719	
10570	5	45	1421.16429842131	
22544	2	33	1080.92940280257	
24084	4	13	470.118664498496	
28103	5	24	805.547395351132	
22361	7	4	184.447800975501	
19018	3	23	761.968422849648	
11388	1	35	1136.11371640866	
29238	5	3	151.725416477642	
28154	6	13	468.208020212226	
28078	10	42	1327.62180509401	
26015	2	14	500.778466547271	
18228	7	40	1276.59589350065	
12552	5	47	1501.68617299836	
22013	6	39	1256.6935025047	
21906	4	48	1516.27724930471	
11111	6	44	1397.55017435064	
22933	7	17	574.326162791963	
14091	2	14	497.292398036128	
9907	5	39	1249.62853258924	
17120	3	18	618.3705447886	
23988	8	34	1092.98027681791	
15173	9	25	810.690933321924	
28171	1	22	736.959165975898	
17182	4	15	527.141270547705	
29679	7	4	178.5706449014	
12142	5	38	1222.26627585584	
10914	7	36	1145.51107560541	
26779	10	27	897.575841069955	
17445	8	42	1347.20501064658	
18810	9	33	1082.07436895095	
27371	3	31	992.246127776916	
24052	8	41	1313.13573805296	
9933	5	23	774.871040570955	
10100	5	45	1431.88458155463	
24969	3	43	1361.29483774365	
22100	3	46	1470.05473920612	
26606	7	11	405.274570102466	
24736	5	27	896.32460717872	
8962	10	9	349.161753444542	
21862	8	34	1100.36177578399	
23468	6	11	397.134237474359	
16100	10	32	1040.41376501341	
9395	4	40	1290.24815544963	
16888	3	37	1181.26819170139	
13359	3	6	261.025330806629	
12576	6	45	1435.7212882469	
11779	5	48	1536.34521928446	
22076	2	40	1271.01006011991	
28670	4	33	1056.50403917604	
14246	1	23	759.094755146231	
8179	10	42	1333.0095797279	
11383	10	47	1480.82192575597	
27957	2	9	343.686719883087	
26125	5	43	1380.00934340992	
17098	7	50	1582.83787029927	
28216	6	21	690.47336509939	
23899	1	12	423.970236826674	
22533	9	49	1542.97739395079	
11758	7	21	706.976750449732	
26796	9	16	562.181525119665	
17525	5	38	1216.45734724424	
21995	10	8	318.537875338708	
20405	7	11	404.520405831058	
27805	10	30	986.13365126128	
23689	5	12	415.37567731709	
22894	6	24	787.642728494314	
8540	5	17	581.724852929695	
20122	10	3	149.801591443737	
13680	8	47	1495.39866476105	
15601	8	2	126.222510098583	
24085	2	33	1072.27560424818	
19665	9	40	1278.00155561324	
29650	2	5	228.130644591586	
24661	2	5	229.26675680525	
21753	8	8	301.236307314241	
28732	2	2	132.566511804502	
12743	6	35	1120.44277787229	
16080	6	36	1155.69097427451	
11986	1	9	346.115939741077	
10577	1	9	342.849356654496	
27044	4	40	1285.92105657138	
27507	3	46	1474.5010154855	
14290	6	45	1441.07180189391	
26588	8	20	668.110255500353	
28634	8	42	1349.06478922305	
25827	6	34	1111.42420202094	
27062	3	32	1049.44901816987	
23947	5	31	994.86169716104	
24833	5	46	1449.04671125535	
13578	6	23	750.821472644257	
20028	2	35	1126.08450237945	
17137	9	13	462.297176151675	
29423	4	7	269.347856728988	
27649	6	43	1386.98022832488	
9395	4	47	1483.90442853975	
21121	10	3	158.596362135651	
28230	1	21	715.893359182353	
29403	6	11	384.114504188353	
15298	7	26	845.892514384302	
8712	2	33	1073.38260231231	
13919	4	29	933.996435317209	
25391	2	46	1466.54362784072	
18736	5	43	1375.61139535886	
8063	8	31	1010.28152907746	
22418	5	40	1286.81915089806	
24718	8	2	135.008024114653	
28938	2	42	1332.69128116439	
16976	4	4	194.419963077838	
18666	3	36	1158.77303609567	
16783	7	48	1530.27135849477	
27489	3	36	1170.0305872271	
16634	6	26	868.279262552168	
15496	9	40	1276.86145420971	
15691	9	12	444.127393795237	
15830	7	27	876.260468548285	
22635	6	42	1341.95633175874	
16233	4	14	477.466073444796	
15980	8	42	1336.4101503307	
18361	4	39	1237.06886203823	
19954	7	28	903.951475296147	
14786	4	42	1338.19371032444	
25660	4	37	1186.86315576865	
11351	8	8	300.754880188385	
13288	5	25	824.577192116798	
19289	9	18	600.138007719134	
29945	6	21	689.9784280965	
28171	1	34	1088.65369888426	
13502	8	12	441.150416266709	
22090	3	9	345.362328265497	
23266	1	5	222.639945178591	
21954	10	31	1016.67315262215	
12802	6	25	816.328273683939	
20726	1	11	389.798459890205	
10540	3	27	872.733337428762	
24429	6	31	1008.85292133729	
11855	2	45	1419.37742873066	
22096	2	4	178.889620126639	
21907	9	15	510.790272816452	
11862	7	30	981.291104602297	
10249	10	40	1294.0567651084	
24792	4	43	1378.73292085656	
15516	6	29	935.029055092032	
18994	3	45	1436.08866106537	
10156	2	48	1518.77535276058	
8223	4	37	1180.79088541716	
20658	6	9	337.805239827281	
25103	5	24	785.435721941961	
13718	6	45	1425.22046293375	
11621	9	17	590.719759776592	
13573	10	5	221.948096781014	
9311	3	40	1281.13028869085	
10012	10	30	979.483208851648	
9247	4	22	747.045642150122	
24461	7	49	1541.94103908815	
15104	6	42	1335.18889198787	
27959	3	42	1347.13327954855	
24467	2	39	1245.78874765234	
24752	1	19	631.034203242061	
8693	3	14	490.143521358326	
11127	9	20	676.840722801555	
26394	9	19	646.354325230398	
8490	10	30	971.540864897678	
14781	10	46	1449.05763481234	
10983	7	31	1016.13309091708	
10766	6	17	593.598205872624	
14483	10	12	433.702313543159	
13689	5	16	558.480802661963	
13122	5	14	484.128116780952	
17201	3	32	1035.27447245795	
19049	4	33	1056.88303981763	
12945	9	39	1243.0667116321	
9850	7	49	1566.67580062834	
23887	4	12	435.119045728407	
15841	4	49	1543.01209692984	
27167	4	35	1125.21855443959	
8222	4	14	483.164655232413	
29861	4	42	1350.77449470329	
17364	9	10	381.979527427805	
23376	6	39	1243.78630669964	
12868	3	9	342.332767891853	
12876	7	47	1504.54270615454	
29019	7	39	1263.4332359505	
21393	6	46	1450.43065649012	
20046	5	5	203.414231484483	
18307	3	16	541.509656487736	
18819	5	2	117.189943770501	
11942	5	3	149.282631533818	
13350	10	13	447.85742080205	
19320	2	35	1137.54444544089	
13469	1	39	1261.71964178873	
12913	5	6	253.588681078324	
10034	8	36	1147.85541688458	
14218	10	1	100.646751458126	
21196	5	11	384.450381800742	
11455	1	22	727.702439877997	
11907	9	14	487.192055958878	
18506	3	34	1085.97142027969	
24363	6	14	499.955570148283	
27527	8	31	1005.17714688795	
9568	3	25	827.088571874	
29157	8	43	1379.32443716532	
29061	9	10	381.307605161009	
11402	4	13	469.945990475801	
20841	4	35	1133.83671995897	
24567	4	17	578.881385148913	
21818	10	41	1314.45448806251	
16082	7	18	624.364163123241	
10791	7	24	804.033545220286	
25000	1	14	496.722484648564	
15670	1	29	932.024236755457	
26023	9	50	1596.35878484527	
13358	9	29	943.80922022453	
16371	8	30	987.247896542422	
20832	3	5	227.810753466473	
14104	9	23	772.298016647016	
10731	4	30	982.921089279894	
20971	3	35	1121.11020840756	
10826	10	41	1325.64340332786	
18233	9	16	554.623434429347	
13556	4	16	556.408262102123	
10465	7	10	364.419682009341	
29243	6	4	190.623381859913	
28992	3	29	946.583671340059	
14570	8	43	1373.55483066922	
26588	8	27	883.294358739301	
25080	9	4	175.211294747522	
16468	10	49	1546.02904917022	
19546	10	2	130.668663927665	
10493	6	27	895.309657051838	
13526	7	21	718.026498480712	
27022	9	31	997.193234952722	
15508	1	28	930.818924555005	
9801	7	30	976.802380539851	
23025	10	14	496.697734825638	
21993	3	16	563.008330726534	
29274	7	37	1203.23510099353	
16090	9	27	873.487245474703	
8490	10	11	396.59393653115	
21993	3	38	1224.53284633557	
10238	2	25	827.055168425224	
12938	6	34	1092.82578064726	
17182	4	29	945.249086313531	
11465	7	49	1551.13493615349	
18774	10	7	285.520208685435	
27742	2	39	1265.36085694347	
28149	6	28	909.779460853794	
17390	7	6	240.607520342156	
12113	3	46	1472.83599799165	
12791	2	38	1212.15236515373	
18942	9	42	1344.7813505981	
18165	4	30	966.081847551317	
16939	4	43	1360.32801695183	
28565	4	49	1545.33213571894	
18139	3	15	528.768884785831	
27527	8	16	542.668889864659	
17278	6	40	1268.70105530541	
21212	8	32	1034.72393382095	
18789	10	21	696.391159806583	
24061	9	9	330.542361219666	
19594	9	14	483.670090401392	
27400	1	43	1368.42543889229	
9159	6	17	573.695499195575	
29268	10	47	1508.72388816845	
13304	8	43	1378.69598616785	
29812	3	48	1534.83100180273	
17993	4	22	745.539860290261	
29033	5	49	1567.00683968468	
18066	10	17	570.550161716784	
17859	3	39	1264.80242273994	
27156	4	36	1169.06291565349	
13558	6	4	189.433843805191	
23422	6	24	804.516271876412	
10771	9	4	181.110556992288	
11020	4	42	1327.56826600412	
20182	4	33	1063.58248145486	
13534	9	31	1019.17059569581	
25021	3	6	239.488445706427	
15173	9	22	741.063462654624	
17238	9	4	188.193973725752	
16018	7	50	1573.51489788551	
9304	9	48	1534.60377440537	
12055	5	3	153.193051178564	
29829	7	15	518.516298773939	
27011	2	36	1150.52830645373	
26483	3	42	1351.9446509294	
11646	5	39	1236.86521800089	
23573	4	30	985.486788836069	
26788	4	15	528.033495754019	
14998	8	49	1554.02884496098	
10934	9	27	894.307275421129	
29660	6	6	248.511167172581	
8082	8	6	257.096085668121	
18643	4	3	146.051575311484	
28185	1	25	820.862755934178	
11432	4	33	1058.62972953293	
21625	6	18	599.130281451685	
8542	4	32	1036.52519814508	
26294	5	6	252.438949985634	
16810	9	9	350.689206882701	
10166	8	18	599.820996653205	
25019	3	29	942.772621169115	
24225	10	40	1270.05735862537	
12339	3	7	288.033575251714	
8134	4	2	123.089449500241	
27831	8	39	1235.34750679291	
21784	7	6	241.565575674905	
9991	5	39	1259.21745995954	
10091	4	8	297.763869714813	
17324	10	33	1065.18640333097	
18629	9	35	1123.49829416885	
20870	8	34	1109.21260959898	
20006	9	10	373.660471166326	
27159	9	17	588.197186080831	
19799	3	10	357.02746333416	
13756	8	16	549.066315996026	
26005	7	40	1295.23238771373	
16469	5	2	135.179200421637	
12654	8	12	438.195581714714	
29302	6	1	106.751335238456	
20595	7	10	377.965783801845	
26632	4	43	1360.05307145419	
15763	1	35	1118.97334393066	
10113	10	18	616.521316755806	
10366	8	13	450.49514731881	
26497	1	31	1000.5517484809	
26977	3	48	1532.33775813707	
29257	5	22	738.464696564928	
14721	9	29	960.24780105811	
28830	8	9	348.938536471193	
9988	7	16	544.452200003179	
26875	6	50	1582.64539755073	
23311	7	50	1587.04949572079	
12076	8	13	470.374255771923	
18349	8	37	1188.37297707255	
24136	4	21	710.742276716392	
11597	8	9	344.546415779994	
10189	3	46	1465.15947592685	
23767	7	14	475.426849273698	
16989	10	48	1515.18079966082	
20745	6	37	1190.37907525449	
20040	8	50	1577.64775804134	
14404	1	23	767.722919121256	
9803	9	33	1062.84709242305	
9217	10	15	510.530550792129	
11552	6	43	1385.09466582215	
23270	5	46	1474.85069600625	
19006	2	40	1268.89889958729	
20021	6	44	1389.02411197732	
27194	1	9	351.796439938152	
28274	2	43	1363.3973418192	
25682	4	16	543.951081030048	
17635	4	20	678.329616430369	
9932	5	5	225.687614747178	
12721	2	50	1572.72342308086	
9535	9	25	839.767925199013	
20383	2	45	1423.79927723845	
9572	4	22	733.536041869566	
15708	9	45	1437.5384279329	
27194	1	22	722.537701019336	
13823	10	41	1303.00974865584	
16069	9	34	1103.10087910998	
29235	10	10	378.969658901435	
8089	6	49	1548.82533324362	
21729	1	18	600.734203327789	
29035	2	35	1140.85289661812	
17362	8	35	1122.16311387818	
20583	5	47	1503.2862153944	
27135	5	31	999.824209008284	
23899	1	39	1246.28518661777	
9203	9	7	284.519900216032	
20056	5	45	1430.07291178688	
10679	10	39	1259.75235114794	
26185	10	15	523.014782053891	
27575	2	15	516.372259983966	
26519	3	11	400.318025760501	
21235	10	20	672.330152332936	
22606	2	2	136.126251507609	
15944	10	4	185.990765963677	
26393	2	20	665.400481496658	
23228	2	35	1125.70105247465	
13742	10	9	343.438858549781	
17666	9	29	949.440584587604	
29932	10	21	688.451361119957	
23376	6	17	585.541194651993	
25630	9	1	80.5011189731309	
11398	7	30	984.315781120358	
8666	6	45	1441.36188097362	
28463	3	14	497.650832691067	
23209	9	12	428.605051873534	
28053	6	27	886.942999477937	
23572	10	38	1211.01037391043	
17492	4	1	107.621047993945	
23228	2	42	1352.88914825436	
12200	4	7	292.171051004981	
15477	4	3	167.278196144513	
27580	2	40	1278.67809913991	
13433	8	25	818.897585877635	
12380	6	16	542.112889095262	
19524	5	30	969.677654174006	
20120	8	9	342.931551943967	
22090	3	50	1571.56448061185	
8825	6	9	349.074690579006	
24412	4	5	222.738925359556	
26561	7	3	147.276539722121	
14982	8	48	1533.32443003232	
28303	6	27	884.198729882109	
27058	3	6	235.314834376478	
19481	3	41	1309.31535476321	
14410	6	39	1252.40539732035	
14757	10	6	247.437772866077	
15770	8	43	1367.67302573084	
19326	1	19	627.545275905889	
23437	8	26	852.137946436246	
14915	7	37	1196.83664854469	
10884	2	32	1039.57089010606	
18610	9	6	233.660294522373	
13534	9	40	1290.51829778148	
29421	1	32	1043.28413859163	
14543	5	18	600.233084354658	
15294	6	6	236.537115497765	
22833	7	40	1280.80123290457	
21817	10	34	1085.63538270334	
24398	8	19	651.21915713475	
24576	2	12	439.342187139831	
13570	6	20	673.509526305604	
11373	4	44	1402.45186379294	
19158	5	47	1506.86320289358	
22013	6	8	310.84373104891	
21554	3	12	429.094063839453	
18003	4	22	721.639926620591	
17386	1	46	1453.4325664553	
18788	8	37	1194.01336241235	
26646	3	25	816.31311178967	
21118	3	11	402.468929552692	
23251	9	36	1154.1365718628	
28643	9	50	1594.36416797077	
9059	2	24	806.701659228048	
29520	6	18	621.174821397837	
25856	7	19	652.216764619675	
12037	10	24	796.302389091022	
9405	7	25	829.00094674388	
22936	10	5	212.046526210404	
17820	8	26	845.245435370712	
27971	9	6	261.167279007457	
22583	2	35	1119.26997374709	
27919	9	20	663.465098004539	
13161	2	26	855.483101557699	
17244	9	6	236.052499709675	
12304	4	26	852.60016089892	
12895	3	48	1533.61790162214	
26767	3	50	1588.15980135843	
17695	6	43	1375.61344728601	
10185	1	49	1541.8798047406	
11483	10	25	813.140538676242	
9278	4	20	662.130319039398	
25048	5	16	565.929097908516	
26471	10	41	1297.85553344426	
26497	1	43	1383.39673821973	
24576	2	33	1073.76701341652	
15186	2	5	210.872566239383	
15056	6	30	977.335526988532	
17509	9	48	1524.47110332757	
17057	10	29	960.221290923758	
28605	2	18	610.765470699764	
24969	3	11	394.005206410776	
29678	3	6	253.659663318498	
12546	6	44	1411.23216411622	
9878	8	15	529.669016883554	
12459	8	2	122.700076681888	
13864	2	32	1045.20672213529	
8832	5	32	1026.95863529433	
27907	1	23	749.343476383641	
14725	9	13	471.067373971952	
15615	9	44	1403.93069526364	
24259	7	31	1007.53616875388	
15665	7	36	1148.75470669416	
19442	1	8	320.389947332623	
15293	6	13	470.051878127294	
13681	7	28	920.072213392738	
21754	10	1	90.0444283010645	
17258	4	18	626.968762235236	
9370	4	42	1350.8107031839	
25549	6	33	1058.24357014999	
15019	2	14	495.476162217314	
13872	7	22	733.48012526216	
12747	3	3	157.819119169293	
18232	6	39	1252.13355767174	
12945	9	1	83.1725731134287	
17114	4	42	1340.33861051329	
20052	9	20	668.207473954282	
28404	10	10	376.508634526519	
26116	9	32	1023.30492100832	
18297	2	36	1147.40780798132	
28505	6	15	521.344198380292	
28321	10	45	1418.96686210249	
27106	9	28	904.529843416312	
18835	8	26	851.825235286646	
23371	4	8	314.479964670949	
22928	8	46	1467.16207259668	
14939	10	29	945.610310428594	
28809	1	26	852.23293388832	
10938	9	11	405.814084674145	
10331	10	4	193.352423027788	
26266	6	44	1407.39343876363	
11920	7	17	586.659266327815	
10988	2	28	918.81632497479	
14721	9	30	984.546073314057	
17113	8	5	217.949109476967	
10795	8	44	1405.60436992236	
18855	8	34	1113.37561234523	
26953	1	9	325.539150575893	
19538	3	28	907.803655316962	
20475	5	16	543.324524826987	
28880	5	33	1063.72258511545	
18332	5	37	1183.90380400415	
28070	9	38	1226.52482380463	
13928	5	16	546.227533177579	
24003	2	16	544.745128706445	
8993	8	46	1477.2853454376	
21933	4	8	316.186087241483	
17001	9	18	601.526105646755	
28407	6	44	1408.05959100279	
11983	4	24	789.330406370261	
16568	9	33	1054.49260272761	
16061	7	22	748.698087608767	
22356	10	1	83.6537142860022	
23119	7	37	1201.93566840232	
14040	7	49	1549.72317559166	
9129	2	50	1584.96383316115	
15973	4	4	183.006325337573	
19825	8	10	376.929471407518	
11660	5	1	85.9099826616747	
16010	2	18	602.889805530612	
18904	2	50	1574.46190296414	
8287	1	25	837.811494412744	
27456	3	8	301.154677561091	
26168	3	39	1237.45828015611	
15677	3	39	1250.85013138636	
27922	1	48	1508.8168958895	
26561	7	44	1414.66380028737	
23792	4	23	773.273045855236	
25476	3	35	1114.18444819478	
16555	5	7	277.568203191072	
17672	7	8	306.96299816806	
26427	1	12	422.66832337839	
12396	9	33	1068.70497920956	
22904	7	16	559.980396181336	
23919	5	3	163.685222865867	
24490	2	29	937.440394376144	
24324	5	7	272.442038297859	
9577	6	12	438.302310238733	
16849	3	11	387.080106580202	
14464	4	12	437.194619233345	
25742	3	38	1230.9759853552	
27480	1	12	424.08420478184	
21688	9	32	1044.17334288553	
18522	8	38	1216.48367830388	
18966	1	22	738.859820300182	
18463	2	22	738.695351154867	
25719	10	17	583.005552041813	
12149	4	41	1316.88065657247	
15707	9	32	1034.8228977224	
27250	9	6	232.98527631582	
24972	2	41	1302.59804458478	
9472	4	25	816.446140937715	
10133	9	8	319.629167914218	
9031	2	11	384.913849786349	
29326	1	17	568.862621862843	
16378	10	8	305.911090702708	
28762	10	30	962.749126443057	
23474	5	50	1589.06654364852	
24258	9	27	895.377401791223	
13633	1	19	635.928232816946	
13388	3	3	142.621545150234	
14270	8	35	1142.91304138625	
10200	8	34	1087.34165745198	
24785	10	38	1210.49138781172	
18433	9	16	562.367408202201	
19517	3	21	711.824279349215	
25779	1	40	1279.99310839921	
15019	2	35	1123.67331810467	
15125	2	35	1118.25044553645	
24891	7	21	692.282781215516	
23432	8	44	1392.52179486329	
25024	6	42	1344.70401509884	
13562	9	50	1589.84936482732	
29370	10	39	1248.71536342833	
13272	5	30	971.913820175414	
13862	3	38	1230.3776981823	
26904	6	44	1393.63815152721	
27889	10	20	684.670999257206	
17666	9	17	578.598459855932	
16202	8	17	592.154780231488	
24537	8	31	1005.81134384769	
25547	8	4	177.783143714901	
18531	5	42	1338.45014813284	
26721	7	29	961.199171878956	
13544	4	17	574.970158606288	
13442	9	34	1090.51685723035	
10984	7	4	183.039155464172	
13863	1	23	763.791129423208	
11984	7	50	1591.11777431849	
24941	3	46	1457.77413216316	
28588	4	50	1574.69126793309	
17537	3	7	283.375494649343	
22502	2	35	1142.92490844751	
17030	4	42	1351.15187376326	
13859	6	10	374.573074083111	
27542	5	3	168.062943968951	
14104	9	29	936.742547329861	
21172	10	45	1433.68195507381	
21538	1	22	734.116270101683	
9770	8	1	107.035540950967	
16560	9	33	1058.70224275566	
17493	4	33	1059.33223393715	
13290	8	7	278.630211036014	
28331	7	12	422.54011650688	
13887	2	12	440.463481452532	
21787	9	49	1557.89402948594	
18249	1	25	826.596776110398	
19311	7	20	670.913804485888	
11984	7	31	1013.00002961094	
10402	1	29	938.484923680539	
21361	6	15	512.272939175494	
13930	6	10	358.07812718585	
8048	8	34	1090.46808379258	
28631	2	10	383.222621559735	
24060	7	38	1230.11688896926	
20021	6	49	1564.83840143533	
13240	3	44	1404.46289325341	
28962	3	5	206.142485573023	
9519	10	21	715.52122920543	
22967	9	33	1071.85055097186	
12381	9	18	608.785123885044	
28668	5	17	596.201978976001	
14527	5	35	1132.55554378617	
21871	8	39	1260.4763133733	
19615	8	21	717.591513282429	
25963	4	37	1189.14630021395	
27031	4	7	281.77910665133	
17390	7	8	318.697491064061	
10517	4	29	954.142289345219	
29055	2	27	883.850876206463	
18517	5	10	373.635150852443	
19189	7	49	1559.9561964534	
29910	10	49	1550.55472915552	
13117	8	16	551.562918904965	
9247	4	35	1133.45253747583	
8278	5	49	1546.47910991054	
9219	5	47	1499.15293267889	
22412	9	31	995.910031625959	
19546	10	18	600.735690426424	
20971	3	18	617.076129120344	
16412	3	9	343.920081119947	
9515	1	34	1112.12535097828	
18349	8	42	1350.79109981227	
17994	4	22	732.632850637954	
8281	8	32	1025.50119298766	
19338	2	41	1296.61314074724	
21499	2	24	792.907410856759	
20259	10	25	839.702286887775	
16067	5	4	201.034984793996	
13786	2	11	409.734672647777	
10922	4	10	363.600050715543	
23555	3	25	810.600061756838	
24623	10	24	798.160725868382	
27267	5	39	1262.26571912983	
18391	5	34	1098.25041706592	
12687	1	16	542.500263779657	
28079	5	48	1526.77669015097	
22307	8	18	618.153897662719	
22130	7	41	1304.94860322445	
20338	5	26	851.317181238587	
24007	8	42	1356.11492283461	
24193	4	17	587.899285046337	
10197	5	41	1316.77151514067	
20795	10	5	209.149153404473	
22755	2	19	644.849772828096	
17013	7	16	552.316742722093	
27022	9	11	407.523398030327	
19182	6	18	618.905164887619	
16989	10	26	849.770084083905	
13008	1	40	1283.63777905872	
21854	6	3	145.685468756447	
17125	10	14	488.552861627449	
18841	7	38	1205.4067951466	
13388	3	4	178.445100085086	
15470	7	24	807.930469851908	
27138	10	34	1096.65977290676	
16888	3	26	845.410879163729	
23825	7	14	479.922693148219	
12112	8	8	314.975120385632	
28705	8	31	1020.97837253519	
29288	8	14	476.238889357186	
27724	6	32	1042.07681976355	
23061	4	4	197.662506270065	
22186	3	18	624.407616697442	
14532	6	18	600.250825490919	
27582	9	36	1163.03508909561	
14739	8	26	841.79547058502	
8946	2	10	368.289010025695	
25945	7	33	1053.31250183904	
28405	4	20	670.952273696173	
21090	2	1	99.7024197595671	
18248	2	29	960.999035016167	
10521	8	40	1290.96142840151	
22259	7	42	1349.41850918784	
20801	8	26	860.961206285731	
13661	8	42	1356.02079607361	
20442	3	44	1395.35383583761	
20841	4	38	1221.6419464078	
16434	1	3	167.783077809859	
17125	10	16	553.184450265572	
23816	7	30	969.089742716909	
28243	2	6	254.00224596914	
25098	2	50	1589.93220280387	
15125	2	15	517.397205735276	
29138	2	9	344.04920389133	
15858	7	46	1475.04718908809	
19289	9	38	1205.19326661024	
15101	1	21	699.715625783296	
17676	8	15	534.335249277919	
16431	4	1	81.5906441591636	
17437	9	41	1297.08938461593	
28611	2	35	1126.85399700275	
25019	3	10	383.178777277087	
18704	10	10	363.970230689258	
9538	4	13	455.0782918814	
13696	5	11	394.038103071059	
24441	4	13	470.236778776272	
29364	4	23	772.363898443228	
19317	1	38	1208.89832791355	
24825	1	33	1081.81468373249	
14527	5	41	1310.52127213707	
28848	1	2	119.234388004632	
26486	5	36	1165.59266304858	
29514	8	6	258.817810387731	
19655	5	39	1263.93535929915	
22052	6	24	784.68643374028	
29746	3	24	797.591433225941	
17017	10	46	1455.98828595876	
19754	5	28	917.483893799355	
16751	7	32	1051.9096737783	
10598	9	41	1301.30593706914	
16211	8	38	1223.76893275593	
26972	10	11	392.139615338361	
17847	3	43	1361.79067012006	
23956	8	2	131.888629818283	
29907	6	8	302.236643388046	
23774	7	32	1052.14461695968	
25613	6	40	1280.26530053479	
27311	6	10	360.358412806112	
10186	9	22	725.203636402825	
13544	4	49	1557.84182248537	
28215	7	5	222.079844801724	
10494	4	45	1433.95376074778	
12713	9	32	1051.72185767988	
28410	4	30	973.862889080245	
15641	7	17	572.848422756814	
9204	8	20	657.82025773908	
9021	8	31	1006.99119771225	
10928	6	30	974.340217306437	
18564	2	16	546.923103214671	
23369	6	30	965.784017297339	
25103	5	21	702.989937394387	
24049	8	1	92.743618494246	
17189	3	20	685.968394077368	
20243	7	26	842.663178128499	
13769	6	28	929.855354712277	
17845	1	21	688.409582920563	
18336	5	44	1411.11439241614	
26287	1	26	853.461846436123	
24259	7	36	1159.36277015105	
28366	10	23	757.455755862154	
29341	10	42	1349.20498065148	
28600	7	43	1382.23173198394	
19921	9	33	1082.42557549962	
9389	6	10	380.284707090019	
25596	5	3	153.32045186	
22361	7	25	814.714381664393	
10274	4	18	621.388107157027	
18890	4	8	312.081600870975	
13822	5	6	232.841648493354	
20046	5	29	941.893486111375	
15871	9	24	789.971478241483	
28104	10	14	492.005485637116	
11248	2	16	563.694691510729	
23695	8	35	1123.97286124712	
24641	1	36	1168.44142733535	
10366	8	7	285.280627256856	
15053	3	4	193.870805368699	
25900	6	27	884.954921307487	
10906	7	23	771.086936542339	
15709	6	5	206.8661760012	
28481	10	44	1390.60023551369	
23104	10	16	561.648068652324	
23422	6	13	450.560790584684	
29678	3	3	166.125656480959	
17653	6	20	678.315999674758	
16941	3	38	1211.02531426168	
8262	1	41	1306.17122126099	
29346	6	18	599.127491991561	
20122	10	24	802.033275106006	
24384	5	38	1213.82706046748	
14631	7	39	1241.03022454354	
23020	10	15	506.803454098666	
22882	4	24	800.995642655061	
24721	8	49	1567.74788054067	
21235	10	7	288.636841833888	
19445	4	12	439.848112817783	
26816	9	12	431.528185248155	
22160	3	23	751.43715058986	
29077	4	27	900.542437220245	
25844	10	43	1358.13404109242	
26254	7	2	116.432150582053	
15286	10	23	774.909596841275	
13154	9	25	821.498568813083	
20184	3	38	1205.0296171033	
9786	1	6	255.812539055856	
24128	3	7	290.984451757271	
17571	3	35	1129.04892698352	
26421	10	36	1161.99553283024	
13916	10	40	1274.22175079315	
20354	5	22	724.574727455422	
22051	7	17	574.538777551865	
27805	10	18	606.159471108652	
23718	5	3	162.374909893784	
13605	1	32	1032.49659414985	
12674	5	30	966.855520348463	
21012	6	26	867.556911999153	
20123	8	31	1011.67094139926	
9405	7	31	996.299919018662	
25550	10	41	1301.96870741526	
11862	7	16	542.295137598317	
9952	7	34	1108.5431604034	
17377	1	1	102.260615165467	
17398	9	34	1110.04832576497	
12546	6	18	619.014588025871	
29257	5	41	1300.86326156783	
28862	2	10	363.168024142817	
18714	10	40	1291.00984298205	
19006	2	17	595.946810970058	
12479	5	28	915.336019413237	
16352	9	24	808.593314517566	
20749	5	46	1453.7524420087	
17288	8	32	1042.43365477884	
19924	6	50	1584.41248408724	
22985	2	31	1012.95289544992	
26163	7	3	170.434025419147	
18676	3	21	695.690638672416	
9563	4	42	1340.14949983924	
24544	3	26	845.531173481388	
12221	8	48	1510.3131174251	
15690	9	13	467.331547917487	
23534	10	3	161.976387278166	
14391	2	5	224.175688430749	
14696	2	28	924.90574119841	
15792	9	3	157.458547650584	
16907	5	22	719.288282915618	
23199	5	21	714.870753434892	
15549	9	12	424.428544204882	
14721	9	43	1368.49904850521	
24216	2	20	680.892360192208	
26549	8	31	1021.07992983473	
17030	4	32	1028.17717141853	
9241	6	32	1035.22826622949	
12422	9	32	1049.4684431746	
8146	4	12	438.247299621928	
27162	9	9	329.590880689021	
24431	5	1	94.1715354165861	
26652	2	39	1264.86127107631	
15476	1	7	282.483980787212	
16400	1	47	1504.16635553547	
26627	6	47	1492.64451491304	
29691	8	18	599.974608775216	
12950	6	18	613.102116013459	
24944	10	9	326.659513417007	
19601	9	16	545.628436275585	
27321	6	27	870.822285446721	
17052	7	35	1132.10512277303	
9381	5	18	621.74698702141	
29703	5	23	749.422014443866	
26393	2	29	942.062568730704	
9127	2	9	351.164881676047	
29907	6	35	1127.40741215991	
8051	4	6	246.13976791787	
18221	2	34	1085.98680159356	
23683	9	28	914.637159497774	
19864	8	13	460.318750320151	
24440	1	30	964.367471972652	
9758	6	23	777.354873967057	
18298	10	32	1032.58977811438	
14472	10	47	1499.72630511025	
25389	3	20	665.992508132939	
13966	9	48	1538.73947993793	
11483	10	48	1522.51079447684	
29081	8	48	1515.05445077785	
9505	4	47	1494.2560895785	
13819	10	43	1380.41614309904	
9950	1	14	498.524175779207	
23087	6	50	1592.96521160424	
25597	2	38	1226.16518446531	
26254	7	23	763.362014760898	
24512	4	3	156.262490002561	
9564	6	32	1030.82936759611	
13964	9	35	1137.66551905203	
10900	2	29	941.364817945922	
12229	10	1	97.6686025120637	
13350	10	46	1467.35693914227	
27957	2	36	1148.87427126471	
14203	2	47	1497.51617501374	
25187	6	13	459.277304922825	
18448	4	27	886.636262203863	
10753	7	37	1187.18316014259	
11361	10	4	173.123766413482	
8574	9	40	1275.00652976102	
23360	10	15	506.436479774507	
12522	1	11	409.727478516161	
28941	6	47	1493.67251767482	
28597	3	26	862.037403500656	
19048	4	49	1549.24146463594	
15228	10	5	214.831283676825	
10061	3	50	1577.92854930178	
16353	7	30	965.223408716369	
12323	8	28	916.81666144953	
27478	9	8	312.271492961921	
10271	1	10	382.757675676959	
22911	9	28	918.173847402527	
12342	7	49	1553.9050349751	
15680	2	20	677.463814298373	
18122	4	21	698.047665235609	
24174	5	12	432.403423838505	
10908	3	23	765.212293176545	
25175	8	13	452.298109667515	
14023	10	35	1139.13991116879	
22414	10	31	995.581802556096	
10727	7	50	1586.05999968297	
8918	2	26	865.800078728143	
25371	4	28	920.335514079936	
20165	9	50	1589.74189310788	
17349	6	28	904.774949971947	
15420	2	33	1068.31819908149	
15661	4	32	1047.2802203555	
10318	2	28	911.444479055444	
20774	5	33	1066.85129695891	
26816	9	11	398.077569044231	
17641	9	5	225.953515910522	
20545	10	11	392.54314496766	
12754	5	17	572.868741719457	
18789	10	9	343.732950176919	
21601	9	34	1096.07431470234	
28878	7	37	1185.32697226169	
28035	8	1	80.5835719036793	
26686	4	18	598.378739598384	
28250	6	16	549.282711143271	
28922	3	46	1458.13392792741	
11402	4	39	1248.23663516354	
28707	10	44	1398.13860604453	
19770	8	25	839.445828553031	
13583	6	24	798.55787463419	
19555	2	25	834.90784337507	
18326	5	1	103.190970543395	
18575	3	3	143.763567536959	
19924	6	26	869.893124843898	
19613	2	15	530.826606029098	
21828	1	36	1145.11275117524	
18242	3	40	1294.06501174628	
12755	10	15	514.338152536349	
11986	1	2	128.043248973807	
18589	3	23	777.541963857385	
10226	9	40	1288.94653007805	
25993	3	39	1240.63640104636	
20543	1	34	1089.39196443623	
14392	2	47	1503.93062456694	
19832	5	49	1557.26245352871	
26393	2	16	560.923265554441	
10767	8	23	767.551063321322	
22628	7	22	746.484070246333	
17672	7	47	1498.37211175746	
12163	10	18	598.739092405298	
17348	10	3	166.317977051399	
17322	9	50	1590.2145307093	
8942	8	12	425.30510568307	
22391	2	40	1290.17208479819	
11984	7	37	1181.38949959604	
26824	8	34	1112.72069297392	
13166	4	12	431.819851934826	
24022	9	6	246.833553578161	
27968	5	47	1503.01539852424	
28191	5	40	1281.00598324137	
13354	4	42	1347.34516739256	
17258	4	7	267.92139363844	
12001	4	1	106.354250175112	
21642	6	5	201.777639445745	
20067	5	25	834.834049732813	
8154	2	27	881.583979428552	
12644	7	31	1004.55463154454	
10236	3	6	257.387095511606	
10893	4	13	460.617873026346	
20868	10	48	1521.73854578367	
28760	7	21	704.012557297951	
20223	5	41	1311.61536337417	
13474	1	9	344.499895993853	
8089	6	44	1395.32677786207	
15467	4	19	654.786420098872	
28197	1	46	1455.43791365597	
24555	6	4	175.935007825464	
13086	5	4	176.652947336739	
9476	7	19	641.116286069675	
15285	6	50	1588.35944558883	
28444	3	23	770.582864606093	
15605	2	17	581.752564917203	
23585	8	47	1499.76649428707	
29432	6	8	320.706736147733	
12342	7	21	712.239897582792	
10646	10	26	844.69331266577	
9399	3	40	1277.88586486033	
20629	3	13	453.591482738774	
19018	3	40	1288.50362524786	
17004	4	31	1018.10591305518	
19995	1	24	793.29289924041	
25648	4	35	1127.23145816812	
24326	4	18	611.322754012105	
29824	4	13	447.037265732436	
12796	2	32	1030.19679646483	
27652	3	34	1101.02513643961	
11533	3	38	1214.28215087125	
11841	6	30	967.61432499048	
28673	4	23	749.096574834127	
12980	7	23	755.678474100157	
11519	3	36	1156.36863400991	
21609	6	17	590.163967809716	
26904	6	10	365.866197219988	
24110	9	50	1576.63356597379	
14288	9	47	1494.72653510735	
28183	1	13	454.702613677225	
19900	7	41	1325.71463471545	
14571	8	19	629.978327820999	
19857	2	21	715.385664699313	
25244	10	41	1325.95158594006	
18307	3	31	1016.78568514846	
21323	3	9	335.166904598087	
23968	6	38	1205.71726750849	
23848	1	48	1514.65595293541	
23934	8	17	590.423118635278	
10330	10	26	845.592602475357	
20641	9	10	368.154899351371	
29694	2	43	1385.64751402738	
17838	9	34	1089.53774186295	
16354	8	50	1590.14073706704	
18988	1	37	1203.69811456823	
14168	8	19	630.963148805761	
10892	4	17	568.883470263743	
27028	8	32	1042.51195997117	
21361	6	24	808.445646543263	
9642	1	37	1176.78109912983	
13092	10	24	780.292609362068	
26372	4	47	1497.46263026142	
11644	8	13	445.129981397246	
28215	7	36	1153.76128365927	
24271	4	8	321.155762784721	
9694	6	24	808.320682834983	
12893	4	32	1027.55637250261	
11422	7	47	1485.43781196952	
25972	7	15	511.990811578925	
17778	1	6	260.418896796377	
26542	1	8	295.886367697216	
23019	6	48	1523.13292831328	
12365	7	12	425.980201040385	
18056	4	9	337.537283905566	
19190	1	35	1118.97867795032	
18311	6	22	727.907537039326	
15610	1	42	1338.20581803946	
15929	8	49	1562.5520393078	
16215	9	1	81.3202279067227	
22336	3	16	538.125994642324	
26497	1	48	1521.51419065963	
26023	9	21	696.666801076693	
19889	2	46	1456.61414709716	
16705	8	7	264.604193989469	
25722	4	25	812.870237088236	
8534	7	45	1428.63463684387	
13433	8	46	1478.07658312753	
16357	6	23	758.955837767085	
27527	8	36	1151.98035953193	
19278	1	18	605.405485204144	
21283	1	1	101.280497545973	
14527	5	28	923.35423724882	
21142	10	26	848.187919430522	
10114	3	11	397.945435977516	
24736	5	40	1274.41000431516	
18476	6	45	1428.25200445403	
16269	6	7	264.848346423753	
29839	5	36	1161.62438104005	
9384	3	34	1084.79582315534	
29319	10	7	288.465002313473	
11930	2	28	907.610532095474	
13958	6	41	1320.27945553897	
23789	5	33	1082.66514135649	
26907	9	11	410.004221838901	
10874	6	19	629.706234778141	
25894	3	13	445.021971038087	
27971	9	32	1039.66731298699	
22376	6	25	832.000457957387	
19028	9	16	551.162059116718	
26453	6	16	555.790577528901	
13906	5	27	892.7573307663	
24619	9	18	606.331430955944	
19980	5	32	1041.19173206444	
17186	7	9	350.31965190094	
9803	9	39	1255.2669084702	
27800	6	3	163.625808285375	
15595	7	2	120.848483164259	
26120	9	6	260.525787407777	
18877	8	12	420.891046571029	
9843	9	14	492.521125940849	
9337	4	28	930.244099707456	
8747	4	9	348.600534735527	
19103	10	11	413.457452437588	
25448	7	47	1506.58532637478	
27970	2	6	239.138399250404	
28110	6	30	972.532130448395	
21173	8	23	754.945008882762	
21342	2	1	108.03476506287	
9786	1	20	663.127279590409	
19954	7	40	1290.72667349629	
28340	1	16	543.059190615573	
20523	1	6	256.581436999413	
27825	7	16	557.756216152458	
22372	7	44	1392.85522559325	
12685	5	38	1230.51546254685	
26900	10	7	281.234735120663	
10435	1	38	1214.00165972021	
26771	2	35	1126.60992525826	
17099	7	38	1234.89795921133	
26353	2	13	447.848266050149	
24941	3	13	468.967323856879	
17363	2	22	726.07612517014	
9250	10	7	287.793778650367	
11455	1	20	676.189782003029	
16736	5	41	1312.64815443784	
19146	9	34	1094.94906659003	
25547	8	47	1482.16250518438	
25620	2	17	577.868267529583	
14639	9	22	742.678527507316	
9434	3	37	1190.78419602978	
15285	6	44	1387.40352128977	
23436	5	1	84.3225590159756	
13707	9	25	820.733334469019	
19234	3	20	672.274697214493	
15531	9	29	958.220902606016	
8201	9	19	639.009997359947	
26816	9	30	986.822003101381	
8337	4	37	1176.07981498171	
13976	6	6	250.865822588497	
25911	2	39	1257.17410432975	
8134	4	40	1290.07696215533	
27162	9	31	1011.63254792412	
13928	5	6	248.873178366978	
22038	3	26	860.435385620424	
11758	7	1	92.7313869133272	
11888	2	21	716.175893766888	
13783	1	2	128.575214803487	
8296	9	39	1248.33650647119	
14971	3	22	719.80418935409	
27764	10	33	1054.03217334954	
12878	10	16	549.62414856517	
24887	2	17	594.238557906001	
22897	4	18	625.627828196449	
12721	2	50	1573.04278052088	
11090	1	1	103.55380208397	
22914	7	7	284.167974537317	
19862	2	3	140.806756085161	
22641	2	42	1337.26767043456	
15313	3	7	273.937171936937	
22013	6	22	744.189332660376	
24638	9	34	1090.36962526402	
29364	4	6	257.076741353179	
25327	5	30	965.356237555554	
19100	5	33	1072.34308356063	
17710	3	47	1503.32315220652	
9485	4	16	538.736631599598	
28693	1	32	1035.84810253039	
22774	9	47	1485.48151893796	
25648	4	15	514.634322987233	
20658	6	20	671.505465186902	
13216	1	27	894.412732019281	
9194	9	2	117.921844738499	
20774	5	29	955.744102669761	
26218	8	50	1577.72385488158	
13810	4	23	757.771303894823	
8451	1	33	1057.33477593275	
14040	7	16	557.202946803161	
25983	4	32	1027.35839302994	
16093	8	20	663.458395089702	
16037	6	20	676.472260670956	
17032	5	32	1046.37385178654	
17106	9	8	313.825998713181	
23798	3	46	1458.06407817549	
20129	2	40	1288.64635415778	
14690	7	22	721.160047464613	
15208	1	27	873.16496338377	
15819	3	33	1058.69473081953	
17203	5	26	847.690553948139	
8712	2	19	648.720895130523	
27527	8	23	754.0529280687	
13382	3	17	578.203241274787	
21644	2	39	1249.55433266682	
25741	5	30	982.142643044769	
24258	9	34	1106.67648992812	
9502	6	6	246.804479065726	
11328	8	34	1113.00022080215	
8317	5	2	126.27631036857	
19715	7	23	776.530094806352	
24245	6	29	957.112233413901	
19954	7	36	1153.99475531373	
21420	6	40	1280.32779123649	
26902	10	6	243.093695865522	
25516	4	25	813.702183483961	
27171	2	2	128.298724167188	
19538	3	6	239.619441330256	
20870	8	15	511.70230382667	
19182	6	39	1238.49445523624	
24562	1	19	647.903973314866	
16941	3	27	895.271476626057	
10520	10	19	646.219026151215	
21342	2	42	1326.96502773416	
14916	2	21	713.448363055218	
21216	4	23	753.809275344857	
20129	2	37	1197.46491126598	
9390	4	41	1297.81548087383	
15942	4	26	856.543626550838	
12477	8	11	399.012663177686	
25779	1	40	1276.70988339778	
8157	1	12	431.183036096014	
20324	10	21	710.158188822753	
11110	10	33	1080.04190078007	
21121	10	7	268.157548582255	
24682	1	28	916.760623807442	
15929	8	43	1360.58139491853	
20922	4	4	173.302223912115	
17757	5	39	1244.85839935246	
12781	2	22	735.77920169373	
13043	1	46	1449.06761274164	
8406	8	44	1410.91937581586	
10084	2	39	1244.77108309268	
24389	3	31	1011.05846556419	
8365	1	43	1380.67285199681	
16203	3	3	150.246159616041	
18255	8	34	1109.46363977597	
14940	7	31	996.144469434463	
21198	4	27	883.28015592102	
8945	3	34	1100.12381522922	
8480	3	44	1409.7653540083	
9681	6	35	1129.02691282752	
18890	4	7	289.457743637943	
9462	5	38	1234.67050814753	
15053	3	14	490.79075750466	
29421	1	49	1552.41907732208	
10553	5	1	82.5018689793078	
17030	4	32	1027.08790033454	
24992	6	46	1464.75487821957	
12955	1	17	575.745057321966	
13946	4	43	1384.67773177879	
23682	4	44	1408.86100905429	
14400	8	30	990.260852514888	
16152	5	24	793.987557624461	
27022	9	13	449.566426970794	
26838	5	12	425.347058710338	
19666	10	9	326.954044591148	
21777	3	3	153.952854533658	
12058	4	34	1092.17024265424	
11567	3	28	926.33307205808	
21867	8	33	1053.12078856543	
20627	8	49	1554.99650025507	
19924	6	17	594.761041977797	
15587	9	43	1375.92310213294	
18661	2	44	1389.4268424946	
16212	6	25	836.98459749901	
25400	8	39	1250.50039353338	
28929	4	38	1235.16056058703	
17410	3	49	1546.29217573735	
17098	7	19	643.202203439177	
9593	10	39	1244.34563556888	
27145	8	7	281.320441831518	
25522	9	14	494.535324952814	
8938	2	42	1356.41981132162	
27891	3	17	589.247309169382	
13872	7	5	227.682970570253	
16937	10	5	221.725292458071	
8057	10	33	1075.48768067522	
15601	8	20	669.251143275411	
24509	2	8	315.738471260173	
29869	10	28	914.258754828134	
18350	9	11	413.493494583989	
25197	7	8	308.547345692547	
28718	9	23	749.113342030492	
14170	9	29	951.101469914942	
15470	7	2	120.206603687353	
10444	7	14	500.658523300969	
26168	3	15	530.783525468215	
23934	8	19	641.492038593391	
25387	7	32	1035.32579328647	
24064	5	45	1423.29211502489	
23040	8	32	1035.51078524231	
22088	4	47	1503.97422678022	
22391	2	49	1556.94708386294	
29403	6	2	127.003026663793	
22826	10	46	1454.76885375323	
10361	2	18	614.265870849726	
18444	6	15	513.534641505002	
25024	6	45	1445.24366565293	
21204	2	39	1253.80616000565	
10561	10	10	381.918683788701	
22440	10	13	447.341308392278	
13895	4	33	1080.7957245972	
23192	2	28	901.552674780392	
19613	2	29	931.399421753082	
19146	9	37	1183.35728994727	
14559	5	31	994.325684101472	
19546	10	38	1233.84104119327	
14543	5	7	284.740248455079	
9564	6	8	301.883456400541	
20707	7	7	283.621766252267	
20750	9	26	851.466363915925	
21123	3	34	1084.70171125825	
22765	8	26	856.431771394066	
28412	9	1	92.0743172299463	
20184	3	22	719.627293981438	
15209	7	42	1326.44915456253	
9560	9	45	1445.64769994731	
29116	9	14	504.821632217998	
13641	8	42	1349.22023880725	
20086	8	12	416.32607419804	
26505	2	24	799.716868065166	
9697	7	20	673.668521993639	
12807	9	17	590.966382450874	
14326	6	25	819.910088414284	
16378	10	7	288.834850326569	
27243	9	10	377.346215051294	
22717	4	16	537.588241089875	
22216	3	41	1309.41678465783	
26782	5	22	734.47845541615	
22646	2	38	1213.41709972053	
9964	3	41	1308.19065095307	
13826	5	38	1230.24401502229	
12229	10	31	1015.44498326976	
9580	4	48	1533.81978747147	
10593	2	16	546.917446435856	
20629	3	29	932.69776998679	
26969	2	31	1006.99467091216	
13793	6	45	1417.71392027741	
27472	7	43	1367.74417996767	
8633	8	22	725.88091958588	
17509	9	26	866.8174821077	
11701	2	9	326.043277013136	
23967	10	12	419.60858219285	
19826	5	25	831.704027034205	
27704	10	19	651.825751108968	
12104	2	49	1550.80907398407	
21696	1	22	727.542455386157	
10204	1	49	1544.87276663299	
23197	4	31	1007.37573268235	
27321	6	5	208.319699190706	
25842	9	23	768.618170902421	
8072	9	1	88.7130092870039	
14263	8	4	176.023426845681	
14768	1	28	917.48008580761	
23120	10	37	1182.20181572354	
11261	10	43	1373.67278639864	
19154	6	17	569.829342146325	
24619	9	3	161.642586366107	
26728	4	22	722.564571426513	
10141	10	27	886.011074895976	
26706	3	16	536.737443011597	
27311	6	48	1524.42425653544	
24957	10	36	1150.26179303893	
13803	3	21	688.466356680014	
8241	8	17	575.431115299198	
22221	9	38	1221.22234889363	
24525	6	3	149.256727988486	
20705	9	28	922.611983922595	
28339	5	36	1145.15687079409	
13948	2	43	1386.92952399465	
12589	7	11	399.454483650371	
28207	10	1	107.933779669895	
17902	6	22	737.077452250327	
14399	5	21	703.339319221368	
10457	5	36	1149.50859209034	
20607	4	16	553.67359105203	
20405	7	9	334.05993980079	
16152	5	43	1359.26235541667	
23249	8	6	248.084337305317	
19317	1	9	338.025776342501	
13215	6	39	1249.80375966514	
24698	10	17	592.715474456882	
8429	1	10	382.041051975471	
16493	4	18	606.158756225444	
27323	8	15	524.798928818106	
22516	9	41	1299.47764166606	
24116	9	35	1134.22058817661	
26483	3	4	177.964897462151	
13304	8	12	431.617971747936	
16854	10	23	773.244660037218	
24259	7	12	442.868427840466	
14329	10	28	925.352084546048	
18520	8	23	775.149348850897	
24580	10	16	561.733105071696	
21870	7	7	269.143476574283	
8510	2	29	942.393225572255	
25196	4	23	775.781483974206	
21308	8	42	1331.14222551284	
16479	5	9	336.272911735006	
14939	10	32	1030.60340221534	
19952	2	47	1481.55234599558	
11183	3	44	1404.93047146356	
15211	5	14	479.715895838903	
13864	2	38	1220.44620868771	
24969	3	44	1408.86521554034	
28369	3	22	740.684391232526	
13772	7	29	951.635557036677	
21644	2	33	1072.68410762431	
20677	2	43	1367.97149371727	
19473	3	21	708.528224671506	
8134	4	35	1119.61284659785	
14484	7	25	810.566986729655	
24004	6	48	1513.55824906079	
27321	6	13	464.538795084012	
15680	2	39	1236.20731523084	
25008	5	49	1544.02196855472	
14032	6	38	1222.38320455997	
16404	4	18	624.103036813486	
10184	6	6	243.667427861908	
13982	5	27	875.953473633134	
18712	6	3	167.001760717017	
26222	6	50	1571.29183052633	
17879	10	17	570.994012174659	
28738	8	13	451.912210756872	
8085	5	32	1024.06109615418	
13905	4	33	1074.10239910432	
26866	8	29	932.784430818998	
29932	10	6	255.344347178631	
20671	7	15	514.195842647085	
12296	5	7	287.115366518086	
14860	2	43	1377.89210707782	
27943	4	18	602.917714287954	
29725	3	34	1102.98944368166	
14644	4	25	817.48093508998	
17879	10	13	456.473430346918	
10733	4	45	1444.87328820157	
23300	6	4	192.999578617979	
19782	7	23	761.594843287764	
29716	7	24	797.293540685109	
13905	4	43	1384.11453758558	
11859	2	12	427.842084629388	
28337	2	3	141.536480552301	
15357	6	11	409.993403744881	
13206	7	41	1323.08974707643	
29266	3	39	1253.63181343937	
21394	1	38	1232.30144111081	
9846	8	31	1011.79383548526	
17364	9	11	390.610553766885	
24242	2	28	925.525789840857	
11968	6	9	325.121508019567	
8271	10	41	1320.01002101228	
10835	5	5	231.67844716072	
16908	7	36	1167.47479765093	
22771	9	33	1060.31943810187	
13510	2	29	943.601641498321	
19212	3	48	1510.26051546925	
11862	7	28	913.936459288903	
21151	6	1	107.803685082031	
10081	10	7	276.385112533525	
26869	1	12	414.762816436013	
11092	8	44	1407.89996041353	
26181	1	23	776.291209858047	
11291	6	19	638.488264977228	
14700	2	36	1160.85612719918	
25042	2	28	930.636117593681	
16386	2	17	596.695132309895	
22748	8	41	1307.57754304799	
24433	5	23	776.07731397081	
22891	3	1	88.0653647370941	
29706	3	44	1391.33402702926	
12998	2	45	1431.02238993674	
14062	8	16	540.788361272211	
10793	10	45	1426.80949612838	
8578	5	13	459.552890276328	
22644	1	15	528.111389003746	
27969	1	1	105.465280164715	
23774	7	39	1241.29842678145	
10665	2	26	847.904265098229	
19190	1	24	798.280397317503	
10642	6	44	1391.75965504337	
28842	8	3	142.308563619064	
22321	8	18	622.173877052112	
23740	2	28	929.818557337773	
26087	3	7	269.074334627518	
27553	4	17	567.105345505805	
29246	5	38	1226.2136599171	
19212	3	32	1035.44291663703	
22019	5	2	122.670005579791	
11919	2	46	1473.87929359166	
12646	9	16	546.21291487767	
