idEmpleado	idDepartamento	ventas	importe	
15638	9	45	1440.33703573064	
25836	3	15	522.547410522842	
18572	2	16	554.941632484524	
14960	2	19	628.321692863629	
26243	2	4	183.448598097753	
27828	7	24	804.504336158049	
23209	9	23	752.834840692968	
12874	10	47	1489.1683429336	
21013	6	40	1279.21338174455	
26053	5	40	1274.73901550972	
23424	5	19	647.077879759985	
10106	5	32	1042.44780592734	
17398	9	24	798.152252732847	
12153	5	14	504.94892389744	
29897	9	21	701.027481770621	
27031	4	18	608.641804665626	
17332	3	10	377.064509306599	
19318	7	19	633.141827580119	
16084	3	49	1547.31337224474	
26031	3	38	1206.00179668795	
17427	2	18	612.792182999101	
18643	4	21	698.841840316933	
27652	3	47	1507.62924484333	
20071	7	28	922.343772483218	
24388	4	18	616.647841174457	
24860	1	11	392.937519137253	
21356	7	32	1048.95908747286	
17635	4	1	91.0118655911702	
9424	1	49	1560.52963754187	
13851	8	49	1562.04908782712	
27643	1	31	1004.99507321277	
14318	4	19	644.124652633502	
15808	7	28	919.770330954236	
23595	7	39	1244.1987249461	
11595	3	14	505.262559440575	
10201	1	5	225.10515338979	
28284	6	23	778.864938048117	
27475	2	4	181.783286156963	
16425	6	24	799.24743682111	
9250	10	6	234.329871122879	
20832	3	11	407.321432199013	
9082	6	27	896.081885218658	
18122	4	28	907.579215964107	
22873	5	2	135.381963949363	
26451	8	21	703.554722025783	
13138	10	48	1520.4133972155	
25442	7	40	1287.67911859214	
25822	6	18	621.062590396527	
13526	7	25	839.704806674134	
19064	5	48	1538.6976005224	
8131	2	16	544.96386810437	
18473	8	14	486.284766535407	
29717	9	32	1022.85498271829	
21064	9	45	1437.46021970988	
10581	9	7	287.09244354027	
23945	3	25	821.495195413705	
17189	3	18	614.918165679517	
19311	7	38	1232.59786000131	
17839	9	1	91.6738516891719	
17710	3	44	1390.5110789605	
29341	10	42	1355.54524868519	
29111	2	22	741.822975101798	
10884	2	48	1528.63870539173	
16103	9	41	1317.16429391744	
8228	4	9	349.743942296945	
19816	6	1	82.9532271264834	
13021	7	5	202.677474973107	
13946	4	36	1153.95352778675	
10070	1	50	1599.68636445687	
18632	7	16	555.922328380832	
27108	7	45	1429.77686661751	
16215	9	7	275.281223149635	
21837	7	45	1433.89439075901	
10339	8	44	1392.98350112186	
23933	8	27	878.680364488941	
24769	9	41	1316.71029778044	
12128	4	44	1391.26262435283	
24585	10	46	1452.24728089396	
15689	4	8	298.789050457435	
16984	9	21	696.234443958958	
17809	8	21	705.25840054511	
12125	7	15	507.896497076329	
10186	9	26	851.307058917036	
25548	3	1	101.832037019465	
26040	3	34	1097.08521972275	
9515	1	18	598.710306677367	
19921	9	38	1221.26966991521	
16744	4	33	1082.31011124435	
26365	3	32	1037.10628140583	
15854	9	40	1283.76736402687	
25080	9	38	1210.18698771027	
12037	10	36	1146.26707804681	
18714	10	3	170.109434467791	
10271	1	31	1008.73635786061	
19320	2	14	478.784622437686	
15887	6	39	1265.49845709721	
12580	10	30	967.443179826924	
8929	4	37	1190.41492204667	
23677	7	43	1385.63802165242	
19937	6	21	700.6014948993	
25324	5	44	1397.73592224239	
20572	9	5	213.725590805395	
25244	10	18	621.376225939661	
26057	1	10	363.782478293303	
14682	2	4	188.920733904895	
27403	4	9	349.682644954735	
26686	4	19	652.390375776398	
15031	2	38	1229.87148159643	
11315	3	19	638.779855220942	
22103	3	17	570.382145759827	
16227	1	32	1030.23257106088	
14470	8	23	762.670884785555	
20539	2	31	1013.80880954387	
27250	9	31	995.439407730214	
13558	6	23	765.25267841539	
23491	10	28	927.648751608864	
28369	3	47	1490.51591618476	
9064	5	47	1506.80666837227	
17809	8	8	300.079074194692	
16229	9	42	1351.03363561958	
9482	4	13	461.683557211274	
28173	5	22	720.367363728754	
22077	7	4	196.847246380917	
17653	6	11	395.919000429995	
19623	3	29	945.735340670559	
19075	1	10	363.509788570697	
10232	1	4	185.171788681844	
15089	9	14	505.158032898399	
15369	6	31	994.198878684174	
10540	3	38	1213.18190739173	
11392	6	12	429.267117953518	
15208	1	7	280.847702306159	
8317	5	3	146.609259241544	
17215	10	37	1198.18755555814	
21097	8	27	898.498521716566	
10984	7	17	571.532809739715	
24001	8	47	1486.52027113667	
18876	9	17	567.524580623733	
18316	2	48	1512.91130311457	
22583	2	25	827.402574768012	
17357	7	49	1546.31993090097	
19137	7	50	1591.39818831878	
27885	10	15	523.530256023412	
9847	2	16	546.724135646002	
19371	9	9	333.534792965993	
14481	4	15	527.516102924718	
19120	7	5	212.458268502941	
24839	7	23	774.670026737577	
10200	8	9	323.48367944522	
18813	3	36	1151.13587082882	
26497	1	43	1374.98254091245	
25493	10	33	1060.63651145466	
15420	2	30	970.335847851977	
28406	3	2	114.60438603284	
28577	3	8	318.917937688026	
16887	5	23	757.368558513638	
25378	8	1	96.8783444244779	
25997	7	8	305.457225509667	
26131	8	31	1018.04713762274	
13211	8	45	1425.4109453342	
18377	7	6	244.510856272891	
13696	5	5	227.232342877999	
17647	7	8	315.672602912259	
10117	10	32	1025.59794782922	
22989	7	5	221.11502780631	
8402	8	25	829.384868754719	
8959	7	21	696.061625544011	
8287	1	44	1415.62125398574	
25320	4	4	176.940886013648	
9505	4	7	273.719868675675	
12754	5	32	1041.1284804722	
16816	8	31	1002.99133556103	
18517	5	50	1593.8953652577	
15667	5	33	1072.67649942668	
23825	7	44	1404.71370471861	
23922	2	13	470.285368892497	
9915	2	7	276.837107705342	
10238	2	39	1250.12311073491	
26659	8	3	142.384207464002	
27215	10	14	498.219237745842	
15956	3	5	231.051520067757	
8508	5	31	1010.50176194427	
19231	7	6	261.674353453179	
9738	9	45	1443.06300785535	
19848	5	45	1438.19936647927	
13832	6	30	968.630606498863	
17630	7	28	910.511854454182	
13507	3	2	112.004873208704	
16654	10	29	959.26961787011	
23972	5	5	221.129963202928	
27521	7	16	554.654465315237	
26129	9	39	1261.063045627	
16811	5	36	1149.47744300099	
19666	10	3	167.500357780373	
20558	4	20	662.891718495121	
16476	4	44	1399.08758802297	
15877	9	42	1355.72558540652	
19899	3	34	1097.9323081942	
8039	8	11	405.609107839693	
25049	10	34	1104.14992421127	
25868	7	45	1431.45447738071	
16424	2	11	396.837014517205	
26023	9	20	677.729140723929	
28331	7	2	129.763810769545	
21854	6	4	190.007390356626	
25360	10	13	451.991205351423	
22288	3	33	1066.74114619696	
20942	2	47	1497.6593484253	
27059	2	8	309.890681314231	
20166	9	46	1448.63256879553	
13028	10	16	560.531450808296	
22986	3	13	446.755233689563	
27705	1	6	243.073018045664	
17112	10	18	599.827899876902	
24249	2	40	1274.35942526644	
12674	5	25	834.009094328624	
16067	5	49	1565.55798942482	
18546	1	13	472.609595056907	
10874	6	37	1187.39858134994	
17632	10	26	852.484421307447	
13487	7	48	1518.87301430054	
25901	5	20	664.056752335307	
12299	2	16	536.351636115625	
19555	2	49	1555.81092281072	
25930	4	41	1319.06540336044	
27970	2	43	1380.06543484519	
10353	2	46	1453.51389256004	
25555	10	47	1506.39500747733	
27760	8	14	489.784780931559	
28929	4	1	85.6261166956397	
24711	1	21	714.559783485979	
9933	5	23	778.904799511146	
25478	5	28	924.514002895222	
24591	7	19	638.234283252728	
17269	9	20	666.764760365135	
16005	5	45	1434.21450555055	
27323	8	11	412.772621220338	
21681	10	5	211.910542683634	
28972	2	42	1333.05561749873	
28284	6	33	1066.20816112785	
22040	6	47	1501.88946030191	
26107	4	31	1012.85250602889	
14724	7	44	1402.11419189447	
14429	4	34	1110.63704907458	
14971	3	39	1260.59851239463	
19957	2	4	187.899231625674	
8057	10	34	1097.99002758134	
11094	10	19	629.649543124088	
10781	6	14	493.140932513932	
12130	9	45	1428.8826241665	
21604	1	45	1433.52959859815	
25237	8	30	963.115990349611	
10934	9	48	1510.53372684425	
9321	2	36	1153.12468653225	
17141	2	37	1185.27690991074	
19294	4	26	847.397725045401	
18426	9	46	1460.48537840158	
19053	10	22	721.91821791321	
15229	3	11	410.698407409107	
14780	9	11	409.941955511431	
18859	6	18	598.477312791384	
28643	9	36	1160.34613871963	
8512	8	34	1087.87456749374	
28994	3	8	304.264564618592	
21814	9	25	814.07278530955	
25019	3	43	1381.62665129715	
14724	7	35	1122.24123079434	
12258	7	38	1204.83873479294	
19739	8	48	1533.06313951177	
22529	4	45	1440.14491971589	
18242	3	14	501.236473108286	
28753	4	45	1433.64744674119	
19571	3	22	739.553977558182	
12813	7	4	201.190420222092	
18082	4	29	950.59496100554	
22230	6	17	586.020508271652	
19295	4	26	861.942560440834	
14150	9	32	1025.71458704104	
8390	3	10	375.212410416087	
21733	8	38	1211.16617173476	
10902	2	10	362.075407263858	
19467	9	28	903.864349435952	
11473	10	34	1093.25407496339	
18714	10	20	660.902156765061	
16557	9	6	252.09651809749	
22831	2	42	1351.44379313637	
26040	3	26	868.371072666892	
20415	8	43	1371.38931636298	
22150	1	33	1052.95737334199	
27133	10	45	1419.36703531973	
17444	5	50	1573.72912714897	
9301	5	40	1290.85440330713	
24422	2	44	1401.21213527453	
16505	4	31	1003.11366198729	
11621	9	16	547.730848336467	
18306	9	12	421.543321582276	
17248	8	48	1524.97793853515	
16454	4	37	1177.84962727588	
27311	6	10	376.564263765032	
8769	8	47	1478.97186109748	
21520	2	20	665.658000831333	
9438	3	47	1493.1512927884	
11447	9	21	696.586403612321	
17648	8	19	652.996012798043	
23666	3	31	1007.64615105821	
12995	1	50	1599.88215185696	
14290	6	8	303.56201279143	
10514	7	44	1389.34330662216	
14529	5	7	282.529725526706	
25389	3	20	679.256401639085	
13832	6	50	1585.45516460457	
25555	10	15	514.770791360536	
14999	7	12	426.705807497122	
29370	10	24	799.532235674342	
27810	8	2	127.866548247573	
12480	10	40	1294.61296335543	
28884	7	3	147.092063756237	
8491	9	15	506.972410728676	
14064	4	2	132.168046521101	
21867	8	33	1062.62899217318	
16413	4	17	593.255578630257	
25183	5	42	1350.85191443137	
19177	1	5	231.881361450945	
19212	3	4	193.696104192033	
17918	8	46	1466.41579256692	
25196	4	25	810.382069801158	
8476	2	2	112.435311466658	
14070	6	42	1336.44031557089	
22544	2	39	1253.45957188562	
22298	7	18	609.051639423264	
22707	4	20	661.042569736504	
26372	4	40	1284.09293316495	
25311	3	22	729.150323276012	
26701	4	14	496.240549318604	
8615	10	18	625.508170903431	
14215	1	13	468.924114475457	
16212	6	7	287.277945823631	
23712	7	15	520.258062165351	
29335	4	39	1253.25600570685	
10658	9	6	252.214366240527	
17774	2	35	1127.88178034494	
16973	10	33	1079.02776604473	
12324	5	36	1168.85959083627	
15511	5	13	453.700971702906	
28149	6	45	1433.91187071517	
9399	3	35	1138.95833578844	
14423	9	29	944.148595810006	
25269	4	20	681.679899600185	
11899	2	29	955.247113739721	
13742	10	26	853.117884981035	
12704	8	10	354.451257826039	
24317	3	34	1098.00552780647	
16094	7	35	1125.68158075478	
27141	8	28	913.935271591849	
26132	3	30	965.716282467226	
23901	9	28	914.806086399968	
24103	7	42	1341.26993133746	
23424	5	17	582.890299420287	
29914	5	24	786.580220231125	
25846	5	7	277.264081257053	
25997	7	49	1567.44684039031	
28045	6	17	567.121697220542	
9705	10	5	215.883734736537	
20874	3	40	1273.47808610344	
13272	5	1	98.2138319025812	
17268	10	10	381.362231439614	
21820	9	43	1385.62046808452	
15217	9	48	1530.46525817852	
12381	9	6	254.024064770911	
25688	1	39	1258.94243377212	
22220	4	34	1087.3350175318	
29243	6	38	1226.83400159089	
22755	2	26	853.716405021826	
25550	10	47	1479.95368028057	
24371	3	48	1534.74721182824	
21744	1	35	1114.22781258553	
26950	5	6	261.992323595096	
10905	8	43	1378.18038974804	
17609	7	10	359.784233476866	
9091	8	11	407.457456778482	
15922	7	46	1466.23347399115	
19937	6	32	1030.75541186647	
9119	8	13	461.193201831166	
19189	7	14	480.341686904589	
19067	8	9	334.600381597225	
25597	2	36	1163.03704193003	
26284	2	6	238.411352410173	
15477	4	44	1415.21505168416	
12113	3	35	1130.52426685138	
20669	4	41	1310.70208450346	
11283	7	22	727.654183138001	
18001	6	41	1304.38764640334	
25969	10	42	1333.67784193423	
23223	5	33	1055.9919244498	
29559	5	7	284.767525850221	
17632	10	19	640.760083124396	
22035	2	29	943.144031308193	
8102	2	47	1495.38150473283	
14313	2	12	435.487139800325	
26181	1	35	1132.54963927555	
22928	8	42	1353.33786770391	
29202	6	31	1013.68333763149	
16934	7	15	507.655834829275	
9249	1	41	1296.3046799676	
11407	8	43	1365.78286744923	
27818	9	22	727.617256235153	
10642	6	9	324.289122784645	
14467	3	39	1245.72790047421	
14637	5	30	979.188059763605	
18423	6	46	1451.4884698817	
10737	5	22	732.813762804872	
8532	4	49	1563.08954158942	
21678	7	8	303.106065943421	
29335	4	13	459.122763452643	
28071	3	11	411.0306072659	
22723	2	18	616.691428523833	
21507	7	4	185.928495389376	
27925	1	42	1335.54204783195	
29267	2	31	1018.87770450622	
18229	9	15	535.176789972548	
16615	4	5	222.950879029441	
10850	6	50	1570.40541640036	
11942	5	14	479.940991327139	
22928	8	16	543.321980267447	
28707	10	18	611.288250634115	
14954	8	43	1382.94737112846	
14598	7	47	1493.15615965666	
29362	1	44	1397.72448057203	
24196	1	40	1275.18615443035	
27280	4	30	973.987128703849	
8262	1	6	251.083781277334	
16781	1	10	366.610818862268	
29632	4	32	1022.69324994771	
25895	1	25	827.234594201313	
24746	7	19	654.119589074571	
17584	4	15	532.550136359665	
27243	9	18	603.099577037198	
25291	10	23	764.888521863561	
12938	6	21	714.558819455355	
20039	7	38	1206.98312536207	
24213	9	28	918.747919145389	
25969	10	17	592.683451935967	
28053	6	15	516.026991920558	
28740	5	40	1279.03579696968	
20954	8	20	657.888321698591	
28803	1	23	764.564641548584	
16284	9	33	1081.28158045992	
10722	7	29	954.555078481582	
28497	4	22	724.961317183897	
26703	5	40	1268.07609732639	
14196	10	15	534.831587735019	
9844	7	38	1207.60198347624	
16247	5	16	556.50380022661	
20372	1	47	1500.31034982778	
14270	8	30	989.598760246112	
13434	9	43	1382.93245130355	
8404	5	18	613.742346304349	
28189	5	49	1564.33385456183	
12339	3	23	765.01642933349	
8065	6	50	1582.83549632078	
16790	3	25	834.461096578492	
15425	8	15	526.564642212616	
9847	2	50	1570.54174604385	
14372	2	1	85.2009310597558	
17916	1	40	1280.40468860436	
12568	5	13	446.202943942604	
23721	3	18	620.396291641703	
18803	4	33	1075.87147174211	
18114	1	44	1405.00317437807	
19118	4	47	1478.48047090624	
19294	4	1	93.5918514866344	
21748	8	31	1021.03997352581	
18433	9	21	700.983228376593	
22030	4	44	1411.89457914415	
13085	8	38	1216.42887082716	
14570	8	38	1230.26742709347	
26712	6	35	1134.3784244798	
24644	7	24	800.905194357459	
22657	6	47	1485.43365856886	
22868	7	45	1446.72360908553	
8761	2	10	381.665790668533	
8198	7	18	618.601081175078	
24135	10	23	752.763163388131	
24069	3	1	87.1100571039645	
10245	2	15	519.15554096883	
22415	7	19	643.481797801089	
23906	9	44	1410.10701863566	
26419	3	35	1122.38290011994	
26328	3	45	1437.6358339552	
11930	2	27	871.187137771019	
14870	8	48	1518.80779005532	
9622	6	19	638.765722475371	
14647	1	50	1599.87209253007	
8141	5	22	731.723323134577	
27896	3	13	452.522028783579	
23532	9	13	472.183276932772	
29927	4	18	622.141705892115	
10690	9	15	510.826060860802	
26369	5	50	1598.63110836532	
13320	7	7	291.685377755987	
10017	5	5	224.168349906881	
10972	10	1	85.4101087178151	
15847	2	36	1149.55190410351	
10722	7	26	846.480846277662	
29323	2	39	1254.48424583975	
14965	6	35	1113.7916142092	
21603	6	17	586.618755099652	
20035	2	22	744.609221082464	
9119	8	10	363.881479000618	
20516	10	43	1359.33133315264	
26210	7	9	328.554026823749	
16165	3	44	1412.83715194689	
11238	2	3	158.900195992971	
27899	6	28	918.292820247958	
19174	10	40	1281.16970565225	
21669	2	8	295.860015403414	
15675	2	43	1373.80147882449	
10201	1	49	1563.43168893989	
26184	7	36	1166.04539009093	
25861	4	21	716.922890803275	
19251	9	19	636.095925306946	
20645	6	34	1098.01339152177	
22008	7	39	1238.23563778691	
9519	10	18	613.816036607053	
14105	9	49	1559.67268085092	
8184	10	33	1054.82612901126	
17319	10	31	1021.16788099574	
24261	1	49	1569.25990524202	
26040	3	32	1039.37255036057	
26731	9	25	824.245593894387	
24225	10	21	688.125721201359	
17023	1	21	703.552363619	
13958	6	24	802.274085992143	
12339	3	40	1273.74828081287	
8680	3	41	1302.55525917865	
10457	5	10	376.255681950718	
8654	3	33	1069.04917707157	
20028	2	47	1506.28231711047	
12833	3	12	432.62581126421	
13583	6	31	1005.36392675962	
14231	4	2	136.863042701438	
21538	1	22	745.497797553194	
22755	2	25	838.50142111932	
21770	2	3	158.304500802562	
8308	3	18	622.63311094727	
9259	6	4	185.970638108426	
13382	3	16	559.8655264824	
14596	8	23	761.579272282114	
22321	8	32	1050.55361748233	
12561	3	6	236.662013380165	
16084	3	21	698.381798108286	
8131	2	20	658.710016952227	
28716	3	29	944.780670769876	
11222	6	30	961.70821756204	
17721	8	39	1255.58945244904	
16269	6	22	726.154958385115	
26420	2	13	447.174470930907	
23712	7	18	615.735867496457	
18327	10	27	886.808165426742	
17390	7	7	279.658116828491	
25927	7	4	172.623733213462	
25014	10	18	617.358849857635	
21123	3	41	1305.2366707219	
28363	8	35	1139.63588510623	
23944	2	23	751.205611951279	
17114	4	38	1225.00166320475	
25733	10	21	690.563065954746	
16810	9	14	485.151915180102	
24547	10	38	1215.73756106931	
23937	2	30	984.914023701527	
24049	8	25	826.810838331846	
25883	8	46	1467.51916171402	
28203	10	38	1210.80587767568	
29124	2	6	240.681463331301	
25930	4	20	660.059848101837	
12626	9	47	1490.59812775375	
13068	1	9	339.511970402446	
29708	4	36	1159.93113698435	
14402	8	50	1591.18292565978	
22800	8	46	1453.70204274249	
11187	3	17	574.960602528863	
24509	2	9	339.588608713629	
20161	6	18	598.706287759685	
29366	5	27	882.710536980401	
8337	4	5	205.863795786101	
10062	5	1	109.415704249132	
29416	5	43	1358.77169284912	
12468	3	45	1440.5658684301	
17956	5	1	98.1588283638278	
20349	10	19	656.400300793536	
20052	9	48	1529.08121101981	
26428	1	15	533.313309575111	
27770	9	21	699.474151683726	
21833	9	6	232.967694435719	
9025	9	28	912.740193546163	
20775	4	35	1119.5041928438	
17890	6	32	1040.2611268313	
16410	6	41	1298.86553601309	
12485	5	31	1007.09888885128	
26735	9	31	997.631447742522	
14810	6	34	1095.40757215368	
22839	3	3	154.713611302298	
16712	1	36	1145.84171121281	
18522	8	3	145.639593780804	
12254	8	31	1009.85117504832	
14544	3	25	830.862636394269	
18748	6	32	1047.90413927655	
18694	7	24	784.099207438575	
18526	1	10	381.648369460203	
22218	5	43	1364.99132469529	
21684	7	13	466.642987982669	
20756	1	27	887.243333946561	
9481	8	18	624.552941836674	
10612	7	32	1033.10612268425	
27824	10	41	1304.69751429963	
11508	8	45	1433.03512449983	
22336	3	1	98.6525620979502	
23855	8	14	502.526133741497	
24186	9	31	1013.77208932013	
13266	6	22	721.789907702147	
28382	9	46	1466.22997035563	
16049	3	26	849.997197524643	
21642	6	13	466.993086816274	
20101	4	19	639.337260275771	
23427	10	33	1055.83281268172	
11599	3	10	373.497528756735	
8694	9	26	848.045010030291	
26710	3	33	1057.83818323996	
11238	2	28	927.941269785138	
24420	9	35	1140.55565525804	
13328	2	15	530.337000922457	
16951	6	19	640.646434389356	
8097	1	6	232.832248133063	
15661	4	20	673.551477917261	
27936	10	12	438.294470588814	
20078	10	14	500.246991226565	
14544	3	24	793.746897500822	
27406	7	15	533.066693978881	
21860	5	46	1472.85936193208	
19999	5	30	975.001159391832	
9859	3	20	661.511564972583	
27019	1	19	654.672485410549	
10914	7	35	1138.9174989699	
21928	3	9	333.167503668539	
29571	7	7	269.757312810867	
23042	7	22	721.83787707325	
23868	7	47	1508.76036773844	
27280	4	40	1266.36802899948	
25034	10	15	528.270180136091	
23682	4	33	1079.70506904633	
12112	8	34	1100.85163074585	
18075	5	18	617.734993089798	
25052	10	10	365.093446692961	
14238	7	10	365.308981149136	
21250	8	35	1131.4014773869	
16045	1	9	325.410374629037	
9812	4	40	1287.72052448602	
14621	3	17	586.504450937037	
28460	1	21	689.806781099088	
28191	5	21	716.353646291585	
11636	5	50	1582.81762636398	
12091	6	50	1590.06595603659	
12335	9	46	1456.15793765344	
23266	1	26	841.092714202168	
14337	8	28	914.654323772832	
27652	3	45	1425.99655359331	
11215	7	22	734.411085813498	
19746	2	49	1551.00146391941	
16469	5	20	674.811652095435	
9836	9	27	884.450523073063	
12644	7	22	719.288226999011	
25302	1	36	1165.58586811907	
21219	2	19	629.666771809415	
29239	3	2	118.770929928297	
27329	2	2	140.278342729564	
21648	8	27	891.557484945076	
28658	3	41	1311.07969855474	
26786	5	5	213.825583147735	
18526	1	13	449.579947464904	
23712	7	11	413.994935608467	
23454	10	13	464.737161018298	
29964	2	37	1181.67698103081	
17387	8	18	609.568003103867	
10581	9	46	1448.23620073881	
13122	5	2	119.704024512183	
19039	3	48	1512.60200783266	
18727	3	10	355.552987696395	
11300	4	46	1467.52326698393	
16565	8	35	1142.15000053036	
9856	1	4	192.884095959777	
9568	3	25	812.52646674054	
20219	8	7	287.242446563785	
12261	3	45	1443.25991287979	
16722	4	25	836.505715640497	
9843	9	31	992.183533027854	
18601	8	20	671.445608935992	
18480	9	24	798.514547757113	
8236	6	10	377.824784767732	
18466	8	31	1018.51317989571	
27242	8	12	443.760759217553	
14336	2	50	1587.42679125975	
19839	2	49	1557.75890381902	
14088	6	20	671.556376904043	
18273	3	39	1243.81965706303	
14622	8	12	440.416842047319	
23825	7	48	1535.26576262678	
10536	7	50	1588.06822128038	
22371	3	9	326.322516764664	
9584	1	8	305.030638419572	
26576	4	8	319.84399244182	
14870	8	18	614.330676074294	
9218	7	36	1153.89494133829	
10126	2	5	216.924503472133	
21995	10	10	355.811845490621	
14610	2	9	331.616485273287	
17315	5	14	481.140645333166	
17582	4	33	1060.49795293272	
9868	9	1	87.9217369146281	
28044	8	24	801.388689689985	
18215	7	31	1002.05231594017	
27359	9	36	1150.44356589692	
27260	8	26	866.88781882957	
24216	2	14	488.851463389048	
19495	4	16	561.927556135658	
18364	5	3	151.924056332523	
19572	3	15	512.045780435226	
12580	10	41	1322.32595523928	
19714	1	44	1393.16105616892	
27938	6	22	726.587396900443	
23197	4	33	1068.83273379357	
25014	10	4	173.042937187964	
28524	10	31	1013.25491378701	
8325	8	24	795.312403252028	
22529	4	1	85.8191882473506	
17322	9	12	426.568144348715	
13135	7	15	506.978257199274	
8008	7	17	590.12060412677	
29722	8	30	965.748346040839	
15061	9	34	1087.81935869149	
22963	10	4	184.4382618854	
20691	5	48	1524.53378655228	
21789	5	1	109.23047093173	
17254	10	39	1242.49262856436	
11355	7	28	902.306008088545	
27891	3	37	1178.55341988548	
22571	7	39	1258.63152540225	
27428	4	3	150.317943091652	
18678	2	36	1167.44806738917	
29093	10	17	584.88923036721	
19900	7	17	591.042887694688	
28165	2	38	1210.94765600327	
19548	9	24	790.592810842485	
22891	3	37	1176.43609507775	
10657	6	1	96.4608639555335	
25682	4	27	893.317193320634	
21519	10	24	800.538972430182	
18890	4	36	1148.90744042998	
23043	6	4	189.628820768385	
9507	7	36	1171.8956007305	
26286	6	48	1528.37106161209	
13405	1	8	292.939807387506	
28040	5	7	274.907165111465	
29932	10	37	1199.73511986422	
27377	3	25	836.197904626	
13540	2	5	226.801055253856	
22544	2	37	1201.07576228728	
22911	9	12	438.582538086261	
28693	1	5	211.105315224782	
9445	5	48	1529.24370114191	
18459	4	45	1424.63822807401	
13212	9	47	1491.0200412064	
29292	10	4	174.749606891884	
9929	10	18	600.102378223139	
15073	9	21	696.950427804585	
27039	8	33	1077.5185293879	
25255	10	35	1121.21309496519	
8261	4	38	1224.39519026521	
8327	4	37	1186.5454553005	
27400	1	30	983.374136250175	
9844	7	14	493.292530930272	
12913	5	12	441.727837343573	
27443	9	6	234.877887850105	
11177	7	27	888.271825801708	
17200	6	5	215.544509205755	
17644	2	46	1457.8850777903	
14047	2	30	982.450126345479	
22643	2	45	1436.81881870926	
28748	7	23	778.851539296495	
22070	2	24	792.501994926716	
16984	9	38	1226.02917191853	
28384	6	29	958.070816769298	
19893	9	14	480.491783358386	
14421	8	44	1393.85274531033	
29712	8	36	1159.4482970794	
8413	5	47	1491.49845449789	
23174	1	42	1329.62662144081	
13166	4	15	509.495351067509	
21071	3	14	486.294723938357	
23947	5	23	755.504952834689	
10367	10	50	1577.4776575982	
25348	8	27	900.048987315991	
26286	6	49	1539.21262786687	
17581	10	39	1238.20436624726	
10056	3	23	760.251002293197	
23967	10	21	700.022846488293	
14760	8	35	1116.19804911138	
18108	1	7	270.490432619346	
12826	7	16	559.485667273163	
10120	5	18	618.942334567636	
23672	1	43	1372.10409835545	
25937	7	37	1176.14378216497	
18748	6	49	1562.36198512947	
28769	1	24	806.25468451821	
16472	6	23	758.603069800233	
10788	7	36	1166.64322426852	
22765	8	2	138.061919537402	
9194	9	30	986.635339309757	
28247	10	33	1064.19061065847	
15143	7	30	978.312826835696	
13588	1	26	844.350928908377	
20543	1	43	1364.25694357802	
9009	9	39	1259.73099878977	
22598	9	31	1018.60332029807	
19487	6	10	383.214529223374	
12200	4	16	546.567411304716	
10658	9	34	1090.52825784801	
20813	4	10	380.896861581549	
28356	8	32	1040.65408114374	
23940	1	24	805.451973306691	
9519	10	42	1347.89190794709	
28520	7	21	691.717743897679	
26505	2	25	818.100466326857	
28794	5	15	511.040502465815	
27062	3	31	1005.89647865197	
23010	5	37	1193.24354361428	
8365	1	14	502.515209476703	
26408	3	17	596.67352160284	
28103	5	5	208.020823508511	
25575	10	35	1115.52166271746	
15514	1	12	421.68702867892	
13359	3	24	791.959693726133	
18134	10	29	957.3331514361	
27973	6	6	239.909204728859	
26087	3	31	1020.39789657127	
22936	10	2	129.885389753564	
23352	1	31	995.708831639825	
21490	6	40	1274.23709884018	
18859	6	21	715.249675510102	
22085	8	50	1592.80507281088	
23042	7	45	1433.43653496049	
9851	10	12	422.991282131053	
20815	1	32	1045.30474040904	
22933	7	34	1107.98189710266	
22611	7	48	1511.15402392631	
12197	2	8	293.22071402018	
29934	5	39	1240.31798852622	
23714	6	18	600.609307568804	
15773	1	29	934.98983702389	
24449	8	8	293.683590988481	
18491	9	38	1209.49458864028	
8694	9	25	815.301187529835	
20432	4	25	829.836351475602	
24222	1	42	1354.03369396647	
20820	4	27	871.050426620548	
10541	1	23	760.386354457767	
22325	2	12	438.043315838111	
15355	3	35	1131.32148266366	
13102	4	44	1400.35820586624	
19877	1	36	1165.35952618595	
29465	2	22	744.128014791817	
20108	1	35	1141.38839793456	
16106	10	26	858.614515801247	
10855	2	49	1548.668947941	
19770	8	19	636.625798156776	
24008	3	2	132.391235182244	
21644	2	14	486.92379214192	
27521	7	34	1099.82179406091	
15841	4	50	1598.2054237268	
15317	1	9	333.32913946981	
22658	10	36	1150.85857966489	
14707	9	44	1416.29115900783	
21860	5	40	1265.64718607145	
16744	4	32	1047.84900833287	
14483	10	30	972.0154383462	
16338	4	31	1004.90062581603	
14909	1	39	1246.41300348864	
15217	9	41	1310.1185692242	
27067	8	18	599.886478539503	
20065	6	24	792.675764631795	
12407	5	49	1552.92555508806	
20795	10	47	1501.9059019079	
17391	2	39	1261.68368457895	
18994	3	48	1514.33723252003	
10164	1	47	1506.02707407718	
11715	4	38	1206.38584114909	
20023	6	49	1562.12334225053	
8003	2	37	1203.29945746963	
8938	2	30	968.858778108311	
10242	6	9	340.011542113503	
25757	8	40	1291.84207391545	
21505	6	46	1464.38734897617	
22555	4	46	1473.87889297394	
11694	1	36	1149.89014932415	
21592	2	28	928.677058019059	
11265	8	10	372.04813702593	
28834	6	36	1164.37676632981	
19085	8	34	1096.63579246804	
21688	9	16	551.356098945884	
15970	1	46	1458.76278874407	
17432	8	44	1406.29692187826	
22630	7	5	220.496194465317	
8729	1	18	602.403883842008	
19403	1	20	681.66069755408	
28941	6	22	742.82501132359	
13320	7	44	1393.20342963245	
27791	2	36	1149.65400145839	
16075	3	43	1381.98734314273	
9058	1	13	462.018255620272	
9842	5	46	1466.14980080451	
20289	5	35	1113.97335096913	
28659	1	22	727.924746613915	
10350	1	18	611.435004124155	
26673	9	20	687.682441234441	
29064	8	38	1212.43397109789	
23188	8	26	842.222112883917	
17809	8	47	1479.70471335561	
17112	10	29	944.277283281217	
19542	9	2	122.641873863825	
29884	4	32	1030.23995700769	
9953	5	3	170.267892931713	
22019	5	27	883.624334672291	
23347	2	5	210.963015952596	
23538	2	42	1338.19388161329	
18553	9	19	641.487065554358	
23396	8	40	1286.47123068872	
26587	8	49	1542.41226603389	
27492	7	4	195.757036747298	
12214	5	4	199.171950313808	
26840	4	20	679.967301320269	
22531	10	45	1440.52385948623	
20832	3	5	229.777211020597	
14853	5	25	838.762470278313	
21670	7	22	741.123689795436	
12933	4	30	986.378842753535	
11423	2	44	1412.42936062274	
26130	1	30	979.502018065891	
14891	7	20	660.022987024869	
16713	1	26	851.512221196439	
14964	3	4	192.82364444473	
9818	4	2	136.731839690698	
18249	1	6	260.135999107797	
15516	6	25	821.281201849357	
22827	1	34	1102.7089773038	
21964	10	25	826.038191144372	
12644	7	19	643.917327301538	
19532	7	29	932.952344852012	
11712	1	26	866.1964517395	
12025	8	48	1537.45617822625	
29520	6	3	166.454945135142	
20930	5	14	492.343423670318	
21123	3	8	300.09948304859	
26218	8	33	1053.99391860421	
28173	5	35	1121.11614193819	
11108	7	43	1368.49489581235	
17128	5	18	602.672587205969	
18744	8	1	89.5331785127209	
21418	3	26	864.210002228715	
29844	3	2	120.173631999723	
16215	9	33	1056.35378063487	
18578	9	46	1450.79116359856	
17549	6	32	1033.89696471109	
22356	10	39	1262.81539282893	
19012	3	43	1382.0509543	
26801	1	1	105.625941318286	
17638	5	30	964.196139948534	
20015	2	47	1489.1622763356	
29107	1	46	1470.31131432872	
8500	6	41	1301.30359848091	
14215	1	44	1400.00461047516	
22611	7	46	1462.72009481803	
16963	8	27	899.681726330743	
19311	7	4	172.765062084778	
22404	6	48	1529.81822941909	
16728	1	30	973.508117316993	
14319	6	48	1510.13189382392	
25613	6	3	142.343132822934	
28611	2	21	708.254038648798	
25302	1	17	592.15569046892	
22497	8	50	1597.56973825282	
20665	2	12	433.518885836713	
13359	3	23	756.215814294394	
27959	3	6	258.300858521043	
8261	4	2	112.717005178666	
12636	3	7	267.623877649952	
16875	8	38	1220.42437643764	
9415	3	23	775.783292416382	
9181	10	41	1317.64632834012	
8982	9	30	972.628793983082	
13336	5	13	463.706255547565	
10351	8	44	1402.89618211002	
8682	1	4	195.292015837176	
18180	10	18	619.849355025147	
9916	4	44	1395.15844056157	
20551	1	9	342.032480846174	
28643	9	21	702.834874979609	
19580	2	18	597.320606278871	
18610	9	32	1039.23024754935	
10984	7	33	1077.08303598551	
25080	9	46	1461.84205119584	
25792	8	23	754.755050965936	
14544	3	33	1062.64103052329	
15557	8	36	1164.89285325859	
12361	2	5	217.4515677511	
8092	9	8	303.734850317116	
14126	3	37	1192.66169733957	
15852	1	5	207.334420963812	
20122	10	35	1124.17568918512	
29004	10	5	227.6080246212	
28058	3	46	1458.36300198844	
27382	8	16	540.329454383035	
23600	3	30	981.279139863923	
28763	3	9	352.054311759795	
25243	8	2	122.603893746903	
28109	4	21	702.834894798153	
20100	8	23	774.575349304162	
24603	4	26	855.596106190046	
23141	5	38	1230.09838765026	
15470	7	37	1194.42707665005	
21245	9	14	485.201564880647	
20584	5	7	268.412847532152	
8539	9	6	251.515947995482	
24550	10	17	577.682520345637	
22565	10	28	917.597342933341	
10297	9	50	1597.10842836514	
28366	10	42	1347.42807898085	
12913	5	10	359.832371305596	
27648	7	10	377.606621523205	
13599	10	40	1267.78574857292	
19049	4	9	350.673242337384	
21429	4	31	992.811287545046	
24512	4	21	703.11288527358	
24887	2	38	1231.17100266329	
24155	10	22	730.313639273082	
14373	7	28	922.814687286883	
12979	6	30	970.877855313419	
17207	7	37	1191.3229610358	
28183	1	2	120.849290769943	
28842	8	44	1408.98215486155	
24889	1	20	674.962180310377	
21552	2	34	1093.08995547383	
23227	2	39	1251.60760323126	
16361	8	36	1170.03830371892	
22800	8	35	1114.26579199464	
24644	7	48	1523.37680116453	
26534	3	14	501.617042246096	
26652	2	45	1443.23770407738	
20215	4	17	577.245461278244	
23656	1	23	772.32354576342	
24490	2	36	1167.45713154201	
26893	10	45	1447.23876878956	
21932	2	30	967.222218628611	
13206	7	45	1444.8031708993	
29502	6	20	671.881471104865	
21436	6	40	1273.42920366369	
10079	9	17	583.239102970455	
21600	7	16	564.958510177656	
25348	8	9	327.295510325253	
18336	5	5	220.343139385964	
9876	1	16	556.306771336266	
11659	1	28	912.829326033978	
28870	3	45	1429.72779944061	
14229	5	46	1456.3899406122	
19507	7	46	1476.93478228382	
28131	4	16	545.551714443393	
15994	4	45	1437.21656910946	
28318	6	42	1350.10813720064	
21340	4	38	1221.74067248671	
27400	1	24	799.78920646002	
8855	9	42	1331.95703948473	
25467	5	37	1183.25238826836	
14543	5	25	814.746815420104	
26576	4	45	1421.11623278871	
9664	7	18	599.464896339674	
25420	5	31	992.111609406821	
15442	3	18	616.805244300889	
19388	8	20	681.477644276562	
22130	7	33	1063.41672835099	
18466	8	31	994.22054176881	
29601	5	37	1175.49138611904	
18604	10	47	1504.19037490347	
29350	7	43	1382.58691002735	
28070	9	38	1205.28307575978	
19546	10	4	180.328617030908	
26412	9	14	503.434473547821	
18826	9	1	105.589068916435	
13447	7	26	858.309714374277	
18501	6	19	639.289531558421	
12685	5	33	1056.88443560939	
15488	2	12	419.575584316429	
24936	4	14	485.919345135763	
8715	3	29	944.027450710548	
11926	2	47	1500.50615138398	
26788	4	29	932.675383525284	
25237	8	43	1362.1328542764	
18519	7	39	1263.36215603322	
19760	3	44	1395.21766261906	
29655	5	40	1293.1035214351	
17316	4	19	648.71407755125	
19295	4	3	166.160232055076	
26904	6	23	751.508905045459	
8098	1	8	301.497031590667	
19732	6	43	1377.45625481822	
26486	5	32	1040.36650627869	
16626	2	50	1584.20474327365	
26090	1	21	712.491953369459	
18748	6	36	1146.1059858399	
26542	1	28	925.338274559629	
20475	5	40	1279.76986169804	
19916	9	22	736.623959362797	
8570	6	47	1501.76145869389	
24259	7	34	1101.54178182666	
8141	5	29	933.074968556443	
10905	8	19	644.851753266925	
23025	10	19	652.116396432797	
15115	5	35	1130.24241600663	
16016	2	8	304.444723680823	
27436	8	42	1356.06132358129	
20847	7	33	1053.50030873599	
29255	7	15	519.962645526958	
20981	10	20	658.906854735178	
18318	10	24	790.818605642216	
24049	8	6	244.856236877319	
9593	10	13	460.213622143592	
11508	8	28	926.037694348971	
28584	1	8	319.224937557813	
21592	2	28	914.240664036125	
14231	4	17	568.440849263426	
14499	1	25	837.332042063275	
18239	1	42	1328.7494533736	
29502	6	25	821.587581681827	
16517	6	30	988.374122841458	
9865	3	14	494.702650799743	
26587	8	28	908.060309713734	
12735	10	14	503.98248107358	
20201	6	40	1282.6933433128	
25296	10	1	85.130655209129	
14484	7	6	244.916569481099	
12704	8	4	196.123873757256	
18917	4	44	1390.94252017836	
28642	8	16	559.483083076534	
13024	9	48	1532.97143981465	
24426	6	29	959.519669860378	
18516	6	11	400.260476246597	
20168	2	15	517.814125622536	
8228	4	30	984.3775633091	
26517	10	1	90.9524821541051	
23044	2	29	935.654398117054	
17513	1	10	360.558987092487	
17434	6	8	311.890438269773	
27896	3	32	1038.9174323524	
25260	1	2	119.156339037771	
13567	7	8	319.603212699109	
21692	9	5	208.751432024292	
16790	3	34	1107.2533773199	
15858	7	49	1560.69029940324	
29111	2	2	136.640794713349	
25290	2	31	997.242632674632	
17582	4	4	194.328811929714	
15209	7	42	1344.97980571584	
20732	5	44	1398.25128933333	
23400	7	20	657.665136576474	
16010	2	3	168.006232496354	
9840	4	49	1551.02040832444	
27713	2	48	1515.03637768097	
18991	5	17	593.387335852435	
19118	4	20	686.83913102692	
15294	6	1	105.014658842708	
8387	3	5	220.869272193345	
11841	6	30	969.423053119994	
26317	9	35	1125.1117607975	
21059	1	2	139.528154199723	
24426	6	39	1239.93744982404	
17133	3	39	1262.55778855763	
25206	7	49	1560.47956245042	
17440	8	22	725.935414920531	
20035	2	45	1431.29893578184	
28440	3	45	1444.59576063072	
23712	7	49	1542.39949652106	
22412	9	49	1541.66013103987	
25822	6	8	308.272455403708	
24975	9	50	1578.58626591907	
21173	8	7	287.881862170939	
16378	10	18	605.441603793503	
23209	9	10	369.832021021206	
10482	1	24	782.431242644056	
14698	9	22	748.770910142349	
13641	8	10	365.951218775451	
28613	7	44	1400.80693239384	
19772	10	16	543.292181670336	
19517	3	38	1226.05254859945	
20750	9	20	687.888022534497	
16501	3	2	130.587757551385	
21724	6	13	451.144068041418	
10547	5	50	1592.69123084503	
17311	7	47	1501.81794650006	
13068	1	45	1444.96520731829	
19526	3	31	1008.49926153594	
10593	2	14	485.224098565627	
25513	1	48	1524.4267897701	
10819	8	10	377.538432282181	
29902	2	50	1585.9378233114	
25172	8	24	794.785125923709	
19874	1	30	991.135933972493	
29880	5	24	786.778677472276	
27713	2	30	979.389278152673	
9064	5	14	479.218889213735	
18199	2	19	657.045424141477	
22100	3	6	248.271869573869	
13450	2	13	461.317962399366	
10851	2	5	209.391363621406	
28407	6	7	292.045034082627	
26343	6	33	1054.84313615358	
8545	5	6	252.668680889843	
25174	8	35	1116.70735031213	
26134	2	45	1419.66502341426	
9654	6	13	449.783274405535	
12593	6	36	1162.56462870285	
21394	1	39	1261.18838730324	
8449	8	25	812.605135036914	
17227	8	45	1444.61642571009	
12124	6	11	400.887912251469	
20539	2	8	304.207726448871	
14842	6	40	1277.57709052301	
21874	3	42	1343.37050452054	
21482	5	15	517.223738263	
15093	4	1	88.9403966483383	
12927	4	26	868.793381782618	
11907	9	40	1269.8665577126	
10224	2	2	138.661615950364	
12724	5	27	880.970207602238	
17339	3	14	502.799674245901	
16082	7	32	1039.37166206509	
25513	1	1	97.9727067509539	
12516	5	39	1244.12169875769	
19018	3	8	322.334632092311	
13354	4	26	863.801139995363	
18484	6	27	896.745928198446	
22985	2	45	1418.66292632123	
12313	8	30	990.442742868533	
25801	1	10	383.212353430322	
18114	1	4	171.725486000872	
18526	1	4	197.679349201582	
17387	8	31	1019.48896999447	
26564	7	11	413.90081804893	
17464	5	31	1014.00751451683	
9868	9	38	1233.04488638092	
23785	9	46	1477.91907666154	
17820	8	29	934.436717729288	
17324	10	6	253.026207430766	
23666	3	35	1132.03467209453	
12874	10	10	362.400578615442	
17228	10	42	1347.3108742327	
21347	2	40	1272.61896352871	
24921	1	3	159.810364060016	
25801	1	50	1576.65052003071	
9229	1	43	1361.73009686253	
26519	3	35	1117.2080354007	
18974	10	39	1247.76542945195	
21720	1	9	349.554939209276	
19386	2	30	970.448881504335	
27090	2	38	1210.42550743112	
15922	7	30	987.178866428872	
29092	8	4	189.610253623505	
18313	6	37	1180.34775479713	
20539	2	41	1306.5916893755	
29075	5	26	852.673372017533	
13647	3	32	1036.87042940262	
20349	10	18	608.546982132153	
9358	5	27	874.372718219819	
16227	1	19	635.863883418899	
14784	8	36	1153.03734620709	
9694	6	42	1343.90170238162	
19916	9	9	350.745644434702	
15167	3	15	509.392781606593	
27742	2	42	1352.89093970921	
19811	2	7	283.208563049887	
27123	3	27	884.7187564544	
22061	4	29	943.676272474078	
29818	10	11	409.362990003714	
20715	5	27	884.178851882079	
28400	4	5	211.021319986797	
8547	3	48	1534.35666405333	
17308	6	34	1096.84035028184	
29464	2	18	606.626943855838	
13221	6	18	598.569628986795	
18991	5	23	755.4888000132	
20055	9	43	1366.75269853638	
17227	8	48	1538.16234269094	
17881	6	40	1267.47117872698	
21288	1	16	560.604535229786	
21669	2	42	1346.59310459466	
16522	2	39	1248.98049874649	
26323	4	36	1149.10798711195	
8925	1	1	99.9938613641979	
17128	5	23	772.786845999205	
27728	4	24	784.546619572	
24897	4	1	88.0690955780768	
16936	5	45	1439.14121519734	
29094	4	21	707.309128673425	
10885	6	6	241.334142499293	
20645	6	7	276.174456978298	
12863	3	29	949.372094529389	
12163	10	2	140.063999509469	
10923	2	38	1217.16232401187	
18630	3	50	1578.99732588744	
18974	10	18	618.498876233817	
12049	4	33	1076.565229798	
18038	9	26	843.22618192212	
26409	3	11	406.919424350802	
15694	10	43	1373.44195698083	
11394	5	16	557.011340408126	
22858	2	6	253.531762926621	
10457	5	28	918.402439448239	
23774	7	33	1065.3760873272	
20819	6	25	839.427561517538	
24527	8	40	1276.06884337779	
14129	2	47	1490.33851614703	
28191	5	37	1182.98330976767	
13480	9	20	661.778125810334	
20707	7	19	631.102889362305	
13642	9	34	1085.92067348115	
18567	2	34	1098.70808671168	
18724	8	29	941.075803405175	
18269	9	11	393.768182990033	
22894	6	27	889.270778824236	
27176	3	47	1504.05684746059	
23161	9	7	274.793715269674	
27855	2	9	330.751783070505	
28405	4	42	1336.60593560739	
14638	7	19	648.344320137214	
28410	4	7	275.13946747181	
13501	6	32	1045.57754125706	
12200	4	8	316.367143800653	
25718	4	6	248.028847504421	
24455	5	21	688.004394903781	
23740	2	26	861.649225457408	
11189	7	46	1474.29266454386	
19064	5	47	1479.67802626997	
18831	4	19	627.629617968402	
8094	8	50	1580.07075275298	
19827	9	40	1278.9235702152	
19120	7	18	603.526516614261	
28226	7	38	1211.24291834014	
25726	9	47	1494.02922174615	
14591	3	1	83.59319482166	
15798	6	36	1173.06134166804	
13447	7	11	410.578059298255	
27328	8	3	163.731899784753	
21662	9	26	860.56629984666	
16076	8	34	1096.71800262142	
16807	10	27	894.208103424966	
12675	8	14	505.08578581041	
9404	10	26	857.363089387008	
9549	7	3	156.206239311121	
21342	2	23	755.413469018142	
9806	3	23	777.466370266614	
8124	8	1	88.2962911242136	
23289	6	42	1346.29581651944	
11531	6	11	407.891545187631	
22588	10	3	154.940478426842	
9516	1	12	423.705160964143	
24888	8	25	825.813446727494	
13620	2	34	1106.62024631473	
28296	7	43	1358.57510421359	
25363	10	37	1178.30248950902	
24350	5	34	1111.43379915107	
9024	3	48	1537.16461912597	
19393	8	23	750.373591943818	
20101	4	13	457.371692423416	
15298	7	50	1577.77833606013	
10361	2	44	1401.77617883392	
16772	8	1	90.6604898770621	
24216	2	19	635.353691799265	
11966	2	20	681.707373057356	
18778	1	29	952.179319147104	
26126	10	16	562.39415686689	
11724	10	47	1487.46516837155	
26854	1	32	1047.04658165902	
21670	7	11	390.174988168373	
17506	7	41	1316.20943715619	
14146	8	36	1173.47878816234	
13772	7	4	191.061815484921	
11273	1	33	1070.18548322385	
22510	6	8	319.887932985969	
24420	9	42	1354.13621671225	
13503	6	43	1370.0536816614	
21787	9	7	268.21445187005	
19177	1	6	240.160904489533	
26480	4	34	1092.61537848628	
21288	1	48	1510.53802463717	
19039	3	26	853.352934333194	
8072	9	5	207.996848024426	
28760	7	36	1151.78648108234	
18361	4	16	552.689139541559	
12675	8	39	1236.36559178883	
23002	6	15	533.110123487706	
17657	5	34	1096.90627029953	
19838	4	46	1452.66781412655	
29670	2	11	395.726732237137	
29694	2	17	572.159395670593	
20543	1	39	1235.89672254207	
10593	2	39	1260.20446735444	
24973	10	41	1306.36020736134	
22107	1	27	882.787963786529	
18578	9	40	1294.94182378749	
15994	4	27	883.547613547904	
25509	6	46	1469.73209401114	
14047	2	6	255.655716329653	
13433	8	24	804.026920164016	
13878	8	7	273.019312151251	
20711	10	27	890.001201895066	
22984	10	19	641.249709465192	
29191	7	32	1036.12082835106	
11351	8	21	691.682108031438	
16381	2	17	581.461690264503	
9960	6	8	312.643345479222	
13520	6	42	1355.62796350365	
8501	3	26	866.732313328764	
25061	8	1	84.4388875013398	
11579	10	44	1408.24880784762	
9772	4	28	923.219347281018	
17057	10	43	1377.00371463644	
27164	6	39	1257.75821345754	
25058	6	16	546.833667786249	
27747	2	24	804.425401726936	
9360	7	40	1273.7793308095	
22646	2	16	538.874008794722	
24271	4	3	162.664552257706	
8560	8	32	1045.34178126852	
20168	2	14	499.069195659398	
16634	6	33	1065.48788656736	
12226	7	2	114.797354244998	
24389	3	22	731.319849421885	
22774	9	45	1418.01559249778	
16386	2	3	160.31271461412	
24655	2	48	1513.2743208079	
24207	9	14	484.701608123584	
12157	2	7	267.397519437316	
29752	10	18	624.946109198474	
8860	2	16	550.588603164343	
12518	8	47	1500.32158765025	
10056	3	1	92.5587355403969	
25548	3	32	1036.13398432552	
16212	6	27	899.596066335028	
20105	7	21	700.536822742101	
8402	8	7	292.103224868003	
26796	9	23	771.876019673364	
28867	6	16	540.104373050902	
18350	9	50	1571.22744927706	
22202	10	31	1003.72224630961	
17464	5	23	777.482159984057	
9911	10	8	310.173956970765	
9840	4	46	1448.22892662521	
24022	9	17	587.477924389522	
23411	4	39	1248.94004838957	
9738	9	46	1458.89300790564	
25462	1	1	82.4462538968987	
27145	8	25	839.526539575088	
25020	9	3	158.362562059594	
13033	2	1	101.162492977997	
14844	5	12	424.673604753182	
28673	4	43	1387.06754175344	
15798	6	25	810.313935061132	
28440	3	11	384.957724504619	
15373	4	24	807.531425583889	
16407	3	26	855.203847650068	
12422	9	48	1509.92986004331	
29881	1	38	1218.10523585328	
23447	7	18	611.369393417318	
29654	2	20	668.187369456602	
28169	8	45	1427.94173735564	
17757	5	36	1168.23044406633	
22529	4	8	321.786204130289	
22606	2	35	1133.850284337	
26778	7	47	1507.92722019736	
12330	2	28	910.660611740621	
22989	7	12	420.86973031092	
27921	5	12	438.162147122511	
13501	6	45	1446.29684504415	
14344	9	17	592.322176858933	
21429	4	17	581.903311136134	
25334	5	50	1598.76963574382	
22658	10	4	191.43710298065	
22921	10	2	121.619534958908	
19967	1	41	1321.58703567534	
11058	4	25	835.313929596596	
23405	8	7	266.568427619789	
17206	8	5	223.841925032363	
28579	1	6	249.075544108206	
10001	7	8	301.419706708481	
25061	8	48	1510.828066911	
8241	8	39	1245.1750685485	
23914	3	4	189.034957377722	
8193	4	18	603.783616220478	
14373	7	5	205.914998411161	
27067	8	4	193.254045896816	
13403	3	27	882.244800479265	
16492	6	22	731.176259820897	
15606	1	4	172.064640751139	
20942	2	45	1445.33297509203	
14423	9	10	382.173364824696	
11248	2	36	1153.77078382008	
16845	4	48	1528.73497963358	
21168	9	30	983.040079820454	
27824	10	37	1175.78050895398	
9194	9	38	1209.25171591772	
21873	9	50	1588.38775284048	
16505	4	11	394.378642288213	
26124	1	20	679.550704192161	
12668	10	12	418.279436648953	
25957	10	35	1118.02327759472	
16172	4	39	1244.28410677439	
11265	8	31	993.22969453094	
28554	8	36	1166.04038520066	
9864	10	35	1119.25918184186	
19471	4	12	425.903969009362	
14971	3	40	1275.63043877279	
26406	7	23	768.694400102223	
13567	7	20	663.370688829278	
13784	3	50	1572.21749598729	
24423	1	20	668.635420030279	
12848	9	43	1366.08793501094	
12945	9	32	1049.02969174508	
8190	3	11	389.949686708837	
25648	4	23	757.359302545599	
24741	6	7	262.766668807141	
14724	7	33	1059.19548668861	
24301	3	41	1318.00258790981	
23712	7	31	1007.93528592583	
29401	5	44	1394.67317430054	
25446	7	1	108.415811261356	
8460	2	40	1289.69347049002	
28572	8	9	346.097506371372	
20722	9	1	80.9638699521142	
24329	5	7	290.148812034237	
26236	7	32	1028.13252731605	
11317	9	3	150.034656110236	
25905	10	24	808.397023160195	
13031	7	16	545.839026004932	
12645	6	4	192.335319757618	
20658	6	26	846.92617675612	
19499	1	46	1472.18978533158	
27273	9	36	1144.2912208402	
27169	10	45	1430.79610745925	
24730	4	24	783.396429113763	
14965	6	9	346.543960136615	
19300	8	9	331.945374017556	
18134	10	18	622.994572177061	
25093	8	34	1084.52443437861	
21625	6	43	1380.0110294018	
12954	9	15	517.623607124027	
25227	7	4	193.550400377042	
20874	3	3	147.805570991619	
26400	1	4	199.847144763846	
15517	1	26	856.697555061755	
29438	6	18	616.085429813753	
29577	3	4	184.741092075008	
29510	10	38	1218.78529292475	
9020	4	8	305.680777274855	
12104	2	31	993.013840146835	
17096	2	5	230.056229229111	
8451	1	9	350.385164930665	
12707	7	30	986.443356362378	
20557	9	27	884.877529891617	
22717	4	11	389.863625387598	
22295	3	45	1428.3298071047	
11983	4	30	978.186600403016	
11009	4	31	992.265824578826	
19571	3	29	955.891573166424	
20942	2	3	171.126654525812	
19318	7	10	355.869312899126	
20376	7	16	547.233415612594	
22745	7	8	302.855374097291	
8508	5	16	551.03536907166	
23173	1	24	805.291319231173	
24936	4	24	796.445634698703	
24384	5	8	301.796714170741	
9549	7	38	1218.23358428582	
21303	6	38	1206.55325759507	
8558	10	14	490.815342408985	
14337	8	48	1530.82129478958	
27652	3	15	516.200914511551	
25596	5	8	313.478153531197	
14793	10	38	1227.92425652404	
17905	5	29	957.049567176518	
29632	4	48	1514.86541088431	
23988	8	38	1221.8878994984	
23859	3	5	226.250361607527	
25014	10	25	824.26631489036	
21509	2	40	1274.06338222048	
28332	4	28	923.391435241043	
16781	1	15	531.249363185488	
23594	3	17	582.716245885341	
25742	3	36	1152.8251858581	
26590	2	49	1562.27909052851	
15877	9	17	576.541011825456	
18564	2	16	565.746428969198	
26977	3	9	339.413690948586	
16913	1	35	1120.93248207166	
26519	3	29	955.066622009066	
22510	6	30	968.357359733599	
21231	5	29	939.67954943873	
9296	5	40	1267.10299901064	
16386	2	31	993.397779852803	
16413	4	34	1104.14171650267	
24630	6	50	1570.39019151143	
27686	7	47	1490.69502627975	
25516	4	37	1196.77020191996	
9994	4	31	994.555825532673	
22230	6	2	140.251920363052	
24417	1	11	394.288715643011	
19532	7	17	566.507507789185	
18473	8	1	92.2320353296735	
9932	5	44	1414.86543486587	
14689	9	33	1062.19254535725	
22873	5	41	1313.85531471756	
18316	2	2	116.907011399468	
9186	5	43	1358.51909983834	
19632	2	48	1527.8279627151	
14390	8	13	474.998214503284	
24090	3	7	286.441907606293	
26254	7	25	831.936238795489	
27303	10	6	247.999509688467	
9171	8	40	1281.82819094594	
21245	9	26	847.735219284769	
14751	9	45	1424.61994971364	
12537	4	49	1564.51716972725	
24217	8	23	750.030188239194	
8201	9	17	588.756278543154	
21925	1	8	308.750307405717	
14971	3	8	310.699205729505	
24907	1	49	1562.38302322216	
25295	5	4	177.301102214167	
17427	2	9	331.486635586008	
9076	2	35	1122.45798267539	
27436	8	20	671.141745350855	
13385	5	26	849.097915500914	
22831	2	28	920.080373678394	
25448	7	5	203.782540021363	
27731	10	30	986.659375665085	
18676	3	1	104.170384604563	
17370	8	1	105.117697578444	
12780	8	25	831.694536074854	
8666	6	23	764.014394527308	
18549	5	29	959.774666577473	
9697	7	12	436.883927451858	
16367	8	15	519.017327855815	
16891	6	23	767.85081101947	
15447	4	3	170.632640500848	
15633	4	9	328.423775810946	
10091	4	16	539.634000425988	
22548	10	24	807.227329130856	
10771	9	11	411.585728233487	
18900	3	22	725.934267568371	
26884	5	22	748.624714402773	
17001	9	5	216.42112093811	
17349	6	23	771.680039750263	
16895	8	50	1585.2748080647	
29958	8	5	225.662560568034	
12516	5	40	1279.52176678903	
9730	3	1	85.8730217841794	
25975	8	25	820.664838040557	
28444	3	21	688.013923376805	
13472	5	23	765.805518126956	
13059	4	45	1429.55271463355	
27359	9	12	431.905692420856	
9199	5	13	469.206405575018	
26646	3	43	1360.74539974367	
10236	3	10	372.407452190485	
28830	8	13	471.050800006395	
8669	3	16	544.757399216647	
27408	9	24	796.826637721074	
27957	2	38	1234.73655981698	
27323	8	18	621.168587050014	
19295	4	13	450.827829898721	
12124	6	6	261.324210027849	
28171	1	1	80.2417027206354	
13599	10	34	1083.98511516116	
15073	9	11	402.053524368468	
26412	9	14	490.851291832911	
14532	6	30	985.602621857823	
29183	9	27	876.666358707783	
13122	5	20	659.397547738346	
26805	6	9	340.332502732208	
11479	10	43	1369.11630697973	
26573	5	34	1103.47187659865	
16345	5	38	1230.79729498867	
17712	4	32	1051.3668346458	
22902	8	37	1182.86192118323	
26226	7	30	986.036861737276	
19899	3	47	1499.46170560059	
14596	8	26	863.823107436217	
22218	5	23	774.41781311036	
25522	9	15	524.260773232328	
10731	4	30	980.786353880906	
15687	3	27	883.505546564006	
9132	1	31	1017.10377420164	
11872	4	3	145.889017947898	
28809	1	29	934.461679893761	
13872	7	18	607.868974156617	
21746	6	49	1567.67752187684	
28147	8	23	758.271928112149	
23360	10	14	475.443358828986	
15934	7	41	1299.58184049445	
29822	4	43	1383.6663765943	
15945	3	42	1342.80736270491	
13137	8	36	1172.49076931388	
29914	5	44	1390.41714118347	
28129	4	10	355.106437669651	
23454	10	17	567.300504374923	
11431	10	5	216.179418217474	
10646	10	40	1287.6949245891	
27250	9	39	1263.22128369623	
17067	4	42	1334.81126873512	
9843	9	10	373.919144931212	
27208	4	24	809.206663076396	
20364	7	6	241.267290302211	
13432	6	12	427.681420644597	
24681	5	31	996.689211147227	
16714	5	11	406.080838034898	
18298	10	24	801.108397432188	
14489	3	31	1017.83957092922	
16371	8	6	257.883478560431	
20568	2	30	986.370590453209	
22895	8	17	571.589094405802	
16269	6	40	1280.93429178043	
13205	4	1	102.408824610714	
25941	6	24	790.475786584651	
20744	6	39	1240.38223316911	
25725	2	36	1167.32228333471	
26824	8	26	844.220435826211	
19372	1	48	1534.35268477274	
8712	2	5	229.523435267398	
13301	8	44	1394.18455021185	
22740	6	15	523.17376995607	
20476	9	8	307.330693745674	
20952	10	14	481.222999878797	
11108	7	29	959.815707243893	
15944	10	16	556.666126137909	
15598	5	1	106.308944274815	
16529	9	48	1530.98110728477	
23197	4	45	1440.38015380519	
15606	1	23	776.260396976145	
20283	6	21	695.561416808311	
27141	8	26	849.857443519802	
17113	8	7	291.766781011488	
25200	2	37	1200.60182373999	
16434	1	32	1039.60654437524	
8072	9	5	230.341628301116	
23138	6	6	251.579690804509	
15149	2	22	722.238256261795	
19803	4	20	669.422353557042	
15690	9	23	749.199806800671	
17907	4	18	608.380841858862	
20757	5	44	1406.76057672443	
22666	8	19	629.837950947619	
10188	1	17	580.388449551719	
17520	2	34	1089.07276837578	
21592	2	24	807.992746088651	
26323	4	4	182.732084813869	
28384	6	41	1320.3985380942	
23672	1	13	462.014982729226	
15137	1	5	230.034908014366	
24973	10	24	787.784154334936	
28343	6	41	1323.08006854871	
8111	9	7	281.826733444737	
23269	8	35	1138.17148932171	
12077	3	46	1469.03673348438	
