idEmpleado	idDepartamento	ventas	importe	
9840	4	41	1314.64223267261	
10764	5	6	249.20568541121	
8663	10	31	1006.79955734257	
9188	2	47	1506.32403656203	
27124	3	11	387.233287648872	
19403	1	45	1425.29909442426	
20464	8	18	624.2550846861	
19110	6	17	596.05650165866	
21216	4	9	345.218178082825	
23119	7	36	1158.03567228747	
23656	1	47	1504.71345211599	
24658	4	2	118.872730005008	
9195	8	30	986.192757238724	
22635	6	15	529.718876802232	
10594	7	1	84.7070713363155	
26900	10	40	1268.40613908526	
16185	10	43	1365.53822521378	
23435	2	37	1195.55085323544	
27898	8	24	807.392538640365	
13220	4	22	731.34071905694	
27920	1	2	121.609835904841	
18202	1	46	1453.24833751342	
29334	7	17	578.747287215082	
10672	3	43	1368.84558141643	
23592	7	18	608.183047123339	
20071	7	45	1444.9509068229	
29423	4	40	1288.12833775213	
22717	4	49	1542.03748320324	
27247	7	34	1084.71218394335	
11070	7	16	544.759330109115	
29250	4	24	799.376106597193	
15828	2	40	1269.31107010195	
23914	3	5	208.993644364641	
13930	6	15	530.400876798854	
13510	2	23	752.686554096959	
17814	5	12	417.526337624307	
19396	1	12	426.08582538836	
8016	3	27	899.966810429453	
16327	5	3	165.203574637512	
25107	4	48	1509.60515796654	
28659	1	38	1222.09234052435	
13878	8	33	1081.76592232742	
28698	8	11	393.530337807504	
20182	4	8	318.304119146571	
11547	7	36	1153.43903695859	
26362	1	1	103.151251349203	
23149	9	2	131.613597968413	
14749	4	40	1271.15018713807	
28107	9	45	1434.54161699607	
15619	3	39	1247.51106268145	
22455	10	39	1261.52933280055	
17727	6	36	1157.43615494922	
21625	6	34	1089.55063948853	
16120	1	14	475.425616984919	
15496	9	47	1502.85886812157	
13843	2	46	1461.39389515919	
17963	7	40	1270.45839819613	
13567	7	39	1237.95397592613	
17471	6	30	978.140989438696	
19043	7	16	542.282380825971	
19148	6	5	217.170756672123	
17091	8	20	682.217601482858	
28166	8	34	1111.34431771531	
17572	6	44	1400.45884797371	
21046	2	12	438.659565690281	
23896	2	8	315.402382014041	
13732	1	48	1509.87908564037	
9593	10	15	535.79188043987	
9374	3	43	1377.03232270527	
18365	7	40	1267.18073371201	
26532	3	28	922.320313696899	
22093	8	16	545.571414784329	
14241	3	34	1110.34727859793	
8666	6	27	897.787380673824	
8891	2	34	1109.24837853259	
22588	10	19	639.843913577424	
10191	3	35	1139.71799970591	
26750	7	9	340.443168068511	
19214	3	8	295.406544457845	
14802	5	17	585.031795774136	
26906	4	44	1393.33730885449	
24490	2	1	96.9781506140615	
29341	10	4	187.495866207171	
11907	9	45	1437.2011212619	
28396	7	27	883.229997308566	
13304	8	39	1241.93995164798	
24069	3	6	259.760430613421	
19730	1	42	1333.56802737972	
25522	9	19	627.542008677284	
12674	5	27	891.292658937766	
23668	2	22	747.067939428179	
28699	7	24	788.131849462228	
29346	6	48	1521.82582099076	
15053	3	38	1222.92119381154	
28266	4	43	1372.43440129442	
25641	2	18	619.874739041494	
13544	4	50	1570.42160461211	
27057	1	17	593.071489833794	
26757	5	47	1479.64455345629	
10064	5	28	918.036654944549	
15101	1	4	193.272165708836	
13955	10	37	1195.82171752854	
12431	8	47	1494.1178644328	
19517	3	6	247.360883284063	
20055	9	11	405.190748984549	
23319	3	24	795.95791801622	
20870	8	2	127.08887635129	
10590	4	7	271.763258814701	
17839	9	30	966.177238452331	
19848	5	29	943.014954544145	
26451	8	11	401.67589545328	
26129	9	31	1010.01523012762	
17060	5	32	1022.54743146829	
26612	6	13	473.109193664561	
9387	10	23	748.945071971484	
9642	1	4	200.192606058061	
24249	2	17	574.721735275687	
14680	7	40	1274.14319645341	
21533	4	18	597.228850665143	
22986	3	24	796.719614042304	
10091	4	2	135.64195140062	
10191	3	6	256.311058260645	
15229	3	47	1508.24987176259	
13895	4	16	565.739663767507	
9009	9	18	600.11279428383	
26226	7	5	214.188464234671	
13350	10	18	623.745593793572	
14365	7	47	1487.42608478639	
28766	9	35	1125.3529793794	
8634	8	17	569.373639491095	
13675	9	20	669.422308965317	
24084	4	18	626.646509872119	
12927	4	13	460.798614612221	
23910	6	30	977.369889513296	
15922	7	13	471.759630065299	
11101	7	7	277.515591325944	
9725	5	5	202.860286181262	
8891	2	49	1540.13498292311	
19021	3	34	1112.01037227735	
16814	3	3	167.272079292346	
27526	1	37	1194.85107529669	
9319	4	50	1587.99717179872	
9915	2	13	447.390788927391	
14442	9	40	1284.52705413314	
26495	6	17	569.616763484486	
21375	10	42	1337.05270930056	
10561	10	43	1365.58441799394	
21328	4	35	1128.7166273262	
23258	9	16	553.976121840056	
28303	6	39	1252.24179523636	
26892	8	2	125.153003765807	
27301	6	10	376.2784081587	
19467	9	50	1595.84263916865	
16187	10	23	762.924939413986	
9424	1	26	862.394703543929	
22221	9	48	1536.96110744819	
22143	3	40	1287.57184576596	
24402	4	31	1008.37820066529	
26770	4	39	1247.24808900023	
27497	9	7	271.002284749878	
16858	9	6	252.212324222649	
13739	9	6	239.662791564904	
12216	6	22	746.410279435297	
21771	8	14	476.803598961236	
24892	4	9	353.592645578828	
21059	1	43	1375.02938558116	
21148	9	19	629.216615515396	
24985	9	2	125.177541954991	
11070	7	1	81.3495635992612	
19961	4	16	551.42948064554	
21948	6	50	1597.3323198768	
27472	7	19	634.586752352578	
27716	1	6	242.132824176053	
27013	7	15	509.956771372797	
12420	4	37	1201.86853874562	
24030	10	3	147.6447796019	
27523	4	44	1408.92026933325	
14766	10	8	303.722817629447	
11872	4	50	1596.12290028302	
13641	8	26	863.060084983269	
19018	3	13	448.60404624073	
24008	3	34	1095.02896646738	
17698	8	31	1013.44996294633	
9813	1	46	1473.11118414305	
22298	7	15	524.220635725288	
19608	10	10	373.143900806617	
13932	1	19	630.803870703468	
18771	5	41	1297.87367519824	
21169	7	4	194.975185969367	
25798	4	15	534.798522617108	
15317	1	17	589.943745559987	
25936	8	24	794.48208551597	
20345	9	10	372.886893922876	
20448	1	28	921.008087527476	
10330	10	48	1515.0597550697	
10454	10	32	1035.18828373178	
18108	1	28	921.586892363423	
13880	1	50	1570.58718996615	
28881	8	31	1010.93440855431	
17911	8	24	794.587377903325	
22752	1	24	787.836093785165	
29313	7	41	1320.40687603895	
20696	3	35	1127.36706372694	
27828	7	1	82.5466411945162	
17727	6	39	1254.90947535956	
22100	3	34	1090.56625141323	
19779	1	5	214.145583982647	
17137	9	36	1165.88586779585	
19975	10	36	1161.05640066837	
28163	1	24	794.749923942029	
24975	9	5	208.040838114936	
29366	5	33	1063.84902813651	
21049	9	31	1012.25530038227	
20303	3	13	464.188004016964	
9878	8	45	1422.39823850915	
27002	2	23	757.183357755273	
13733	3	25	826.212828618573	
14129	2	27	873.299095292249	
17879	10	49	1552.58296323595	
29932	10	50	1580.44874477221	
10457	5	25	824.225514877692	
14628	1	29	931.342940317161	
27280	4	48	1530.20235598562	
24326	4	36	1146.55104098215	
24925	3	49	1561.48573508555	
25117	3	27	882.85023436083	
20448	1	9	341.699858429702	
11045	10	28	921.124736648577	
25621	2	17	594.8970163031	
18286	10	6	246.680255013835	
16932	5	25	826.057887238477	
15058	2	45	1438.3330793671	
9199	5	27	892.788409075136	
18831	4	27	881.535522379696	
14982	8	3	155.223991198104	
24439	2	22	728.197170201781	
21748	8	49	1567.66190274044	
10569	10	31	1010.90332175181	
21786	10	8	298.201708783489	
24061	9	32	1033.65438431206	
16457	7	6	238.99831682397	
12654	8	33	1064.91800290761	
14793	10	5	216.817274529867	
25516	4	31	1000.22526202734	
26628	8	11	406.757684502172	
21222	1	35	1126.09471742348	
27704	10	43	1382.2267851337	
27895	2	47	1508.69888990591	
20931	9	34	1098.60984901833	
23266	1	25	837.876397314424	
13712	4	7	288.975455113209	
19874	1	2	128.287797071174	
29660	6	1	98.0042267302071	
22260	9	32	1030.4856637821	
8016	3	50	1570.36186302563	
26866	8	46	1456.493153468	
16894	3	44	1390.20452005333	
24902	5	50	1580.81602274478	
13129	6	2	121.060906108963	
24301	3	13	452.059240998728	
11520	5	25	828.866392983527	
12470	9	27	893.02084733407	
22014	9	19	650.988851492754	
8990	3	31	994.376145654533	
20323	7	49	1568.69203670355	
13221	6	10	369.707758747836	
18001	6	6	251.060619061375	
20085	3	5	210.719778002575	
15960	6	11	388.96401281886	
15496	9	23	774.201068307367	
17447	2	24	789.521455014833	
8273	2	44	1415.30950686676	
19465	6	19	655.09738650876	
11926	2	18	598.928578923889	
18040	9	45	1421.45042794824	
9577	6	43	1359.30751197008	
17200	6	24	794.525665787293	
21403	8	18	609.977093958285	
25991	6	25	819.793356479981	
29868	7	15	515.391017662078	
18466	8	34	1100.62344922713	
12408	4	12	433.00096852379	
13930	6	45	1422.51488763025	
10771	9	43	1357.02061898868	
9204	8	49	1557.70479990063	
12832	8	23	777.770090167304	
13221	6	45	1420.32885263689	
11646	5	46	1462.30274529304	
21237	1	28	911.173659354063	
23142	9	8	298.7308377301	
29825	1	29	937.992650148455	
12459	8	50	1586.84587999566	
24084	4	30	969.842415642851	
19498	2	45	1446.14246778476	
20275	9	7	284.787991328532	
8196	7	29	945.977469489899	
9091	8	14	493.929151414861	
12640	3	25	822.441128875334	
20930	5	32	1031.53322532379	
9572	4	2	117.049925754336	
22014	9	29	955.0340983621	
16627	9	39	1251.50700713112	
20572	9	37	1199.73487708705	
19334	10	11	404.408780710962	
17963	7	2	128.354942299591	
25941	6	13	473.66594824645	
24718	8	33	1073.19041056241	
26857	8	34	1099.07564780632	
19654	3	38	1209.03523583386	
13240	3	7	291.054351055554	
24131	10	22	741.967487680711	
11872	4	26	860.22742609504	
9864	10	26	841.022666264802	
26274	6	38	1205.66988844689	
17660	1	29	951.435791771596	
25879	8	14	475.865424459737	
20489	4	33	1070.50595970382	
17137	9	27	893.968232504077	
15801	6	32	1036.67134575391	
20813	4	27	870.921946536248	
19400	7	16	549.378906110944	
18796	3	11	388.75787376834	
25034	10	27	899.546118648511	
18853	9	3	170.23317508876	
29655	5	45	1436.20841815891	
17014	1	24	802.675575019175	
8413	5	15	525.467091223908	
29115	9	24	808.954918723998	
11127	9	11	394.140587595357	
12200	4	16	555.472958458342	
26204	1	29	945.378360555218	
19857	2	50	1572.08453691196	
24571	7	37	1178.4438686345	
13771	9	24	782.743430725645	
12809	2	36	1160.35691929998	
10517	4	46	1449.11644209601	
21244	9	25	833.266091436737	
26519	3	34	1098.10610691929	
25387	7	41	1308.66567668909	
19022	5	36	1164.03885165418	
21526	3	41	1304.57967960489	
14288	9	11	401.253204830574	
26549	8	9	333.267509459177	
20572	9	21	700.119308298509	
10069	5	36	1156.76335004939	
12045	10	3	157.765224053415	
9560	9	25	825.823213730856	
25049	10	43	1364.17252719597	
15349	8	17	574.706676013166	
16718	10	44	1408.92256686879	
20800	6	46	1475.47150978608	
20522	5	37	1199.96091891078	
17458	3	43	1385.76978312143	
23396	8	6	240.61127878754	
9572	4	36	1167.67101964339	
20767	5	19	646.276224593761	
15609	4	12	431.960888482612	
12342	7	34	1109.50170199829	
17067	4	17	568.200362552051	
18475	8	28	925.679367280416	
19924	6	49	1548.19885702254	
13845	9	9	344.235491838416	
14381	4	24	784.935060210961	
17357	7	22	733.562277375517	
17942	3	29	945.675990500336	
27308	1	23	769.882950768752	
22914	7	40	1281.78355746054	
28289	8	2	138.279235539157	
26513	9	2	125.312969146908	
15887	6	34	1102.31934967559	
19391	10	39	1242.599333023	
25044	5	50	1572.39985278454	
15687	3	37	1185.30255581499	
15245	8	46	1472.63249409973	
14792	8	36	1166.34226693136	
11134	7	5	228.125701280369	
27920	1	2	135.490364309163	
9796	6	7	279.426810350002	
28363	8	18	613.469825039371	
25729	10	43	1358.4431941055	
20723	4	50	1576.85236128832	
29487	4	23	761.294564027942	
26108	4	8	314.248242710833	
10553	5	17	585.218020726562	
10416	5	20	680.001448672266	
8134	4	42	1345.41744164443	
11517	1	7	266.314753790533	
14871	6	31	1017.83258984696	
11567	3	38	1215.07241108225	
14012	7	17	594.080694706217	
18596	9	34	1097.1555536134	
9713	6	41	1323.76438943845	
17322	9	18	609.905744367235	
17911	8	13	462.98630940867	
23034	3	38	1215.83999463163	
13701	7	32	1040.34418776647	
15609	4	38	1216.31814461961	
13905	4	37	1199.70523208366	
21520	2	42	1354.44331779817	
25748	7	13	466.880399280638	
17297	9	14	475.981666592873	
23392	7	23	767.5439781917	
14170	9	41	1318.85955804906	
8749	10	33	1072.38732633758	
12981	4	6	246.323233845794	
15241	9	47	1503.07165700154	
19876	10	1	94.6583630957912	
14570	8	48	1513.13728902169	
12893	4	20	674.269011856182	
15476	1	31	1019.54531836302	
21222	1	17	590.785860284598	
14416	4	6	232.53407813261	
8013	1	17	576.031876958921	
24174	5	25	809.757168446554	
18041	3	29	948.827005992097	
19691	2	26	866.9042929946	
21943	9	1	109.987249127583	
23377	5	7	279.717039484399	
11575	9	2	133.560828703251	
27116	7	37	1200.2585488559	
28322	2	17	583.568196978219	
29805	10	9	343.950967613585	
12043	1	15	523.206824456904	
8108	1	35	1131.23227444069	
13359	3	1	85.1637960621919	
22535	5	48	1518.83494358456	
25143	9	32	1042.4941084173	
13290	8	24	802.316246406322	
15601	8	9	336.7924994681	
28215	7	5	205.998079164884	
18249	1	18	611.807556660756	
25381	4	15	535.785132225503	
10454	10	15	524.983492551829	
15315	5	5	226.589425758733	
10942	1	30	962.461527512624	
27495	5	27	889.308383096619	
9186	5	32	1042.43500597888	
27611	9	26	841.860916373255	
28321	10	12	418.894786880768	
10887	8	23	776.929791670726	
10493	6	42	1330.75907854864	
10318	2	9	353.177464768839	
25318	5	12	423.563577990776	
14129	2	7	275.52709271923	
21328	4	1	83.2948344216192	
25214	4	29	944.621475480786	
13586	2	25	827.732512479523	
25042	2	44	1400.14857592068	
9517	4	35	1114.15930341657	
27214	3	12	428.935701637033	
23962	1	31	1010.35693863889	
18255	8	31	1016.60110513521	
17980	3	36	1146.14440338041	
10200	8	6	234.184768942271	
8974	5	47	1483.31220230242	
15801	6	5	212.030698979288	
27254	3	9	324.337153734796	
25724	9	7	267.627283608367	
29307	4	33	1067.22353027539	
9694	6	9	327.488290261239	
14079	8	16	540.577548584238	
11155	1	27	892.342116689469	
22692	5	39	1256.34478955359	
15459	2	16	548.270932691298	
26328	3	14	487.737761702266	
14095	6	2	135.000728059095	
28929	4	41	1307.55058558078	
15593	2	12	429.442451200188	
22730	6	45	1447.29564093393	
23968	6	2	139.518622895479	
10951	1	45	1424.46928701572	
20936	6	26	868.126332754328	
14780	9	46	1460.82225260363	
28343	6	29	956.631037032526	
10791	7	46	1469.49947030726	
18207	6	8	310.39073220938	
23071	9	48	1520.38738962281	
19445	4	9	327.679731737673	
18518	3	35	1127.93744001907	
16703	8	22	740.542320581406	
10235	10	23	771.102431105032	
27357	2	39	1242.34553249662	
10456	9	40	1288.15694298975	
20856	6	47	1507.85679783107	
29825	1	24	795.641140525993	
13955	10	37	1195.20645152554	
28541	10	30	989.640728845094	
27124	3	10	370.798723609559	
11423	2	9	343.277223456314	
15721	4	25	830.430828533336	
28793	10	19	644.971229361822	
22751	7	26	854.807722370516	
29388	3	43	1374.63738609787	
14262	6	4	171.406496619529	
9908	8	8	316.352243086487	
26945	1	15	518.416961859175	
23923	3	21	696.832675215245	
8680	3	46	1475.29264529948	
16978	5	44	1387.78933101696	
26819	7	49	1548.29410636252	
8547	3	39	1237.07088990001	
19083	5	14	478.290061279335	
16124	8	49	1552.85293498675	
18358	7	33	1054.64068052109	
29027	3	18	604.466414621317	
9697	7	5	222.230605884563	
26583	8	36	1155.77885253158	
11937	1	7	269.513366347884	
22529	4	10	364.685298635012	
11100	7	39	1252.92147009304	
18391	5	7	291.643309356479	
11550	5	50	1596.65742199712	
29706	3	22	739.689843589295	
20618	9	11	406.68120969398	
8706	1	36	1156.38585915621	
18332	5	27	898.232016087618	
24455	5	37	1204.18517369972	
17104	7	42	1348.48799172253	
27889	10	42	1352.6297921653	
14318	4	27	892.531310176724	
8303	10	22	745.359999214001	
29703	5	31	1016.75186197122	
23682	4	3	166.165227743874	
18800	9	21	696.864812400595	
23123	8	34	1094.54739353366	
16298	9	19	649.6615646452	
8451	1	34	1093.48894665646	
29024	4	43	1369.4157559841	
26840	4	22	720.278793946038	
13733	3	32	1031.08250844808	
14203	2	38	1213.55805699414	
26369	5	2	125.094744323331	
22081	10	16	539.890400720709	
25174	8	37	1179.64333365655	
19748	10	34	1103.4714306814	
11547	7	10	372.812369825697	
17571	3	40	1289.49259750987	
17372	7	8	313.516262468657	
17244	9	30	983.390383209749	
21244	9	19	653.410534641431	
20055	9	2	119.427598993959	
17402	6	24	800.12736249721	
22895	8	1	86.1134249745465	
16285	5	21	690.355753363276	
28814	8	18	618.787519176857	
13808	7	19	648.313807364699	
20476	9	4	195.117878781221	
18879	9	32	1047.95617640389	
29089	1	18	615.020637463322	
27754	2	31	1018.12022699887	
24069	3	28	914.231788159456	
28668	5	29	948.344683492717	
21393	6	5	202.662853134173	
18331	8	17	575.25802084024	
23582	3	27	882.934107148523	
14382	10	8	300.319027928784	
9621	9	11	392.124833535461	
19296	10	29	935.988122586155	
29655	5	49	1560.09328698744	
29423	4	49	1554.80484997612	
29274	7	22	728.741659228104	
19064	5	43	1386.36309654748	
23223	5	36	1149.23457240185	
20246	4	29	933.602790186928	
18292	2	2	119.363413098903	
11001	4	6	246.548565033147	
21744	1	35	1136.76702127641	
12704	8	36	1160.04650993275	
10811	9	28	903.20977901258	
12973	6	26	863.57348933051	
18678	2	38	1208.73941857775	
25442	7	30	970.668911231062	
19087	6	13	445.097608512779	
25300	4	24	779.219257523873	
24638	9	26	853.103711182766	
21485	1	49	1545.23263671679	
8105	6	31	1010.63843699668	
22378	2	33	1075.8094743806	
26429	8	3	158.077293223737	
25976	5	15	526.233586168957	
22130	7	15	534.543685863979	
21624	10	2	125.532770252569	
22599	6	25	834.395118520779	
26483	3	41	1302.15856694717	
12480	10	4	196.850720288628	
24213	9	9	345.213373501419	
28839	5	48	1522.43189118916	
11997	1	49	1564.63237988047	
14958	3	10	376.709226508024	
16138	10	27	883.152402752616	
23798	3	50	1580.68753629024	
23405	8	12	433.504474923715	
20372	1	9	353.422975481219	
15318	10	32	1028.58553323363	
27478	9	48	1524.66887541333	
10985	6	9	333.064502446477	
16275	5	39	1250.89279009537	
20858	3	23	752.510634787619	
26721	7	19	650.992340264373	
10483	6	13	452.23895414371	
18694	7	34	1111.54678608829	
29562	5	19	635.071368848473	
18571	1	5	224.746397391309	
25368	7	42	1351.44714813281	
14570	8	44	1409.38080842112	
15641	7	49	1543.56287692839	
28814	8	17	583.247074979938	
17172	7	32	1023.4435956103	
18900	3	41	1322.15430965747	
27215	10	29	937.701470431733	
26332	5	27	889.680590932109	
19422	1	28	916.315359154863	
12305	2	26	857.910829362418	
11292	3	35	1113.85970081848	
17593	9	34	1100.26116411214	
24620	3	20	683.208888975535	
16378	10	19	631.967978026703	
29813	7	45	1447.07600545468	
18322	1	25	816.7520698983	
11353	7	43	1374.15003959748	
28197	1	9	324.116673843989	
25143	9	36	1172.13464139594	
14561	8	26	863.337283424724	
17856	10	1	100.057376259965	
27067	8	27	882.885953040275	
22412	9	26	855.234943654032	
19964	10	21	697.245935749843	
23391	7	31	1016.51207527915	
26710	3	26	854.550382110546	
19197	8	18	600.039208736289	
23652	6	10	374.339846621426	
9295	2	9	338.127802209057	
12299	2	14	504.817134116225	
11001	4	41	1305.83833908003	
10069	5	31	1014.68680008067	
21090	2	47	1499.47231701551	
16287	6	47	1500.78637286126	
11778	6	33	1082.94797038797	
29085	8	47	1492.77775852605	
22251	8	6	253.287843360234	
26864	3	43	1361.96629852148	
13240	3	17	578.988295578858	
26147	5	8	322.478070222995	
24300	8	32	1039.00775607629	
16657	4	50	1593.47181182051	
28860	4	22	744.372177135373	
13810	4	37	1175.5936455613	
12675	8	25	839.563274662738	
24390	5	48	1528.32436912149	
21358	9	28	921.459986437792	
18183	8	41	1301.09652441977	
24001	8	44	1403.81678464069	
17730	1	48	1535.75856488932	
18311	6	27	876.842300666888	
19358	2	5	208.122280299721	
19524	5	49	1539.41214469234	
24259	7	43	1371.73408542375	
27641	7	5	204.689021131345	
11572	7	16	548.561195092537	
17208	7	19	634.14586476709	
21474	8	28	926.316941178551	
10778	1	36	1166.73499970079	
22709	4	6	248.893213499753	
28489	7	24	802.115100921185	
24929	10	19	643.361623810307	
17020	9	19	631.552788723052	
22809	6	14	491.498225038637	
24261	1	36	1152.07249028239	
25446	7	4	179.172900737809	
26370	2	37	1200.78884709663	
9337	4	24	782.422516114275	
16215	9	36	1149.02000763874	
23303	2	49	1554.29824692863	
19148	6	19	643.464226538066	
19955	6	1	92.1837410760036	
25603	7	42	1345.12837826513	
13558	6	28	929.656571172949	
29825	1	45	1424.32952734843	
28930	3	1	106.585564439458	
16845	4	5	218.513775904902	
11893	3	40	1279.64129809273	
15120	8	46	1457.6826610871	
20952	10	34	1088.18770615765	
9136	10	48	1533.09039567275	
12558	7	27	898.942684316515	
18822	8	17	570.523061980737	
9487	8	11	402.369237319738	
26005	7	38	1227.97483344934	
9194	9	37	1177.71605878031	
19205	7	33	1075.27465538833	
14916	2	5	207.738231591758	
15046	8	43	1376.09735172992	
19755	4	18	614.38677529543	
23209	9	29	938.631893758956	
11183	3	28	926.970902181683	
11175	9	7	275.231298820689	
17203	5	11	410.095082079105	
11518	1	35	1120.36296930181	
10454	10	14	475.646132265984	
26431	10	32	1041.91902309746	
17727	6	9	332.873952096735	
10908	3	1	103.521155278907	
25018	2	22	740.390373924929	
8105	6	11	407.535522024862	
17464	5	5	219.037470323517	
26912	2	6	232.076516781038	
9059	2	46	1449.51853771206	
14165	3	30	972.294338351253	
13102	4	26	864.658559590885	
17506	7	13	462.993902034589	
26537	4	21	689.755573519392	
22371	3	49	1547.40455807531	
9525	5	4	178.103456691887	
29118	3	11	410.047419187635	
27861	6	29	954.504566674356	
27587	4	33	1068.63428009145	
26224	7	3	158.547293543139	
18954	3	8	315.802817826999	
22124	4	47	1503.17241660467	
26958	6	3	152.83856182957	
27918	6	8	309.183551403314	
14906	3	26	863.5233915893	
24992	6	50	1574.35643150208	
28190	6	21	703.898245349479	
24204	2	33	1073.05061550487	
25012	1	31	1006.32516438436	
15041	6	18	614.633232343306	
12632	1	21	695.666353169673	
9059	2	41	1316.49332435638	
18224	9	44	1416.95244225531	
29571	7	31	1015.03329618603	
23682	4	44	1409.29360187114	
8929	4	32	1028.68339508245	
19641	9	20	664.666541342003	
28147	8	47	1485.63982380817	
27094	6	39	1256.12014281383	
24757	5	24	797.292287162176	
29520	6	23	760.65218413279	
19605	10	44	1394.05292534924	
8758	4	22	746.866167535477	
16749	6	22	721.004524268678	
14793	10	32	1030.07489896849	
27788	2	12	443.316273858452	
12049	4	24	794.722156745718	
21873	9	13	465.519081868939	
25542	6	6	260.333673516444	
23141	5	40	1277.99389503803	
18506	3	7	284.339356107795	
9063	1	50	1584.1273270846	
20006	9	46	1458.33662209024	
8035	5	4	196.68400527755	
9665	3	4	174.292264252106	
22823	5	38	1217.19055269714	
18284	3	11	402.807570436414	
25902	2	25	812.735471694141	
15494	4	33	1069.35056050743	
11184	4	2	129.164723776823	
18310	8	2	116.49212857545	
25599	6	29	934.484906519989	
8473	7	25	812.712305939157	
24578	5	38	1217.44328443773	
27224	1	25	833.852184542386	
26026	7	39	1255.80101399487	
24363	6	32	1047.70611733557	
25259	3	32	1047.96060584856	
16384	8	27	880.461971648253	
15125	2	18	598.721162992865	
14344	9	34	1113.43691534988	
18601	8	15	524.407595379468	
19391	10	41	1298.38442386053	
27379	5	9	351.341992929271	
28725	8	31	997.895109410349	
14224	3	15	521.749892477761	
14706	10	25	836.306249069193	
29823	7	32	1031.83403756089	
21356	7	27	879.108652434828	
26721	7	14	500.207117730848	
23070	8	26	859.634274756366	
23071	9	8	318.37916348054	
18439	2	27	892.71694198843	
21980	10	42	1328.33126934633	
26513	9	11	410.29387623551	
16973	10	21	711.539026085073	
15118	9	46	1458.15670226615	
23393	9	41	1300.26843697776	
19499	1	28	920.741031933921	
10238	2	7	272.103049173999	
17535	9	21	705.875824646035	
23030	5	46	1451.93106964786	
11451	9	14	496.289263300732	
15378	2	38	1206.955419037	
17595	3	23	760.800158586726	
8534	7	45	1426.1672776128	
21997	2	20	661.340619410081	
26315	8	35	1129.42288309774	
9868	9	47	1487.15233972629	
17348	10	43	1374.27388497362	
15615	9	31	995.610156522882	
29706	3	42	1346.76155089716	
27747	2	37	1185.05711022069	
24283	3	39	1261.61251052358	
26554	4	6	244.556979688144	
9055	4	43	1359.93176072833	
27145	8	10	365.742903224073	
26465	9	37	1186.99462916096	
24141	3	24	798.788895867201	
12499	5	39	1252.54237177434	
20755	10	13	460.884303627947	
19043	7	30	970.973532875522	
26740	10	48	1533.62681925931	
24646	1	19	649.143442776587	
18605	2	26	869.530449020458	
12597	8	44	1398.11296509491	
19053	10	2	121.767964531559	
10887	8	34	1084.38103659282	
24388	4	27	887.149408202222	
14168	8	5	202.313158457313	
26705	9	44	1397.64431172872	
9568	3	42	1347.43768035781	
28662	6	5	207.219573914641	
9922	10	21	688.358922474253	
25577	2	47	1492.84533834683	
28459	5	39	1261.50584570202	
24718	8	1	108.118332078736	
25941	6	4	171.429004823523	
19113	5	37	1190.54183434255	
15746	4	36	1171.72783179755	
16658	3	46	1460.40927306768	
14098	9	41	1306.88336597145	
8105	6	36	1144.6816978346	
26225	10	34	1104.83476746121	
17104	7	34	1104.59696120797	
12929	1	34	1112.87272385921	
13768	6	22	733.322053259854	
26558	6	38	1231.10443146485	
19580	2	36	1163.77428965819	
18066	10	19	650.362115507183	
14170	9	12	425.796122861	
9157	6	9	351.162073105183	
26126	10	17	581.479541110564	
28079	5	40	1268.19866015958	
28405	4	44	1411.21874554605	
14287	1	42	1334.90229177051	
9516	1	48	1518.30425038855	
29082	4	45	1447.14582052415	
28064	5	12	417.424970016547	
18610	9	30	962.687193491816	
27628	9	43	1384.39931308124	
9731	4	37	1176.95958281726	
25529	6	8	322.273474895523	
17208	7	43	1364.83918126898	
20150	5	50	1576.62957324489	
24397	6	39	1248.17247616508	
22418	5	38	1219.54197698251	
13161	2	17	576.698187746433	
19972	6	43	1368.76717217675	
9895	5	17	583.051133986121	
28115	3	42	1331.81342864959	
12644	7	7	274.31389840055	
16435	2	50	1596.45279481842	
29057	10	38	1227.06106406965	
19613	2	44	1392.13309870667	
8490	10	23	754.0009376565	
20740	3	45	1426.29183504092	
22433	1	15	508.792051798102	
12413	6	36	1144.54648156862	
11175	9	42	1356.65772516125	
22540	8	22	744.790911835055	
21806	8	14	490.663533066708	
21196	5	48	1520.60674693464	
21037	9	8	316.78729269504	
27490	2	43	1376.51703559631	
20314	6	35	1126.48223862354	
29468	3	26	845.958139247242	
12474	3	16	539.020913755065	
25487	6	27	877.140176928202	
21033	2	6	237.943046576317	
29401	5	42	1343.20159531348	
8811	8	6	260.97251155459	
25758	9	42	1354.00403480698	
17387	8	8	307.85464085073	
12058	4	44	1387.32851871631	
23393	9	10	363.449690250424	
15253	9	33	1064.60989107592	
15085	7	43	1379.84251656562	
26063	3	35	1128.20519421632	
28707	10	46	1456.42448504289	
27035	5	47	1493.3307468767	
10570	5	6	236.623865513422	
28998	10	46	1462.3372592881	
15114	4	20	660.723155672067	
26798	1	28	918.548686857591	
21344	10	5	231.48222446045	
13335	7	10	354.709278286765	
13825	3	29	954.41847704091	
15170	10	46	1476.06556145291	
10178	5	22	737.217807889552	
16099	1	47	1508.61045672959	
20006	9	34	1089.51219859045	
27485	4	10	382.599338955525	
10301	4	20	660.767244855299	
29730	8	8	297.896281656761	
8437	2	30	973.735780014533	
28837	7	39	1256.35283588262	
24551	4	1	85.4861822004831	
18717	3	50	1588.32214567267	
8962	10	15	530.147334621357	
22348	5	14	482.214336917835	
27123	3	23	760.521063227449	
27605	3	41	1299.55801081823	
27142	10	38	1210.82412560043	
12504	4	25	839.849538672645	
27922	1	36	1150.840917095	
26416	10	15	520.309863593574	
16641	7	43	1368.59815396769	
14043	10	45	1439.73254535335	
19320	2	34	1108.68340845624	
10664	8	40	1289.39104658057	
12147	5	2	126.449318475299	
24199	7	30	980.586857581784	
27306	6	40	1288.12199652573	
27234	8	46	1463.32697828455	
19858	2	17	588.167046321634	
15994	4	19	628.326273778605	
13701	7	29	939.883591262569	
21871	8	31	998.238605837449	
17806	7	38	1225.03481113586	
29693	9	26	851.772960336773	
27896	3	47	1491.53966220633	
29366	5	20	662.955352302154	
16727	7	5	219.92236903865	
17099	7	9	329.332589846725	
29005	9	9	333.689396723029	
11154	4	46	1478.37317259906	
20489	4	23	773.236789951677	
15778	9	1	89.9583591939688	
18081	8	14	493.592738701772	
13620	2	21	707.096854367804	
17315	5	33	1059.12370887544	
23585	8	44	1391.52037089296	
23719	10	20	678.057859594961	
11286	1	33	1054.21014812505	
10376	10	25	812.809683649246	
17227	8	16	537.065854695191	
27584	2	9	331.513133687672	
23563	3	45	1420.87361699942	
16504	2	43	1367.70776976259	
27110	6	41	1311.17236086688	
18796	3	17	586.111124319076	
23944	2	35	1114.68593168756	
19511	9	13	447.38215299667	
9229	1	32	1047.82676130898	
13405	1	46	1462.16113825429	
9009	9	4	188.925341008662	
26192	3	21	694.477342429793	
10402	1	24	797.440266570747	
23199	5	41	1309.72923533513	
24280	1	12	425.409506235928	
22066	2	11	396.46924462005	
9716	1	20	687.247576363034	
21071	3	12	443.287334536802	
27828	7	40	1278.37437428458	
16932	5	17	590.674674711504	
15440	6	4	177.565710925295	
25024	6	36	1159.63564177958	
25745	9	29	961.491535753706	
28503	1	17	586.160141949616	
18988	1	40	1272.46774449594	
8573	1	42	1347.0730736419	
8654	3	43	1358.63979477372	
13718	6	32	1026.13980665158	
16976	4	14	481.586554088437	
16602	9	8	310.267337705133	
23838	8	9	334.928947582342	
24331	7	10	382.528997986824	
11695	6	8	313.911848400678	
28240	10	22	730.517294635306	
18856	6	2	131.101191626443	
10795	8	10	376.813140090934	
21143	7	35	1119.00997426315	
26960	7	38	1230.53083607486	
10942	1	48	1513.86245026899	
14960	2	9	345.661836017697	
20952	10	13	456.853730518768	
23817	2	8	295.573199305485	
20365	8	23	772.095607729673	
22396	4	13	467.171451592432	
18659	1	5	224.764055714367	
18931	2	26	863.895830169272	
19729	10	50	1575.79652338093	
26040	3	10	380.229123858842	
14354	6	3	148.183232465844	
8715	3	11	390.627609747754	
13139	6	13	451.876132512407	
15593	2	32	1028.23303635616	
17757	5	31	999.683485310377	
25217	8	16	543.535473413549	
28662	6	21	715.243972723952	
21456	5	30	977.43021291561	
15980	8	30	970.021597933966	
10814	9	28	914.713475049806	
8262	1	4	175.240025266651	
26495	6	49	1564.09928722498	
12518	8	25	827.471329545356	
18190	8	3	168.546125035987	
9022	6	49	1565.79559890823	
17753	1	25	817.559423603844	
20085	3	38	1207.23219067195	
14442	9	44	1406.39634302184	
18439	2	13	460.565494029115	
9101	5	3	146.922971935441	
13675	9	39	1258.62804370868	
14869	2	2	128.596366144994	
16486	10	27	877.459270356903	
24752	1	33	1056.71674028817	
24839	7	15	529.424884267815	
10742	10	31	1012.71253826689	
17951	8	5	213.820944192736	
10923	2	47	1481.99251161981	
20047	5	13	467.540034049908	
18350	9	17	574.320084161274	
11350	10	12	441.396086235249	
15295	1	14	488.571914326666	
19848	5	43	1371.27655026097	
24562	1	33	1058.41067091488	
29374	6	29	957.956574185731	
8524	1	3	170.958944340683	
15377	1	46	1458.39120519273	
12752	9	28	906.695911226187	
22521	2	30	982.845512676446	
29386	10	43	1370.37637498713	
17859	3	1	95.2733219113542	
13732	1	23	753.670978710834	
24528	7	31	1006.79154215697	
9143	6	7	284.296499213342	
10090	4	35	1135.29081080821	
23393	9	49	1549.76316304401	
19735	9	35	1118.19050647234	
29370	10	10	368.307605482781	
18313	6	9	329.777600397252	
29118	3	49	1554.53618412583	
20291	9	26	859.939260920482	
11177	7	12	418.367712692529	
20848	4	14	483.330336140157	
22745	7	48	1508.87355144549	
9404	10	22	721.601080150158	
23087	6	1	99.5868663208498	
18800	9	34	1113.16833939085	
22295	3	31	995.159392224233	
23449	4	17	578.80815208834	
12950	6	50	1586.97094704349	
29650	2	11	409.714529220813	
14706	10	25	833.251461104141	
15923	1	17	589.890178865702	
22313	9	14	475.701513772691	
24550	10	16	553.317388814556	
20255	6	40	1286.66811093999	
11350	10	7	272.822736964013	
15189	3	43	1369.06065863048	
16936	5	25	810.589550850256	
26750	7	46	1474.83665456755	
8979	1	29	959.168218411118	
23534	10	10	380.536279445764	
19677	7	14	503.550830345392	
19188	4	21	690.189119041985	
26589	1	2	131.649650024087	
23002	6	17	584.95706499785	
8508	5	22	721.804823988026	
26685	1	20	673.162771143561	
29248	2	48	1521.42592947996	
25519	2	17	579.661721223808	
21748	8	47	1494.52203179455	
18439	2	45	1445.51333870995	
29200	1	38	1232.21491122256	
10892	4	15	513.003849924078	
21140	8	41	1314.38082324079	
25002	1	1	103.028373542721	
26120	9	1	85.241578186509	
23558	5	46	1462.40299881548	
24449	8	12	416.809590764721	
18041	3	29	938.369707864881	
23616	5	20	657.790604949831	
18601	8	16	543.231812968492	
18382	7	11	407.887759137846	
26725	2	31	995.874565632955	
18864	4	32	1040.66184576632	
28459	5	26	862.021860807213	
15942	4	6	243.780799845131	
14713	5	18	611.090028384277	
15828	2	42	1330.97911039879	
22685	10	46	1448.62269986822	
17676	8	43	1356.94042607999	
13588	1	42	1349.12984784186	
14706	10	36	1157.71805463253	
29157	8	13	454.940945829703	
20987	10	20	675.367965714712	
15792	9	16	559.402981474718	
9898	5	48	1514.81688234714	
22685	10	44	1393.14121709817	
10575	9	46	1457.2239014214	
19864	8	5	216.644015152307	
16572	9	30	977.782042332823	
11455	1	15	520.005568247291	
19899	3	33	1073.73346274427	
13212	9	50	1599.14643086453	
16486	10	4	172.448915248946	
25630	9	16	564.201190510858	
28026	1	37	1201.03654988158	
14472	10	3	156.886328941624	
8097	1	23	761.320690531899	
14480	10	15	530.289015271836	
11457	2	40	1281.42653275348	
17182	4	11	410.419738148535	
21393	6	32	1032.25106786576	
29266	3	46	1472.21984298537	
18933	7	27	897.046049617718	
27582	9	14	495.936405442626	
27008	6	50	1572.64852030792	
28735	3	34	1107.67626471244	
21820	9	39	1249.52727327567	
21595	6	26	869.627789216874	
10691	3	12	421.176265152719	
26885	9	4	190.71479560375	
9609	8	29	942.183660744775	
22967	9	3	152.803229611741	
16061	7	25	822.721295143813	
25479	1	5	225.392183952682	
24925	3	10	367.79528407743	
24612	5	26	857.273965392855	
27130	9	45	1437.63588420937	
23809	2	25	834.977841766075	
18604	10	4	188.211491195583	
26277	3	7	292.100361088338	
12552	5	1	85.1790973940767	
25318	5	7	280.165575612413	
19403	1	49	1560.58766553206	
21632	6	5	217.78503670254	
20086	8	33	1069.49835022422	
13905	4	11	408.741328273314	
26369	5	28	903.42565038401	
26926	6	16	556.460655255458	
25648	4	39	1260.98531092563	
25879	8	3	166.894470903508	
20800	6	46	1449.76933785238	
22035	2	27	880.69009512695	
12668	10	6	247.196167114748	
27456	3	32	1026.52068793146	
16352	9	11	396.878779976107	
14109	8	40	1285.49821164715	
17319	10	36	1157.89489621199	
26603	1	6	259.431560272086	
24839	7	17	586.7544611668	
8828	5	14	487.140617634701	
18295	10	5	223.613943822502	
14467	3	20	667.596112204528	
21569	3	44	1395.46774999959	
15635	3	26	867.067246729074	
22016	2	37	1177.82190750252	
19782	7	31	1000.93023313253	
11313	8	26	856.425135720719	
21820	9	49	1547.05673129626	
18310	8	7	276.405906433429	
18138	6	12	423.762584488728	
26057	1	8	319.250444732257	
10480	9	48	1526.34284876582	
8480	3	12	422.077524076252	
21622	9	33	1069.32617166514	
18707	8	11	405.240640754458	
25645	4	25	832.085492253343	
29060	5	48	1511.63217745332	
12223	8	23	759.261012915178	
26584	5	32	1026.4380552184	
29670	2	39	1243.9071920346	
21485	1	7	284.250614328427	
28223	8	23	773.066618020212	
8250	3	38	1208.64247829124	
17302	3	9	334.281794249211	
28577	3	9	340.945457751372	
22650	8	3	141.493565617825	
8707	2	47	1505.60706249699	
14439	4	44	1396.20060721235	
17657	5	45	1428.51340397658	
8103	1	20	682.29707243028	
11758	7	41	1299.37906918087	
27377	3	39	1258.20432393728	
29001	4	9	328.223380599275	
9930	1	41	1301.07087356088	
28029	5	3	148.486417265835	
28762	10	31	1017.58298518955	
22634	9	14	484.697825612825	
14195	9	23	773.520418802984	
20466	6	19	639.963129200024	
12468	3	3	148.568117091697	
13878	8	36	1152.31619255259	
16808	8	29	956.368919087746	
25549	6	10	360.054748822029	
22060	1	28	917.222726436901	
14056	9	45	1447.64402617125	
29839	5	48	1523.42648908655	
21906	4	16	538.612571050698	
21692	9	23	777.869995449609	
12537	4	21	701.280047177002	
18803	4	36	1164.79328772276	
24525	6	43	1373.86603419383	
28329	4	14	478.633883296807	
22520	2	25	832.993505053685	
16049	3	29	942.847269132197	
16472	6	7	282.890003306274	
11488	4	32	1050.54732580229	
13225	1	33	1058.95363391328	
10106	5	35	1141.18595575038	
29510	10	18	606.121788977702	
15615	9	35	1116.32834188469	
21222	1	34	1095.32317063553	
28983	3	33	1060.22452850837	
29833	4	4	198.543327319689	
18272	10	37	1194.10883400315	
10944	3	22	724.383515307858	
24360	1	20	661.046120794977	
15687	3	40	1278.11946816655	
24136	4	22	721.006650515369	
28304	5	31	1000.8397543993	
17818	8	30	987.657655564909	
9879	4	12	427.387666640518	
26326	9	25	818.111758650333	
24354	1	4	199.297883715154	
19953	9	29	957.869938126705	
21635	5	4	171.590999482009	
14146	8	28	927.881695240681	
20727	8	14	493.011869198183	
13260	2	10	371.419751854343	
8703	2	14	486.637768077961	
27380	3	12	417.518968664817	
25048	5	37	1202.88099456713	
22221	9	24	807.737067047384	
16298	9	23	774.920560035352	
9994	4	9	343.720116253812	
8918	2	28	908.431038236446	
23937	2	27	900.745185884063	
11108	7	14	505.210818883595	
23290	10	30	985.376111467078	
27943	4	34	1098.18087025461	
17600	1	21	697.939091463545	
13970	5	49	1558.62935127627	
15816	5	29	943.511869862448	
17306	3	6	247.398629825282	
24259	7	35	1123.63478731533	
24413	9	19	653.244946456163	
26483	3	4	172.091664044229	
24508	5	25	837.825591768057	
20588	7	23	765.94591481888	
17622	7	7	272.839211129043	
25659	2	26	866.597905376273	
17956	5	9	325.307020920006	
21361	6	45	1417.60592053533	
10761	1	43	1377.03024105031	
17794	1	41	1313.62239161209	
26421	10	25	817.405621082245	
21668	9	19	635.754275543501	
13633	1	10	359.335999581654	
11679	2	46	1475.12356692698	
17133	3	26	851.256269650188	
27164	6	29	955.008308065593	
17888	4	19	637.535456604108	
26170	10	23	767.53388205894	
10296	9	22	734.548187672416	
16205	9	7	268.602820312885	
19481	3	48	1513.44734731756	
29732	9	10	367.58610358815	
10366	8	10	365.303968473013	
22643	2	46	1454.82321106588	
8024	6	10	365.677795766703	
9866	8	45	1423.6383294238	
29805	10	6	235.835301911382	
25289	10	10	372.74335669947	
25742	3	38	1222.82578026076	
14894	3	10	382.900662935758	
13092	10	32	1029.02830428864	
12001	4	34	1083.87579677807	
12999	2	19	650.71312882505	
12771	7	20	675.663096399821	
22149	4	11	384.624991670542	
17200	6	50	1599.49933543778	
13878	8	3	170.056103472624	
23339	7	42	1327.0659543793	
23859	3	4	178.5805407253	
20287	9	38	1220.03986270169	
9842	5	4	172.211947744811	
24741	6	43	1385.2750740318	
18134	10	32	1030.70682599708	
9328	4	33	1061.29816842326	
28396	7	35	1126.31449517157	
10929	5	9	352.676762692945	
17809	8	18	621.409186302409	
18864	4	19	630.087251956615	
28017	10	5	214.119841816891	
13260	2	5	223.172562189015	
22381	1	2	140.403634859437	
19336	4	27	871.095469217326	
9329	3	7	288.963682190033	
8520	9	50	1578.7958095124	
20572	9	38	1210.18743999777	
18307	3	10	365.658842868013	
19880	3	44	1406.78769557122	
9059	2	30	983.00238070218	
20409	3	14	480.268119052177	
18487	7	13	449.200881705247	
19318	7	21	710.762603464892	
12221	8	49	1552.56366422054	
10943	3	7	274.780140274568	
17653	6	33	1074.12957811455	
27925	1	10	364.594087323451	
9535	9	42	1333.52982430418	
27053	5	50	1585.04114671845	
8467	3	40	1283.67290318183	
19095	3	36	1170.49857525644	
19795	4	26	851.756934212407	
15313	3	26	864.952204592969	
12147	5	28	910.469502224806	
26818	1	20	668.95334133364	
21218	10	35	1114.50832497073	
12636	3	4	176.390872568074	
13216	1	5	208.172273285767	
28431	3	29	936.879277591072	
17727	6	28	904.005800049755	
28266	4	11	408.50871589431	
17839	9	1	93.0010330737573	
18215	7	27	882.229143121387	
21709	3	38	1205.74804995477	
24989	7	6	238.623514882579	
19779	1	33	1079.65321807175	
17311	7	8	322.497028076321	
27481	5	6	237.932835071316	
9641	4	27	874.912114588037	
24934	8	20	671.917319312653	
28541	10	33	1065.47565640205	
9424	1	1	98.9661488025292	
20954	8	7	272.711639866564	
22061	4	24	787.053722770444	
8663	10	28	926.797835327125	
20370	4	42	1329.37965902005	
23963	9	17	589.277259236796	
9812	4	5	219.648283524275	
11052	10	37	1190.49493375723	
26107	4	49	1556.57724788253	
28581	1	23	776.704081099808	
27805	10	44	1392.78467086739	
24091	6	10	367.635615974495	
28286	1	29	937.736283120577	
17639	5	33	1059.58867670018	
8247	6	30	962.362907604483	
22931	10	29	958.220357596045	
12675	8	25	829.934132634631	
15683	2	7	282.142127883687	
25975	8	23	774.455357219305	
16621	5	47	1482.40493694432	
12552	5	33	1082.015166712	
28760	7	32	1028.77956527694	
27475	2	17	582.781895521461	
21826	9	19	654.49366480787	
21689	2	13	467.26708597842	
22584	10	36	1166.97173858386	
9979	7	34	1105.01455351013	
9319	4	44	1393.94014933796	
12507	9	24	795.126922202821	
26953	1	25	831.632550038226	
13948	2	5	206.661252252134	
11270	3	16	538.617709716138	
11430	10	31	993.123827405797	
10994	2	8	298.19724677978	
27583	2	36	1151.53242645391	
23044	2	20	659.045294345843	
22093	8	3	157.898481822525	
11621	9	50	1583.67166689768	
16772	8	29	939.573682313586	
25052	10	18	605.231065733931	
28744	5	49	1556.7425890438	
12999	2	18	617.677339528537	
14489	3	30	980.302029708541	
11289	6	5	207.301718949946	
14344	9	18	615.724045026919	
24393	9	41	1325.36541709926	
8427	9	49	1544.49286000081	
29362	1	5	226.159373254589	
14969	9	27	876.260607278096	
10978	3	4	201.432860475701	
10987	10	34	1092.56289544169	
25969	10	49	1555.79070718763	
21702	10	4	180.456757368733	
17203	5	24	789.51238236833	
26475	3	50	1583.46048969005	
15772	3	20	670.186583525588	
27117	10	40	1289.9297443451	
18800	9	5	212.560057962574	
25334	5	16	539.530749348705	
9582	1	6	242.407920436192	
27973	6	34	1084.26270572667	
13059	4	12	425.708134186318	
11247	9	14	475.368011554409	
11328	8	24	804.944697844304	
24870	1	19	650.042828847674	
9984	8	29	934.166961151253	
18003	4	30	974.511788568698	
26554	4	22	719.539036340797	
12578	10	47	1508.05625024627	
22520	2	10	383.31761325864	
26045	8	27	880.32187577352	
19286	4	26	846.262465736951	
22839	3	29	942.5684455701	
17806	7	6	249.224291485373	
26717	4	48	1525.66234790052	
29868	7	16	544.337827183464	
17641	9	2	128.4775355684	
17916	1	13	455.480176571515	
9304	9	2	118.769619780951	
26393	2	22	741.901668879158	
8099	1	38	1222.47887858305	
8169	1	29	958.855180255536	
21709	3	18	597.679542059861	
9501	10	20	673.694061727121	
10539	1	42	1339.06965459654	
21405	7	6	250.870545064505	
27650	9	12	438.160952347406	
20539	2	7	283.611445037467	
8993	8	8	314.736757089727	
8261	4	16	561.345842928321	
9247	4	30	969.11555000074	
20082	10	49	1545.33842385995	
17227	8	35	1124.14091754898	
23167	10	23	777.165761877394	
22831	2	35	1120.96836000726	
22326	2	38	1211.03445485748	
16692	1	5	222.309327974128	
29894	2	6	255.357331864237	
18507	6	36	1157.25889010227	
25957	10	40	1281.55708387567	
29518	6	12	430.853628530565	
20125	3	28	904.953823660013	
22644	1	8	318.103123008322	
26213	1	17	572.942994019456	
12147	5	28	921.110984702181	
15242	6	9	326.300429704739	
18425	4	21	693.222261617529	
28924	8	48	1531.23246588336	
28129	4	26	863.850034467806	
17458	3	35	1119.12266250659	
26548	7	18	621.709047957188	
27058	3	28	914.449567773589	
16568	9	4	173.790438181623	
22771	9	44	1397.62908046955	
14570	8	18	619.929041853142	
24303	7	5	205.407525471136	
10487	4	45	1428.02859212646	
28280	7	44	1401.67394982729	
26864	3	33	1065.87504324777	
15425	8	14	479.17228378317	
21820	9	17	576.006008803847	
15057	5	23	770.900343531231	
24612	5	14	484.80227925107	
13948	2	32	1026.71040731795	
23371	4	31	1014.2020632579	
16751	7	29	934.983451913569	
9217	10	41	1322.12154818798	
22162	9	6	245.402683692706	
29998	6	22	728.255931478113	
22571	7	11	394.627893043043	
29689	2	11	402.028499209335	
18090	1	46	1473.12020370416	
18180	10	27	898.221286469242	
19341	1	12	437.212535905285	
26559	7	11	391.048040348593	
24107	2	11	397.525054923038	
16970	7	22	720.752057247214	
24449	8	1	104.736548040405	
16394	2	42	1352.58307702494	
12091	6	34	1092.7692248918	
27648	7	36	1157.64828344698	
13570	6	15	506.928486464046	
18793	3	31	1019.76141056966	
28312	7	24	795.614094583138	
20931	9	49	1539.63679497113	
24707	7	2	134.665982227151	
16397	5	46	1451.54798567833	
20322	10	42	1326.51183707943	
21720	1	6	237.236720024253	
11203	2	31	995.560834536124	
20832	3	43	1383.00586273102	
16196	5	12	420.63537814684	
28165	2	24	789.482288616468	
14195	9	23	758.086606319103	
11401	10	24	785.551075071819	
23848	1	39	1259.95328499933	
19014	7	14	500.151544408943	
14470	8	27	891.392715690375	
25187	6	36	1158.74093076156	
12130	9	50	1586.12753278861	
24105	10	18	604.178881516763	
27968	5	15	527.819577924823	
27031	4	27	882.976534405247	
27507	3	16	549.222141424763	
9360	7	24	797.094163297254	
14167	7	22	748.588844253024	
9959	8	1	96.2282813043465	
25320	4	42	1336.57790227634	
18581	3	34	1086.58104012095	
26846	10	8	302.403986930104	
19527	2	34	1084.65546822392	
23330	6	44	1403.29204408605	
19317	1	2	129.090872802348	
12948	9	50	1573.10581835597	
21696	1	28	921.524000336194	
19542	9	3	149.077522339801	
14528	3	42	1351.13893296157	
18043	3	40	1289.18818466793	
15661	4	34	1087.07361234681	
18364	5	29	959.536081030749	
12471	10	34	1083.43546623524	
11981	8	50	1595.60971110855	
26554	4	1	88.1659636684535	
10570	5	42	1332.69509694199	
26168	3	18	611.622030312019	
29183	9	50	1581.3931210625	
11371	1	23	763.637915087695	
21724	6	5	220.134680150139	
19336	4	39	1251.66146083347	
16686	3	22	731.094755349259	
23185	10	47	1497.37351051409	
10838	2	45	1429.35934155684	
12312	5	16	545.99561727885	
15691	9	43	1366.45554423633	
13129	6	17	568.590343375034	
28698	8	21	709.828705522152	
24566	7	38	1223.9519520588	
28235	2	16	550.539269144898	
14891	7	50	1598.51993128588	
28698	8	27	871.047950718109	
12365	7	2	118.437700922805	
25879	8	4	194.97008340199	
19732	6	8	319.930796958474	
10819	8	48	1534.83273309415	
25381	4	48	1510.9053663122	
13434	9	50	1579.71381864497	
27366	8	10	371.544505344492	
23685	8	25	816.376470260497	
24969	3	45	1436.56260598291	
22374	5	21	716.473552732018	
20123	8	48	1508.81435203776	
