idEmpleado	idDepartamento	ventas	importe	
22931	10	45	1420.87345845107	
9515	1	23	756.972226554981	
8707	2	29	931.946654232194	
15476	1	6	259.078914755526	
24553	8	20	671.242583520358	
13043	1	39	1241.44905692034	
8275	5	5	216.933964703667	
12648	7	13	451.820482039741	
26101	9	20	671.378678880343	
17302	3	46	1465.2171549691	
13075	1	24	787.882237726768	
9806	3	13	461.424184842698	
11137	4	37	1188.27219906648	
26587	8	47	1488.66881156744	
22103	3	3	170.162689020002	
8219	4	30	965.880985896048	
20142	5	48	1534.45522662925	
16103	9	38	1230.90205722996	
24508	5	38	1233.83958240684	
9058	1	9	337.81116061742	
25742	3	14	497.520835780316	
23347	2	28	919.943851511899	
20969	1	37	1174.68168533159	
11440	9	13	449.899125122418	
26603	1	9	341.073182607569	
8490	10	19	644.453912975478	
26886	9	9	334.500472068088	
16127	7	4	187.812729341822	
20969	1	15	529.857341893882	
17183	4	44	1388.63359393023	
13221	6	42	1344.24992128473	
10793	10	22	720.553311929364	
11421	1	46	1448.22929326828	
13966	9	3	143.188145301858	
14047	2	8	316.802354080976	
8094	8	45	1418.25762080879	
27935	3	33	1059.59495776314	
19831	2	42	1333.47551866131	
17065	2	36	1148.50034629391	
17791	6	30	971.815535059113	
23465	8	30	986.400176000968	
21669	2	48	1524.58738722121	
11224	6	19	654.945734299228	
14559	5	4	184.790096965055	
24782	8	31	993.823645689443	
11273	1	22	731.473818277695	
14750	10	2	118.903995174404	
17349	6	26	862.011512695817	
13033	2	13	474.076231752558	
11614	3	5	209.189030439215	
25166	4	12	424.422777008462	
18016	7	24	794.352547970765	
26124	1	36	1171.94031702911	
9716	1	17	566.606728623904	
28363	8	12	423.125048812071	
9413	3	17	580.929606939168	
18988	1	37	1182.29054122339	
21210	3	16	562.047529109776	
9836	9	48	1518.00573214796	
25057	4	1	106.78867054488	
11018	3	30	986.948584852251	
15245	8	1	109.121235361845	
29157	8	48	1521.96314014586	
10906	7	27	882.745084950116	
14905	9	4	200.967233684364	
9009	9	3	147.328925797403	
8088	4	18	613.194891574418	
12549	7	35	1125.08405376462	
29332	7	39	1251.86645748646	
15305	3	9	351.905068211213	
24393	9	47	1506.28602813291	
27301	6	7	280.979707967946	
20800	6	3	162.401710936055	
15564	10	9	342.024047347728	
9857	5	29	951.410984616452	
11826	1	17	572.933448559108	
28067	4	9	344.998117212671	
15286	10	33	1069.89158836654	
13608	1	33	1056.07547943298	
19069	1	38	1209.59936432987	
19473	3	18	605.549917801074	
13689	5	33	1072.48895937227	
17402	6	41	1313.73649758926	
12826	7	11	400.668311454667	
21372	9	32	1044.21081692176	
13641	8	19	629.897373313968	
8457	8	36	1148.61299490026	
10548	7	30	961.622564644377	
21473	2	41	1320.06309648979	
14064	4	42	1335.87274714181	
9204	8	8	315.967079585403	
20954	8	17	577.547428653365	
11942	5	44	1415.46978651335	
22418	5	35	1121.71167574903	
28181	9	50	1584.86695020686	
19396	1	29	957.278940639123	
18042	10	1	82.6242470753492	
24208	5	43	1372.20064934911	
27896	3	50	1583.82286328069	
27818	9	28	926.494719892039	
10859	10	4	198.278926703277	
16045	1	17	593.81994140978	
13636	4	38	1210.14505520935	
17297	9	5	202.171163541345	
18633	7	8	302.903002306308	
24283	3	5	223.443069040516	
10811	9	21	711.950837034709	
14906	3	28	909.916269681378	
29021	5	38	1215.19574400745	
19166	3	46	1450.19160025296	
17672	7	8	315.931489726497	
14845	1	4	192.398952856846	
27195	6	34	1105.9720496768	
17549	6	11	388.406367818083	
9058	1	34	1101.23875274381	
23556	5	48	1514.45962547998	
28368	10	11	395.384737772581	
20476	9	37	1201.29482869119	
18298	10	45	1438.53426802835	
22596	5	36	1171.0698603704	
18165	4	18	598.715930897145	
25920	5	39	1251.57232693004	
26816	9	44	1405.02095727484	
14416	4	48	1515.99371034465	
11270	3	2	115.93798862581	
27306	6	31	1008.73859947954	
13336	5	13	465.509921454596	
10235	10	19	640.690035187029	
29116	9	10	357.157097140866	
28756	3	50	1594.13204397733	
26725	2	17	570.309201483759	
13872	7	17	572.797467863559	
25757	8	34	1086.06872508585	
20123	8	5	209.580759540936	
25270	7	34	1091.3204376266	
8661	5	1	91.729976391294	
24896	7	46	1462.34390416292	
17750	7	37	1191.56533404792	
13487	7	4	177.765309148359	
26816	9	27	900.767747881248	
16907	5	48	1517.94653627926	
14394	2	8	318.696725218881	
26023	9	42	1346.42682063693	
17007	5	46	1469.87149623682	
27019	1	34	1099.94125741531	
23238	9	5	203.568126728557	
29512	2	33	1071.57537897656	
13240	3	34	1107.06341869527	
15519	5	1	100.47292300522	
23017	5	3	150.407324726883	
27558	10	19	641.894202866542	
18933	7	14	481.329418384158	
27031	4	48	1533.66638132076	
27472	7	14	492.753002910294	
12284	9	11	407.778788994895	
14321	6	16	546.706599773237	
27012	7	24	788.798984134942	
12805	5	40	1294.1513448647	
8937	6	3	166.233174915534	
23570	1	27	894.164402826766	
8669	3	43	1357.93314758592	
22751	7	3	151.26080184768	
22309	8	19	632.759172540512	
12850	9	38	1221.06370003012	
28103	5	29	959.882398769205	
25508	8	42	1343.13402186294	
25826	7	21	706.330227770996	
26806	8	30	976.391290135864	
21523	7	27	897.085930191486	
28541	10	34	1089.50877635251	
11845	3	2	132.115721317062	
24833	5	24	803.819403724661	
20376	7	34	1103.52951954283	
24562	1	18	617.766520147103	
23349	8	39	1253.12332409114	
20523	1	10	360.019205678263	
26411	4	47	1505.14550629311	
21250	8	48	1535.14946103801	
14040	7	14	496.052452929342	
20942	2	48	1512.36986189725	
19438	10	48	1537.16322050298	
28053	6	29	958.446502759329	
13681	7	18	620.217112181809	
18292	2	7	286.749772413983	
29330	10	32	1032.23784111079	
24303	7	3	168.979783099601	
23245	7	19	639.131086542798	
21210	3	20	673.315722175555	
25920	5	44	1401.80197054604	
17633	6	18	624.61383785336	
13474	1	28	902.930992256352	
26103	8	6	248.192559298218	
8168	4	34	1105.33215913239	
29897	9	27	883.600906321593	
17980	3	35	1142.83460029533	
27472	7	45	1446.68573443158	
14548	1	40	1285.93755267837	
10335	8	5	205.363120606804	
29374	6	17	589.989097467619	
18774	10	43	1356.80723555237	
20384	6	34	1097.23789895756	
20899	2	4	175.184088840701	
20572	9	7	289.977488503781	
14329	10	18	610.964146652708	
9847	2	1	98.291603409821	
12097	7	45	1438.07479914188	
13869	7	30	977.799898841325	
16703	8	31	995.899861173658	
9484	8	25	839.629678819156	
15125	2	2	127.759583316631	
12339	3	19	641.561093480122	
17411	2	26	853.649523096927	
9593	10	27	878.098891935357	
10249	10	6	253.863313018281	
20201	6	29	957.001182323788	
19340	2	14	479.48664482659	
24502	1	35	1131.04368966587	
14706	10	12	426.009400126529	
17888	4	7	268.825858919335	
10416	5	27	870.902615669604	
22361	7	24	784.00293532014	
20830	5	2	113.014505595441	
18165	4	37	1174.58931958982	
16371	8	9	352.472092338126	
12339	3	7	266.57778409616	
15524	1	47	1483.92316201884	
10309	4	41	1298.48724459228	
17308	6	8	299.92861322124	
25931	7	33	1074.93191985177	
18207	6	44	1406.43758965956	
25929	5	20	674.081652999894	
24326	4	43	1379.78238568631	
20572	9	32	1025.1603635704	
15229	3	22	739.245217376968	
23337	4	14	495.131962939693	
23968	6	45	1441.97913166228	
8584	4	22	748.469014255548	
9578	1	1	89.2529655291014	
27106	9	7	268.458169004162	
12520	8	37	1194.16304196891	
17774	2	24	791.179884258276	
17434	6	39	1243.23122536914	
21999	2	45	1433.6860433564	
20745	6	42	1354.04238722941	
15934	7	50	1583.05274437324	
21071	3	2	129.281469159425	
20122	10	30	970.09366736286	
23671	5	29	931.468846114105	
28555	8	48	1526.59972399781	
16454	4	22	743.347955468738	
27620	1	11	395.642044765708	
26558	6	29	939.928152551841	
22666	8	48	1536.53726168747	
19256	5	41	1319.08648179801	
28190	6	19	652.804300232234	
21235	10	33	1064.22339336212	
20237	10	18	600.594769250878	
15871	9	48	1537.50539616565	
14105	9	12	424.386362556548	
14916	2	5	214.368441390977	
26554	4	5	219.587554549606	
29392	7	23	757.871285620086	
16187	10	48	1520.96794132188	
15964	9	32	1033.1920891596	
24883	3	33	1053.67793031674	
13097	3	26	861.778707793811	
16045	1	45	1428.48915952653	
25522	9	5	218.853674558389	
14471	10	43	1358.73135007859	
25693	6	35	1115.02205066151	
26782	5	42	1331.01763057104	
25729	10	35	1121.79072413677	
15053	3	6	237.551231122367	
24799	1	20	674.662816950429	
12381	9	3	159.722731411328	
29529	10	35	1140.771709951	
29320	10	7	279.328462239042	
26373	1	45	1420.54693236041	
15058	2	10	369.419347964888	
8169	1	5	217.296314936735	
16371	8	17	593.829494655984	
20405	7	13	447.01839847817	
24434	1	10	373.328889223434	
25550	10	11	411.583964383036	
24525	6	34	1090.79554489385	
17113	8	42	1334.15350044805	
11644	8	45	1443.24512399884	
28293	6	41	1306.07388177238	
22216	3	3	166.440917144735	
29249	3	32	1030.90856957757	
17549	6	28	921.384362411399	
9340	2	25	810.963618089894	
24355	10	39	1264.86660297255	
22220	4	2	134.089727613185	
24641	1	33	1054.5754874193	
25464	2	2	113.30859863819	
21564	9	41	1322.26328404726	
12201	4	14	480.493954196802	
13644	6	10	380.364456912672	
11621	9	24	801.274036579427	
22586	4	8	300.792309632894	
17681	1	25	831.239992804471	
22700	1	36	1172.73749603552	
25757	8	14	491.577673336294	
24413	9	31	1012.3303248977	
8694	9	27	873.851320628939	
8571	4	24	782.376921429474	
10951	1	29	941.874444737041	
23392	7	39	1239.36375038669	
29807	1	34	1112.03259028123	
11621	9	26	864.894931123077	
28366	10	24	780.047836890466	
28758	1	39	1248.08604820077	
28250	6	7	287.090047619813	
15107	5	38	1220.53894673499	
8910	5	43	1372.56915607144	
15298	7	13	464.542396396651	
14869	2	37	1189.38397693885	
23869	5	49	1542.39654426575	
17695	6	41	1319.52442986869	
13827	7	31	1018.53358379497	
22748	8	5	202.41527775415	
26501	1	2	132.412757413654	
9090	4	11	407.822780501015	
28104	10	7	273.637688250112	
27724	6	18	600.054012481148	
28924	8	46	1456.92412116422	
19524	5	4	183.461503509181	
8184	10	38	1220.08732953113	
17635	4	2	126.414132773138	
17125	10	45	1418.50842590374	
29715	3	44	1398.83450804224	
20259	10	35	1120.18247544774	
10943	3	36	1168.14531138546	
17349	6	48	1516.50400530384	
11917	4	43	1362.58950185151	
26147	5	27	874.280902442653	
21970	10	47	1481.75121588714	
28369	3	31	999.253639485339	
15661	4	8	296.944224264912	
28313	3	19	631.776579018578	
16312	9	17	581.370679261801	
11406	8	3	146.710131385694	
13779	9	19	654.408326863501	
15118	9	6	246.013638454496	
16911	2	5	221.336525520932	
12522	1	36	1162.87756988913	
26960	7	33	1057.77655535274	
28491	9	15	513.550780878193	
18459	4	40	1282.00633134786	
9175	9	39	1248.76620224154	
8179	10	5	212.879307108409	
10330	10	16	538.097409931057	
21670	7	20	660.840027043987	
24609	9	43	1382.74045278446	
8067	9	4	178.377031878744	
22868	7	23	778.827235390817	
17154	6	26	844.914715534502	
19070	8	8	297.939985086182	
13706	1	14	492.276312416548	
14912	2	31	1016.92719946472	
15496	9	20	678.915417920293	
11789	3	41	1321.78711520591	
25517	3	37	1192.94961761355	
22234	5	40	1293.52416437749	
8404	5	33	1066.06042308084	
26588	8	39	1259.86536144273	
10185	1	3	159.940736815306	
29043	4	10	370.586042315972	
14870	8	46	1457.94944488348	
19323	5	17	578.288253628783	
21951	7	17	582.791180509511	
23237	2	7	270.130337453508	
26155	2	41	1325.45232000083	
26267	7	23	767.747850850107	
16095	2	15	517.162904533168	
24412	4	2	135.705146368456	
15531	9	33	1078.00443055015	
19095	3	6	241.809142046519	
16255	2	2	132.30116272918	
24398	8	32	1037.17644259202	
18529	2	14	479.147565811476	
28295	10	40	1269.91072263099	
22161	6	48	1538.08099818327	
20545	10	14	477.647930531599	
18083	4	40	1285.62911879533	
12178	9	29	940.737098111183	
24249	2	16	539.342448403753	
10822	3	43	1385.404858601	
10355	9	45	1418.1269734251	
18516	6	20	663.762266460695	
9224	8	1	109.366186908151	
25391	2	39	1263.81123080096	
9813	1	17	586.977327068791	
22151	5	27	880.017024800189	
25270	7	49	1552.86116109829	
11838	5	26	859.58356405589	
8778	6	16	553.760513772145	
11813	6	29	960.884162486011	
27059	2	24	779.953215373658	
27493	7	16	561.471164078205	
13192	8	33	1082.93683307382	
20435	9	23	767.190513036768	
14531	9	19	655.601335994714	
28762	10	24	783.71807771908	
13793	6	22	745.975021732028	
28581	1	49	1542.7489696549	
25589	5	25	812.645089930224	
22583	2	47	1493.09217619388	
18664	10	29	945.577548251291	
12948	9	2	122.671885510288	
28173	5	41	1300.82280484066	
22967	9	20	683.105573487983	
10065	5	6	245.638822357002	
28527	2	33	1055.09986982453	
13958	6	18	617.779633653248	
22124	4	31	1009.0046952893	
27873	9	43	1383.70611702265	
19593	1	24	795.301687081951	
27388	9	1	87.8950455821562	
14784	8	5	205.323324969655	
11406	8	24	800.522913038974	
23859	3	10	374.535878214303	
19742	4	16	552.459068890875	
23748	4	27	874.187178422784	
19874	1	16	548.922066720632	
25521	8	28	918.979949708553	
17370	8	40	1283.15301038472	
15056	6	15	525.435295200644	
13382	3	25	814.886689751822	
14792	8	39	1257.57934047728	
24196	1	37	1181.94463259631	
25572	8	4	197.120268064141	
15515	3	33	1061.85592667286	
27133	10	36	1170.82999865097	
11505	6	49	1554.2396095182	
9594	10	41	1311.95705277471	
14184	2	21	694.309386636275	
21490	6	25	834.362920464186	
27403	4	42	1331.67290879957	
12763	6	42	1342.88014914043	
27722	10	5	208.092008180959	
23569	2	19	646.250272209873	
16493	4	15	519.827310349712	
19691	2	43	1375.45508791481	
28415	2	30	962.939461620031	
12508	4	32	1026.26061342017	
22747	10	34	1098.17240844396	
12868	3	35	1131.87745724426	
15691	9	9	342.237391146942	
28802	5	18	623.85646580898	
25058	6	33	1075.87744703324	
16287	6	43	1358.45882669019	
22646	2	29	952.989116903855	
13644	6	19	654.629890404004	
23532	9	43	1360.94825103923	
28396	7	24	788.400954859518	
24897	4	8	294.731444145893	
8574	9	43	1381.41415757193	
23269	8	8	314.796010998448	
22777	7	45	1426.99507202348	
13359	3	9	339.595959270185	
20523	1	10	367.20979472958	
13368	1	23	758.205486442058	
28588	4	40	1287.99820777401	
9916	4	16	540.727252913978	
21698	6	37	1183.70253677652	
23369	6	38	1221.24964681512	
24206	4	20	674.808823706028	
9165	4	34	1100.86026030633	
22381	1	28	905.82258087854	
27057	1	11	394.69530865303	
24279	5	19	629.34319655846	
11373	4	33	1063.62877828238	
20055	9	9	345.014896441724	
11637	4	50	1597.2313167887	
12623	4	6	234.272640829102	
28720	9	46	1454.70856786459	
21568	2	23	777.003980976066	
18486	4	48	1511.24771680275	
20950	8	35	1122.66145330046	
12380	6	45	1420.8075412646	
9269	10	5	231.275553140452	
14373	7	7	263.197904053702	
28602	4	7	271.030223942842	
9716	1	6	261.701893444034	
17655	4	45	1423.48580590612	
23783	1	26	844.131151160286	
25596	5	14	487.226036268857	
27199	9	44	1409.88174761174	
15846	4	26	845.838654658682	
11542	3	34	1097.22560862881	
15440	6	28	912.895229064345	
22308	7	18	599.566909465737	
16283	10	47	1504.6778367761	
25166	4	34	1083.28418987025	
10200	8	45	1440.88221345138	
9950	1	47	1488.04478576781	
10374	1	25	831.829102575699	
12324	5	28	914.727835000832	
28240	10	43	1379.23692484351	
10908	3	44	1405.01096660505	
23669	7	14	503.363584737928	
26370	2	2	111.017196937938	
11183	3	32	1036.4148102684	
9507	7	8	309.16115715595	
8224	2	15	526.534250474784	
22361	7	10	374.830048407815	
22120	1	20	687.974220462131	
24682	1	19	657.398573615308	
29539	6	38	1206.67561021013	
8403	6	29	933.692386994926	
21478	9	35	1117.72746316983	
13102	4	46	1470.16644076918	
15564	10	24	792.134557697985	
10456	9	1	86.187530758878	
29577	3	4	188.320406129733	
14680	7	4	184.011890675878	
28661	6	17	567.175262499217	
13040	2	34	1106.29631432998	
12431	8	21	717.241447007862	
9311	3	12	419.571385616237	
27292	6	25	814.023610546265	
25788	10	26	864.927076094284	
25836	3	9	335.021605647645	
16937	10	44	1408.59697224973	
25227	7	33	1081.80007958869	
18904	2	1	109.776287092723	
17520	2	36	1158.95094150628	
12704	8	26	861.730706571476	
20215	4	6	236.349103337316	
11184	4	9	346.227855061287	
9374	3	21	702.879465288892	
27032	3	46	1462.27614597523	
25021	3	5	212.010791959246	
8581	5	41	1317.65048669542	
11622	5	31	997.443956526669	
13385	5	4	200.258356202514	
20106	2	25	826.7830937853	
15611	7	49	1561.86906678689	
25171	6	42	1335.16764296925	
27292	6	35	1128.6557574983	
16651	7	6	236.156930698155	
22685	10	45	1429.82746265355	
20500	4	7	283.206137401613	
22106	5	48	1512.14626766376	
23973	3	50	1579.49814545899	
25529	6	32	1042.72878829517	
18477	3	44	1407.43235176775	
28942	4	47	1498.49030601722	
26893	10	30	974.963783740515	
13608	1	42	1336.8703227755	
28897	8	31	1000.8695232686	
9669	3	41	1325.53278824572	
15798	6	7	277.48638799297	
18724	8	32	1039.66553922727	
13403	3	20	670.987356058782	
17513	1	39	1238.43650864364	
16306	4	43	1375.99559129029	
26991	4	38	1227.81783801868	
13638	4	25	827.361077567265	
15956	3	14	496.757963382061	
25052	10	25	815.87910690153	
18944	7	45	1426.24351389066	
19642	7	14	501.049470277992	
21109	7	29	940.447755148843	
23341	6	8	310.812921706034	
26224	7	39	1255.45131719459	
16202	8	42	1338.15564880993	
8674	6	33	1074.48407100257	
12522	1	21	688.743574232209	
21106	1	50	1588.06204992722	
26375	10	29	957.228796890578	
14248	8	18	605.306195712325	
24788	7	43	1371.12867136073	
28303	6	37	1188.58568950956	
17572	6	7	263.414454918082	
25187	6	30	984.196147892715	
18752	6	20	661.720938692671	
24567	4	12	422.875337983889	
19472	4	45	1429.09882679074	
9107	3	2	119.071291293516	
20428	8	8	302.343935324971	
19527	2	39	1260.46063548907	
8510	2	47	1486.76692283096	
12699	5	14	499.478780561815	
13905	4	29	945.358331792689	
14698	9	30	977.346677043171	
25656	7	39	1264.78975798226	
14518	10	23	772.345252731976	
14518	10	22	726.663130636636	
8289	4	43	1359.00744788302	
23842	3	12	424.262764912221	
27067	8	37	1198.96525576663	
19553	5	25	814.507989219626	
28555	8	28	918.40967958719	
9669	3	11	392.776650596772	
17907	4	11	409.913416807499	
14400	8	31	1008.77799237556	
29033	5	29	942.758382252771	
28173	5	40	1281.33334595772	
23449	4	11	404.046828264392	
8362	8	41	1304.57313948524	
24110	9	11	412.948280765185	
28244	7	27	889.746731785008	
16627	9	30	986.901733813296	
9249	1	13	459.641525884923	
8769	8	14	475.563327556273	
19038	6	49	1554.40411688499	
11187	3	21	688.90069848341	
24831	7	26	856.251084309188	
24936	4	40	1286.79120816607	
20610	3	19	656.715569950973	
21320	1	32	1033.1202533064	
17492	4	44	1398.71901122793	
29169	1	24	788.289786273749	
8584	4	7	274.41402805709	
16236	2	36	1155.41847141246	
22963	10	49	1539.47659105969	
20757	5	1	81.5706897161764	
25789	6	50	1595.08942335615	
23585	8	29	933.466244662863	
20572	9	50	1590.66155921233	
24196	1	19	645.810396077954	
8615	10	12	427.820940365931	
16049	3	28	929.736126349185	
29250	4	39	1243.799285015	
12895	3	43	1358.26354112395	
21149	2	44	1390.7982064927	
11353	7	15	532.718991773538	
29732	9	27	875.809038912789	
27398	6	46	1453.50103811058	
26767	3	50	1575.41815551716	
21465	2	41	1318.9625564399	
10590	4	22	741.541992026168	
22138	5	34	1105.05199852635	
24706	9	12	414.498151808278	
16874	1	47	1489.39565455979	
25211	6	13	450.713903704059	
24505	5	17	579.865189017665	
10479	3	2	119.837254676892	
28026	1	16	549.795004236416	
15794	3	32	1022.94256015818	
26542	1	19	655.889059498855	
8995	7	48	1516.09416842279	
17940	8	32	1039.87192247057	
27321	6	24	782.291877932051	
20108	1	30	991.142511605817	
24550	10	44	1400.24624453869	
28306	10	1	106.218202945878	
25521	8	22	723.9956515301	
10733	4	25	837.358179184309	
21054	1	13	470.436825747805	
19586	9	31	1007.20730265938	
19110	6	29	947.668958896617	
13081	9	12	427.867101294858	
9577	6	11	413.385269052063	
20931	9	22	738.762743407284	
19511	9	50	1585.12734039925	
27595	7	49	1560.01060543582	
28044	8	42	1343.1024487983	
22800	8	21	701.377984760971	
11277	7	20	684.765121063574	
21709	3	34	1101.68512511146	
27747	2	44	1413.09165957062	
29131	1	31	1002.75004619861	
20093	7	41	1311.37305264891	
16597	10	29	937.753013511073	
10571	5	10	371.578261280236	
29514	8	10	373.667012701587	
26266	6	13	453.791634465471	
28412	9	11	385.018373497305	
14243	4	24	784.704567708403	
19014	7	32	1039.61140204203	
9487	8	49	1561.73343503928	
14947	3	35	1125.29441911974	
18466	8	48	1510.52368450469	
8715	3	31	1014.77249971348	
18405	1	22	729.716227655167	
24490	2	30	987.949017895362	
12104	2	5	227.444248417134	
20432	4	9	332.656773409181	
12296	5	49	1558.01729658526	
14032	6	43	1364.58000354682	
16911	2	44	1408.72334024344	
23228	2	2	118.450859728479	
28673	4	33	1063.06421236278	
13024	9	19	648.210852857777	
22060	1	13	451.293597543283	
13326	10	11	393.67489073131	
21871	8	23	771.666729474285	
22723	2	40	1275.73540840099	
19777	6	47	1504.26831416053	
29753	9	14	490.703298268236	
23664	3	25	836.762740219367	
18934	9	31	1018.45926991592	
20470	2	46	1465.02988317284	
9387	10	48	1521.25743504672	
26129	9	26	842.797399928233	
9193	9	17	593.344122224182	
20431	7	42	1328.49886982166	
22508	5	45	1444.53886442098	
9196	8	21	699.564250325581	
19347	1	34	1106.5792318371	
21789	5	39	1252.42656848041	
27181	1	12	418.977278032795	
20097	4	2	132.653611475906	
9249	1	32	1030.82542370578	
15061	9	32	1045.4738676201	
29520	6	45	1422.37453977688	
17648	8	15	517.343416790172	
28371	2	31	998.612769338588	
27008	6	1	89.0465157521174	
13510	2	20	677.178322503892	
26130	1	44	1412.56635701869	
21304	6	34	1090.44567538912	
25748	7	22	743.360688175708	
14079	8	28	920.185117516753	
22911	9	40	1292.96178486802	
19954	7	43	1374.64079984214	
25661	2	49	1539.68583383583	
22083	4	22	743.162199791131	
21492	3	17	566.45941596779	
24433	5	50	1577.90337054893	
10547	5	37	1202.0002832273	
22331	5	23	778.056226064477	
10104	2	14	480.750059336773	
27276	10	10	374.001269440167	
14128	10	7	282.848661822662	
20917	10	18	623.274165123363	
26213	1	39	1260.26453594689	
26370	2	50	1589.26624945796	
10583	2	6	251.975099785242	
20144	3	5	216.372105430985	
9364	6	39	1259.4501480737	
13225	1	10	382.905383996156	
28771	5	38	1233.0925230836	
23396	8	15	531.43806474816	
16509	3	4	192.153435066414	
24552	3	33	1069.74606221064	
20982	7	50	1585.79724825257	
28581	1	2	112.238788657002	
23480	7	37	1202.73698523768	
18307	3	19	628.919057766404	
24718	8	46	1476.33147394114	
10117	10	43	1373.0539601357	
29765	6	40	1266.68889264888	
24350	5	28	907.08999165664	
18684	5	20	678.136941249546	
17297	9	42	1346.31706483025	
26364	5	10	355.098581740213	
16647	10	18	624.84476565609	
29157	8	8	308.295650178704	
18349	8	33	1068.15660008609	
21612	9	19	653.658288388354	
21300	1	20	665.336670030531	
13388	3	29	958.079448453188	
18595	3	22	721.660879776655	
16749	6	47	1504.5789486098	
21771	8	16	554.37034241593	
9160	6	48	1538.22721869602	
17322	9	43	1358.65234203574	
29366	5	25	827.976761883114	
27250	9	14	502.199702496733	
24717	10	6	242.110003829985	
9329	3	15	528.077167332208	
10708	6	25	826.637669553346	
27274	1	46	1472.67441032113	
21538	1	31	1017.72817443019	
17717	8	34	1109.66097302253	
23385	5	46	1457.35315230552	
24764	5	7	291.922623427549	
16680	7	24	808.031682450339	
11954	10	8	303.215722657375	
13669	8	44	1388.84355158957	
11853	5	47	1507.44704517883	
16400	1	35	1140.42521455345	
11757	3	48	1537.54035820139	
10445	5	4	181.571896607788	
10947	8	45	1428.9463230916	
20168	2	34	1111.3673334156	
8281	8	36	1173.66006768013	
9337	4	40	1295.86432819062	
18170	8	16	536.531596992412	
8962	10	9	348.17558338315	
15241	9	21	715.419770290805	
28339	5	43	1360.97059927926	
16054	1	24	783.81849969915	
26112	7	36	1162.71381704263	
18736	5	20	674.113478043169	
11430	10	32	1024.82593554297	
12142	5	17	591.431643306944	
18156	1	18	626.859116138359	
25270	7	39	1237.78309265048	
14223	9	35	1131.51884351462	
29060	5	8	307.144906216834	
9895	5	27	884.262026773888	
11292	3	24	780.537282740947	
22251	8	13	466.809053936419	
12784	7	32	1028.25430660893	
24540	4	18	626.416290582352	
9865	3	44	1394.01448232774	
24785	10	47	1489.36181722645	
20757	5	36	1168.47596822701	
26377	5	47	1488.96391252473	
8500	6	3	143.175958312664	
29844	3	44	1416.81308320575	
18752	6	1	85.0799275213293	
8236	6	40	1279.31304849652	
17013	7	22	746.211243209528	
27357	2	35	1124.91145547708	
28453	6	31	1020.5390902518	
24673	5	18	620.088983168867	
23719	10	3	155.632625518196	
9219	5	32	1043.00300900033	
11872	4	12	444.567151015889	
23907	10	3	142.788013845118	
26517	10	10	371.445164890701	
27398	6	6	234.024119113583	
12413	6	35	1126.69023353918	
27867	5	23	767.106568052949	
25478	5	2	122.819169854195	
14529	5	11	389.960593278501	
26493	10	12	423.614696387022	
17907	4	3	164.835037479566	
24882	4	29	945.921508998574	
27013	7	39	1265.06350728919	
17411	2	36	1170.24858979986	
12979	6	23	771.696879142754	
9584	1	36	1161.69864537273	
27427	8	21	703.185018404939	
25883	8	12	439.887931812502	
13335	7	36	1150.73130426497	
28897	8	23	753.317589998859	
8097	1	27	882.530032509253	
18536	5	41	1317.35285108786	
10126	2	40	1284.29825045369	
18149	8	5	207.388359963609	
18638	4	19	647.567684467681	
22928	8	7	284.999625070486	
11813	6	27	898.606687085054	
28643	9	42	1355.89067175793	
25113	9	34	1104.50545120263	
19553	5	14	496.502573833104	
28126	8	36	1149.20202256609	
27846	4	1	84.286845291167	
29624	3	50	1571.34266013808	
19028	9	16	551.226490620164	
25868	7	7	274.780083650155	
17775	9	23	766.951692498732	
12272	6	6	244.356892371716	
14634	3	17	592.816861883186	
19014	7	18	626.513163627364	
27295	1	29	940.118820397239	
15819	3	9	341.147738555981	
16910	6	17	583.597120728156	
12749	4	34	1084.05388904924	
24805	3	36	1145.74712083943	
16075	3	34	1083.64093074745	
15120	8	18	623.042403526158	
28565	4	14	478.112451023475	
10948	3	9	326.564493405896	
10367	10	28	913.383048378575	
27267	5	4	197.614403123788	
20168	2	2	123.026224804589	
25895	1	23	765.023523664579	
20106	2	46	1469.80778598683	
20309	7	46	1466.77139317001	
22646	2	27	873.102593008942	
26606	7	41	1325.65015791247	
22103	3	23	760.268900562203	
23779	10	48	1535.39965388151	
28151	1	41	1323.87748042302	
11992	9	49	1549.0244940431	
16870	8	8	308.083546454126	
29238	5	31	1011.21589629502	
25509	6	18	618.313718651567	
24711	1	47	1493.4580194454	
23441	9	27	874.412673820934	
13329	7	3	160.548192188399	
13480	9	30	974.578848860496	
26032	5	24	793.837016669026	
9922	10	30	975.4685061497	
15680	2	1	84.745186644022	
16910	6	31	997.341753001018	
24552	3	4	190.368156521753	
28571	1	44	1413.37476818514	
19732	6	7	290.612483867729	
13588	1	14	492.169851442878	
14527	5	10	378.932911781097	
17542	1	8	313.298962038615	
10902	2	5	218.55112961426	
29889	9	22	723.747429216163	
25206	7	1	104.525280941522	
14901	4	44	1406.88717404701	
22038	3	19	652.042193679159	
11126	4	15	522.507623379355	
29075	5	30	986.89104807884	
8632	3	13	453.476349028515	
27666	8	13	464.17849890151	
13252	1	5	214.479059304334	
11552	6	4	184.571266968069	
23405	8	40	1278.12389761122	
14349	5	16	549.129925737684	
18812	7	1	86.6827919365292	
17349	6	8	308.957238490208	
14327	8	26	868.939381460165	
12413	6	20	677.488669584267	
24180	10	21	712.035273943113	
12637	5	28	929.931842260962	
16165	3	49	1565.28340207659	
27019	1	37	1190.59586960384	
14133	4	9	351.334447018492	
26111	4	31	1003.09273855905	
8451	1	39	1248.46355466566	
26391	7	40	1284.27543435445	
8439	6	29	951.095987256195	
19234	3	28	908.637861734553	
8633	8	24	800.27265012277	
13674	3	48	1532.65806828284	
17890	6	29	951.648755479441	
9409	7	39	1259.1953021191	
12585	6	33	1054.60154172713	
21576	8	17	574.169681227845	
18089	1	34	1092.35119587386	
24045	8	18	621.717770947943	
28740	5	27	891.652224665346	
19137	7	41	1299.3521994815	
19300	8	5	222.137319996086	
18929	8	39	1256.04135277497	
17398	9	17	568.708272915663	
20184	3	38	1231.42267057273	
18841	7	35	1119.98167041688	
15211	5	14	490.234174919424	
20850	7	49	1546.06913288407	
16358	10	26	870.007581892427	
10793	10	35	1115.7131190578	
13376	10	15	506.338580412016	
18441	1	50	1598.06239470749	
11595	3	23	768.384514510811	
12552	5	28	921.428775061587	
10296	9	25	815.886098600871	
17542	1	37	1178.57720992462	
17542	1	36	1162.23800918192	
14489	3	11	413.649509704509	
17106	9	22	722.703092434771	
20853	3	46	1467.21668259577	
14846	3	41	1320.65469065712	
26192	3	13	456.06172627586	
15325	9	5	202.611739692563	
27575	2	41	1300.94620642296	
24131	10	38	1213.8697616448	
8701	1	7	266.618397956071	
26493	10	15	520.818280745679	
12312	5	34	1112.52974342207	
18070	10	16	555.28375718523	
24116	9	22	729.969725240939	
25748	7	24	783.954216383376	
21069	7	33	1056.77872986383	
24154	5	33	1064.96502098859	
11488	4	31	1017.30501382486	
14596	8	36	1169.58718197867	
8729	1	15	535.351349588182	
21689	2	33	1055.99392116815	
8317	5	12	441.223569345299	
21095	7	11	413.860731503861	
16942	4	3	150.614199186961	
25296	10	46	1461.10027209907	
15903	10	33	1057.02360567498	
18313	6	13	458.455972773235	
13681	7	6	248.562315296644	
26419	3	15	524.757406844179	
16301	6	28	910.575467027061	
13359	3	2	111.888135611959	
16942	4	21	691.229293221249	
19371	9	5	215.762656878569	
8999	7	3	160.618092194487	
10572	1	47	1492.36353254521	
19371	9	6	240.520171523336	
19278	1	13	449.648103439085	
28602	4	23	754.501088352176	
9538	4	36	1170.99753400823	
10174	4	28	923.290473205638	
16106	10	1	99.5255803035226	
26687	2	49	1555.095146352	
18283	2	29	954.838511270861	
9295	2	32	1044.80427261666	
28588	4	20	679.163389671204	
16261	9	30	977.704431497354	
11978	6	33	1070.78537569884	
25365	9	5	220.037856651488	
20900	10	11	411.758902674429	
25199	9	32	1049.55985054819	
9444	1	18	613.097373718907	
18480	9	42	1351.07950068595	
18917	4	42	1351.84159308292	
11796	5	10	360.534749012689	
9069	5	5	202.583288756471	
21932	2	24	801.014439836617	
26147	5	50	1599.78877820065	
18522	8	19	652.08889324781	
14126	3	1	86.1164104966989	
17263	10	9	343.631084982134	
8230	3	50	1597.60575350262	
10350	1	49	1554.04942439592	
25649	4	26	856.188799578784	
27097	5	10	383.294294617742	
27457	5	6	234.730262344112	
19391	10	45	1429.58898752443	
23798	3	30	976.7670865435	
25012	1	13	474.665664990743	
28107	9	25	837.606192695725	
14637	5	18	623.43404486004	
29039	2	20	687.130626424742	
11183	3	11	390.46393263641	
11826	1	45	1446.30747981663	
23520	3	9	326.296708773028	
14246	1	15	515.825769284659	
24706	9	34	1100.89877481614	
27749	9	34	1086.38505807444	
9320	2	30	969.056458887205	
17139	6	33	1071.45080951576	
21090	2	16	563.395840601714	
26025	4	50	1586.23822997615	
9980	1	8	318.418116121748	
18501	6	45	1436.80341262222	
19601	9	33	1075.19755629599	
21191	10	10	377.478093308154	
9754	8	10	360.80863492601	
9338	8	29	939.387700138328	
29149	7	46	1455.22790786588	
15497	7	49	1558.03480343802	
19169	1	23	771.349092708597	
12752	9	6	240.731393322689	
25334	5	44	1397.55921019128	
15707	9	22	748.384677855477	
14032	6	28	907.366449026096	
15839	3	28	925.684719703013	
23720	5	3	145.476155907603	
19189	7	23	778.906346773219	
26926	6	19	651.54421665312	
27569	9	27	890.074010272545	
13301	8	26	849.574402146775	
22911	9	1	80.9373449538543	
26262	8	20	676.119710708093	
13887	2	30	982.431663955763	
24882	4	44	1388.32485781439	
25143	9	12	442.429224123447	
18319	2	8	302.633441082497	
10893	4	47	1504.77202086932	
9662	5	34	1105.54488430989	
29660	6	45	1444.70897972803	
22577	3	21	701.684513940329	
15426	1	41	1314.62938176218	
13794	3	21	710.732319313443	
14561	8	37	1180.63808373205	
27153	9	35	1122.72056989498	
29386	10	10	357.392855005987	
17572	6	43	1359.18763738088	
16283	10	4	197.246011773705	
16090	9	43	1380.99124328279	
14893	1	1	85.8162013095879	
10114	3	46	1473.9216274181	
26277	3	17	570.201287386101	
14689	9	35	1121.53917867762	
22025	4	15	516.630861552726	
29601	5	3	146.257099987127	
16352	9	13	462.702651537351	
20832	3	27	889.571416233467	
23875	10	39	1242.07925478093	
10594	7	18	618.941030790536	
18862	8	31	1000.61198907001	
28990	10	13	450.349613377056	
13434	9	11	401.992428042922	
13059	4	15	514.840841421318	
16038	2	3	158.98244861466	
27276	10	8	301.876407368982	
23071	9	16	562.45849564786	
16777	8	30	990.118519268054	
27628	9	29	935.986452165985	
29897	9	2	128.478554807826	
12799	10	21	712.768332172543	
20795	10	3	154.844652225657	
18331	8	13	456.036614056694	
11920	7	45	1433.84281582844	
10043	3	1	90.5189281378495	
8697	10	29	936.350289497688	
22904	7	33	1056.71971094642	
26749	4	35	1129.99907400925	
20364	7	8	296.921126459223	
27706	2	38	1225.66410796049	
19282	5	19	629.973594020109	
18589	3	36	1166.49708232214	
9374	3	49	1548.2301441339	
8242	5	31	997.915103490425	
27527	8	19	645.728015343532	
10482	1	31	1016.15238285444	
21786	10	10	359.373114760673	
9516	1	16	559.398166276234	
17288	8	6	239.488849155367	
27276	10	28	916.174563968635	
15656	2	31	1005.62220627704	
14707	9	36	1152.85780788998	
28734	5	20	660.554186301564	
23237	2	30	965.83099007878	
26075	9	4	184.932895239877	
20214	7	33	1074.35936635097	
22759	5	10	379.692085897407	
24242	2	27	879.788540340862	
24547	10	19	631.749870698783	
15120	8	29	958.76167636307	
27194	1	19	640.262074247125	
16455	2	30	967.274335737933	
27183	7	14	503.201185214893	
21523	7	3	148.767456965878	
24840	6	22	748.222911110252	
8057	10	48	1530.97154908393	
14118	3	34	1097.88501336141	
19607	1	22	736.358471557665	
10887	8	34	1111.02025053977	
29824	4	37	1180.28057205504	
12479	5	21	689.537389040709	
29152	6	29	932.703577528104	
23944	2	20	672.650289774244	
24553	8	1	96.4151468204405	
10567	5	50	1588.96743677043	
13221	6	45	1434.11490674788	
17052	7	14	502.119469243157	
25830	6	31	1004.0773245525	
23327	2	46	1469.11282607779	
23826	6	22	742.830065760217	
19438	10	49	1542.50329260831	
27387	10	1	83.0603293716257	
28497	4	25	830.629670112687	
25892	10	1	99.8118881973493	
25990	3	22	722.856348530788	
15011	2	36	1159.91052428256	
25661	2	34	1094.29046592409	
18153	2	34	1090.20562397791	
14637	5	42	1328.90992058856	
22554	7	18	616.159561786875	
21907	9	19	636.658203600281	
20470	2	6	256.931170605557	
28707	10	17	578.249203310464	
9857	5	29	938.159450096152	
12759	8	20	665.402033713368	
14793	10	39	1262.69925828217	
25168	5	22	743.295897107243	
12354	7	47	1479.46268716802	
8462	4	9	329.692192380173	
29395	1	21	714.756466259601	
19334	10	48	1518.26736949304	
14313	2	38	1223.01464320301	
29118	3	32	1048.37791573646	
25187	6	20	659.208277100328	
20589	8	8	306.637174927926	
24193	4	3	152.918628748934	
17483	7	16	560.207518115736	
9498	3	19	644.139039481123	
22167	4	30	976.863553308353	
18909	9	9	350.817988491998	
25718	4	19	652.239897107817	
18506	3	30	975.614761344909	
21886	3	31	1010.67571426308	
25423	4	47	1488.91980493857	
8443	7	31	1016.25838375476	
17927	2	19	637.201744875499	
9349	2	5	216.644665625247	
25630	9	14	483.389297017543	
8561	8	32	1025.91110843509	
17856	10	37	1188.31238682769	
24882	4	15	516.681083159838	
15017	8	1	87.6793893834946	
18455	4	31	1007.44855096911	
26999	7	17	574.860688752896	
27303	10	18	623.622368454757	
12261	3	15	512.606218435153	
23559	9	12	434.45437421764	
8289	4	42	1334.49083967809	
25861	4	32	1031.01311310707	
11008	9	11	406.268178488253	
14104	9	23	770.819009640635	
27754	2	18	622.656782075137	
15430	10	23	754.385132172324	
23714	6	25	834.356359818185	
13507	3	25	824.562696267181	
10351	8	11	399.488649405301	
28497	4	19	634.682413635162	
22913	10	6	251.421393012359	
14053	2	44	1393.17471326942	
29993	5	19	649.937719781854	
26021	2	20	679.703006166827	
10224	2	15	530.151426442969	
25058	6	4	193.342070669561	
26023	9	33	1058.09193209656	
20607	4	49	1563.91966467906	
12020	3	39	1261.04344225537	
8706	1	26	846.255456342481	
28332	4	21	689.329398371898	
9159	6	48	1521.90106634139	
28879	6	1	108.200288837869	
19092	9	35	1126.05459265693	
24279	5	9	339.9066000897	
23199	5	15	533.55157873293	
14470	8	22	741.379805552484	
19237	6	7	278.075383099762	
24591	7	48	1510.58798010954	
8305	8	8	295.566092233903	
9101	5	16	553.517226983568	
15865	4	2	115.585908645571	
9069	5	44	1394.03095649277	
23945	3	41	1318.46425453129	
22162	9	25	825.716678437645	
12063	2	38	1213.12592637405	
19630	1	19	650.5953748201	
28407	6	37	1179.99897885136	
28026	1	1	109.58311503268	
19571	3	8	301.229629172585	
19194	3	6	256.319354444891	
10388	9	22	744.357108671384	
26960	7	21	696.76973434946	
21235	10	1	82.519331240337	
17916	1	49	1565.22327261289	
23899	1	21	690.21458374812	
9786	1	13	455.973388653236	
17561	4	17	588.609380660862	
28941	6	50	1586.52965671687	
16501	3	47	1494.33731871393	
26226	7	49	1549.35661887254	
19422	1	18	610.941024073838	
22376	6	30	962.578926199385	
16067	5	40	1266.35076209267	
20309	7	42	1345.12497584574	
13246	10	44	1412.5897733367	
11919	2	31	1002.8128242692	
8305	8	27	880.213585831324	
25420	5	15	510.912409550935	
18778	1	3	169.105203342207	
17881	6	1	93.0053266198399	
28584	1	19	636.280976718422	
10015	6	28	913.974716157641	
9045	1	4	183.922557171398	
20345	9	3	161.165186651594	
28407	6	5	215.835484366787	
24084	4	50	1599.14375677665	
17285	7	29	931.47346525056	
10385	9	46	1453.98632772918	
14485	2	28	917.025500068919	
29002	8	35	1142.74669584946	
22110	10	46	1478.0929532452	
27815	10	48	1534.33654964638	
12639	4	32	1039.81381308279	
13985	8	20	669.93610189759	
28171	1	49	1544.97228970051	
19492	9	28	905.131331991931	
27234	8	1	105.680957597532	
10069	5	36	1160.83132004404	
26693	10	39	1249.69201634158	
8718	1	3	157.578190079694	
17656	8	6	232.770424891622	
14508	2	7	291.545726382893	
29313	7	1	96.2506613956069	
25128	9	9	346.209473361359	
29866	2	49	1542.57620290973	
19828	3	23	753.006982446186	
29703	5	5	207.680194400102	
13524	10	50	1573.33927868555	
12380	6	31	1013.12690510094	
14831	7	7	290.313102104847	
21120	9	43	1370.38178898878	
18089	1	23	749.086569300427	
25960	5	49	1540.47791169047	
12177	8	7	288.224302552745	
21666	8	38	1220.03837772647	
25570	8	45	1430.38239251374	
23097	6	17	592.847177178062	
23279	5	48	1521.35414458874	
11089	1	45	1429.3877882461	
12226	7	21	691.070826971471	
21046	2	35	1124.49992340268	
29825	1	22	734.623052931681	
20883	5	23	749.50415664795	
28793	10	12	431.590622864473	
17159	8	3	151.263665627345	
20354	5	20	676.60447442746	
25724	9	48	1522.7651131166	
12305	2	20	676.414660195082	
29386	10	44	1400.15268614523	
10778	1	17	587.458441344769	
27627	1	30	977.131866671672	
11813	6	41	1319.38226578728	
21113	4	26	861.220393209355	
9486	3	1	91.5270132625136	
17650	2	46	1460.23490172822	
21109	7	12	424.735250335529	
14631	7	27	897.724054762034	
16854	10	45	1437.71308381004	
27031	4	5	218.588983741863	
8508	5	33	1062.8285019206	
15377	1	46	1471.46356237655	
8222	4	29	958.134186565007	
24330	5	15	520.859422628237	
14452	3	21	706.712397964072	
11070	7	43	1372.36490686069	
8868	5	24	809.006383944771	
28058	3	50	1593.85863795591	
16400	1	25	831.589510530042	
19344	5	32	1049.89772417112	
27526	1	4	194.58989718677	
12249	6	11	392.284154813869	
14631	7	4	184.326813008788	
17657	5	42	1331.44353179794	
28369	3	19	638.621189370109	
28522	3	19	633.078266677018	
8718	1	34	1098.14737195994	
19362	4	35	1142.04156973494	
25070	8	39	1264.66003853113	
20003	1	7	274.945807734013	
10766	6	29	945.971728482271	
25973	9	25	830.241869329588	
11091	3	35	1131.26553420502	
19812	5	6	253.186592540325	
23482	10	15	505.668463756176	
18507	6	28	913.181235433175	
17704	9	2	130.999523201491	
21069	7	47	1487.86617609107	
26453	6	48	1528.95089842796	
28901	6	12	427.989400824527	
21470	6	27	875.303127390939	
9844	7	18	612.65833775171	
9709	7	23	755.134093368023	
19289	9	43	1382.76516084688	
18518	3	13	446.559286325499	
19041	8	25	819.607264594923	
25941	6	6	246.365736837669	
27398	6	8	293.763630303444	
11644	8	2	122.791758683879	
9482	4	20	659.225716003788	
15262	10	29	942.257281682574	
20042	8	20	682.745836471555	
10862	9	23	771.175602586556	
27288	5	38	1226.51693602396	
13364	3	40	1285.56278895846	
22933	7	7	275.1742865309	
24550	10	27	872.805053662884	
11100	7	50	1587.93873398934	
12833	3	8	302.599203839246	
11971	6	33	1058.4487465855	
18831	4	12	442.087529768277	
22140	10	27	882.693680600586	
29907	6	38	1233.0640162309	
25688	1	39	1242.76727607603	
16242	6	27	872.617255259593	
25900	6	8	312.586632591014	
21186	10	12	420.198028171527	
18807	5	24	784.947594024682	
20815	1	1	95.1909588720607	
23002	6	44	1393.5311625309	
14631	7	41	1321.36538365919	
22008	7	28	921.140207853699	
23563	3	3	144.907739527946	
27898	8	14	483.600109705515	
13928	5	6	254.594596780182	
24177	7	37	1181.93155943506	
25462	1	39	1237.15006144585	
27260	8	11	401.561652161908	
22025	4	30	964.884245472441	
21442	7	45	1419.01392477519	
23186	7	13	466.712529839348	
23189	5	27	884.383741656497	
19286	4	34	1099.24981105106	
18362	7	20	685.434322527346	
14998	8	29	932.68852605144	
12112	8	9	343.225892010716	
26838	5	2	139.066266743031	
26756	10	47	1504.74859818106	
9948	5	17	567.623803581867	
24467	2	8	310.494177225276	
18040	9	2	120.376181770291	
13898	6	3	143.060789212147	
13574	10	39	1265.26697225183	
13353	3	16	550.502151842463	
28862	2	50	1585.90187105625	
8510	2	50	1592.60944679035	
17996	2	30	979.59432152081	
25506	5	34	1112.366817292	
28668	5	17	590.147905587288	
10764	5	5	213.972653734485	
10341	8	14	479.409236423396	
13922	1	33	1061.41814281299	
8855	9	7	278.572671431383	
13008	1	9	329.260596152982	
20184	3	29	937.860332344594	
9157	6	1	101.117073828875	
20922	4	18	617.838096943609	
22856	3	10	367.575492881041	
10297	9	32	1051.92233924378	
11796	5	4	183.631229523398	
28720	9	19	638.024225085054	
13906	5	16	551.243401500975	
14404	1	21	703.054488516904	
15380	9	14	483.58527906406	
20732	5	20	671.736216746148	
9121	1	36	1157.70378811178	
19878	5	43	1383.44386954952	
20943	2	19	627.629693703553	
14064	4	11	390.078750024586	
11408	6	18	609.391363248877	
24215	5	6	253.520365847983	
20049	7	15	515.449429990467	
29022	5	8	297.323790442815	
28181	9	43	1384.69678164678	
24199	7	42	1353.15498076061	
21150	1	39	1258.30459444705	
12020	3	39	1255.87323560187	
16410	6	37	1194.40558768548	
8103	1	14	497.698238649265	
10015	6	6	261.985149989829	
13125	9	7	282.33723791425	
21109	7	5	204.783244153849	
25208	7	44	1411.41374657462	
22326	2	25	830.911591737956	
26407	1	31	1019.60468835179	
17213	9	31	1005.29438702636	
23967	10	20	685.811070225114	
21029	6	26	849.989214898082	
21026	7	42	1347.57399018275	
12329	6	28	911.571452222565	
17958	9	41	1325.38779506711	
16572	9	43	1371.49077386199	
25516	4	15	532.826258937282	
21071	3	13	463.99257405847	
23387	6	40	1272.46995214022	
16106	10	36	1169.13278026932	
28901	6	32	1040.00630069524	
8184	10	26	861.681693187767	
17570	9	47	1478.76593509631	
23901	9	15	508.198082944471	
25483	1	7	289.165577240831	
28432	1	12	431.964627817257	
15741	1	24	802.288067267411	
