idEmpleado	idDepartamento	ventas	importe	
18487	7	18	610.936828912672	
11353	7	3	165.195893535947	
15750	2	16	565.209730754239	
17873	4	13	462.530724249096	
18463	2	50	1576.21457717205	
10465	7	39	1251.55087477134	
22052	6	34	1103.04821557507	
11405	1	26	849.137276545697	
14582	9	13	472.453629482749	
24444	10	22	736.936681129475	
25845	9	48	1524.72389806282	
25196	4	8	315.716521514448	
18337	9	10	382.545189029791	
21141	6	35	1134.19176281159	
20685	8	14	494.09911808283	
29839	5	26	859.221659740071	
21001	2	11	404.868951032343	
19975	10	24	787.921907374599	
14860	2	18	612.208049098127	
23352	1	28	918.136361333605	
8681	9	9	348.962088687793	
24141	3	3	146.032194190674	
17766	6	28	909.523287764528	
9229	1	14	484.625457490154	
21595	6	9	352.454252816948	
14738	7	26	865.726083361416	
11637	4	45	1446.47265252027	
25983	4	13	449.41393034971	
16203	3	20	673.75078169338	
17363	2	41	1304.42245767658	
29499	10	36	1161.25221567287	
21668	9	39	1264.9075374682	
28886	7	28	902.198020379151	
27006	6	35	1141.85244985942	
28296	7	26	860.397198116592	
11790	5	42	1345.82649640079	
15030	8	50	1575.57863051797	
16053	4	32	1044.27877187928	
24199	7	14	483.338313104277	
9009	9	27	876.560514232405	
14960	2	18	602.417064589642	
25596	5	13	472.161150235758	
14998	8	13	455.45063561548	
13647	3	3	141.343716188028	
28369	3	46	1467.03575698055	
19339	10	45	1426.59204210462	
22079	5	8	319.628688022321	
29839	5	44	1395.62679452618	
23123	8	43	1374.97521654469	
24540	4	41	1307.88368576573	
25311	3	28	901.344708884761	
28627	2	9	327.521009262428	
16129	3	34	1110.46195648166	
28053	6	19	635.742932258054	
22107	1	7	277.250826189877	
15714	7	16	544.904634721998	
21420	6	26	855.672605771419	
22040	6	3	160.584273264084	
18256	1	4	190.076471432148	
10997	4	24	790.488493810635	
18359	7	44	1405.07822225107	
8406	8	22	733.634285225363	
28884	7	6	255.386494852317	
18070	10	23	768.031171806171	
29454	10	37	1175.68446545661	
14792	8	9	339.816360594619	
10081	10	31	1013.5185011353	
23137	8	26	840.692739170367	
16870	8	10	353.794564695002	
27635	8	22	748.272621682041	
16496	3	27	883.643029222099	
20511	10	29	960.590179153062	
21598	2	11	384.583594270322	
25244	10	42	1335.64753486572	
26945	1	11	395.719296743963	
18295	10	46	1476.80093845204	
14030	5	40	1290.58155857519	
23515	9	26	848.1795715765	
21652	1	18	617.589700509603	
16338	4	15	525.862210712331	
17542	1	18	626.097395339095	
16727	7	2	130.845857994094	
19304	1	20	674.438713805023	
19899	3	30	965.867095927646	
10457	5	14	483.077748791817	
18366	5	28	913.731206410439	
15065	3	6	234.445580986536	
18748	6	9	346.455088121097	
16274	4	29	944.601623669547	
16067	5	11	395.492563394593	
22745	7	17	570.153890629371	
27092	8	47	1494.99435725389	
17644	2	29	934.202300447134	
22524	10	40	1292.84981929364	
8108	1	33	1071.48229198134	
24888	8	46	1468.78277936428	
16874	1	8	296.774655383441	
8131	2	40	1287.41946380931	
11637	4	16	565.659250731421	
13642	9	38	1207.21939638593	
12154	7	14	493.07354096932	
13782	8	33	1078.93594885195	
23352	1	35	1121.83222983118	
23480	7	21	706.702594862647	
15656	2	14	504.240656543635	
29131	1	49	1540.7545297317	
16582	4	49	1542.93741499211	
27649	6	43	1374.81442161594	
8121	2	8	320.023635514092	
26513	9	11	400.449887737841	
9933	5	26	854.323076146805	
18666	3	1	87.4930341949188	
28459	5	35	1142.99457275448	
10884	2	39	1264.21426071982	
27412	6	6	244.391098471541	
26130	1	42	1354.23236425697	
10204	1	2	139.19557142034	
13216	1	27	889.519398924671	
11447	9	10	364.953423014355	
19499	1	9	341.953259046168	
25206	7	4	185.370779608083	
24870	1	22	747.063413014199	
11757	3	47	1496.09111550082	
22776	5	49	1558.30200130041	
24891	7	6	258.11873105267	
23400	7	30	988.648671968211	
22513	4	1	106.387878705928	
27427	8	21	691.733774976681	
28788	10	9	344.165242884385	
23672	1	15	526.936517379683	
11788	10	39	1260.02628306859	
16934	7	1	83.1620947658839	
23465	8	10	362.520320845079	
14223	9	31	1010.37030412367	
28207	10	2	112.788669743011	
10204	1	36	1147.16144648714	
8276	2	18	609.013628162916	
27853	4	49	1567.73611894238	
19038	6	16	541.626439384011	
15153	10	16	542.323219060117	
12753	4	30	970.793791418334	
21524	4	13	459.631159370593	
28938	2	1	106.431452607006	
27800	6	18	624.151735931706	
29324	5	35	1141.16948724779	
12805	5	16	562.660856434452	
10629	8	12	431.999784499407	
22513	4	40	1269.98803972732	
11567	3	35	1128.4587208221	
17600	1	41	1317.24992772436	
24750	4	44	1409.58720794394	
25600	5	31	1007.25525645877	
9219	5	31	1002.46604079495	
19177	1	8	303.705991685254	
16568	9	34	1101.84861677785	
17079	7	42	1346.01012795512	
23563	3	37	1182.84483335113	
12471	10	36	1163.53022853077	
22759	5	15	528.583863809977	
9770	8	35	1115.59198457542	
28862	2	48	1514.36665102577	
9430	6	29	931.203640015425	
26537	4	34	1110.64917873156	
20291	9	44	1393.08711813441	
20070	8	22	740.423604669247	
23767	7	26	851.160981380921	
28748	7	41	1324.97271334984	
20557	9	5	212.62426863081	
21944	2	38	1231.42559097681	
15736	7	21	697.2296519844	
26846	10	25	825.218736094059	
21823	7	4	171.459452477963	
17987	8	12	427.89295954066	
10788	7	45	1422.63020395424	
9308	3	30	971.159467627834	
13928	5	41	1325.73962023749	
29998	6	22	720.631960407194	
19534	2	29	951.939379569115	
27293	10	14	497.13251405262	
13161	2	40	1295.45787461822	
22352	10	19	636.648887468804	
19400	7	12	436.399838978611	
13702	7	36	1163.27505415458	
25516	4	18	626.915315160023	
27919	9	21	717.349309435743	
26284	2	9	332.771026609825	
25743	6	20	680.696053970929	
14043	10	2	138.814329159825	
19295	4	47	1508.52168734582	
18202	1	10	366.77854178789	
17637	3	49	1564.31661313601	
27638	9	32	1045.48339963215	
13779	9	35	1119.1522551324	
24617	7	32	1026.03445480859	
18595	3	19	627.956568034346	
11971	6	2	119.590151402908	
11548	9	29	948.981980639036	
22131	6	8	313.344334472597	
19415	5	47	1483.72813126246	
10402	1	10	370.008505866867	
20736	5	25	837.688143084612	
20819	6	8	299.375515868596	
19874	1	2	118.562448750512	
20286	9	15	511.229068837701	
29094	4	17	572.031191630304	
11391	5	41	1318.12775546598	
10521	8	20	659.36229691811	
11457	2	37	1179.83583684072	
9642	1	29	932.546524057419	
9846	8	43	1376.10899654036	
12735	10	21	705.378167547927	
19087	6	8	310.905453782019	
29140	2	22	746.397714478149	
19438	10	25	833.125989191758	
22770	7	16	558.94309710662	
25300	4	36	1157.96681204716	
17993	4	43	1367.92858586085	
17054	3	16	563.733863571535	
17001	9	23	755.737808698666	
10811	9	14	487.652578059422	
8455	5	6	250.464927409992	
10417	2	40	1266.15838419001	
24007	8	8	304.102581284988	
20123	8	29	944.647049188915	
27507	3	22	732.913038848393	
28387	6	43	1379.73533646191	
18382	7	19	652.307197345564	
13603	4	31	1001.85850473207	
21860	5	27	874.673635919892	
12239	8	29	931.569316224926	
20331	3	13	456.757639598454	
27371	3	14	487.287625934597	
17692	6	33	1068.21124830666	
23356	8	5	207.124008185754	
17609	7	16	537.769731533606	
22106	5	12	417.273371600208	
28607	5	11	397.837390228099	
16388	4	22	732.045985316879	
23064	2	2	134.884123529719	
28602	4	31	999.221553969766	
18677	10	40	1273.40872969171	
28803	1	34	1100.86021713021	
19334	10	24	806.267805102406	
24299	2	5	212.412690805463	
11057	4	39	1261.40037423996	
11479	10	42	1333.41115935399	
10056	3	10	379.085685153997	
27258	2	10	366.026265940641	
26693	10	16	547.091357701966	
15702	3	33	1069.98975598718	
9763	9	9	351.661565542063	
11576	3	13	465.248117067501	
10590	4	36	1157.60652577393	
12020	3	33	1076.07555320304	
19983	4	4	199.543578456875	
19174	10	36	1171.5297588946	
12868	3	50	1595.27293458361	
26465	9	23	773.915399561597	
22531	10	43	1378.31602998931	
16270	1	24	792.295855168391	
17367	8	22	745.820558120413	
16654	10	39	1257.50379218604	
22752	1	11	385.162200920825	
15524	1	1	80.9772078324934	
15327	2	31	999.351356941905	
21195	3	8	298.09054161333	
8715	3	26	842.694205475363	
11465	7	18	619.273706292395	
23683	9	10	375.356257658152	
9535	9	5	221.669725506413	
21551	4	26	840.129421819062	
12546	6	21	715.882600543966	
17549	6	15	508.849740041816	
18248	2	42	1356.5162547289	
21516	4	25	814.243848367708	
17285	7	23	749.60471027978	
27553	4	16	539.890579087609	
18507	6	4	171.689890479525	
23025	10	40	1283.24667494895	
25730	2	31	999.501879494405	
21482	5	33	1080.64965130792	
13188	10	10	366.280931404923	
8198	7	15	534.767147030107	
9782	3	44	1404.68387993271	
26886	9	20	659.907750682862	
18605	2	50	1591.50952253095	
24524	4	28	929.681100160666	
21054	1	50	1592.13569510362	
13024	9	1	87.5804297288789	
12385	5	30	966.239972639009	
20524	8	12	422.000437016599	
21571	10	38	1223.9219906665	
22419	8	29	953.729955327571	
13928	5	29	942.588268361328	
13472	5	9	333.400995849353	
22511	6	1	95.9049375056778	
25705	10	24	795.698016209387	
16713	1	24	805.290597269913	
19906	8	25	813.061333863559	
20086	8	32	1043.30983262663	
16050	9	17	570.716953878625	
8663	10	43	1359.8119788616	
12342	7	50	1590.67000828249	
19075	1	11	405.421632195554	
10010	1	8	309.860334168123	
11859	2	39	1235.7789649981	
27475	2	49	1556.39837702569	
9014	3	44	1401.09027104503	
9994	4	9	341.831704835329	
29918	3	32	1049.93886817709	
10106	5	21	711.639179806988	
20551	1	47	1503.58304410408	
8734	5	34	1090.66872461264	
16984	9	13	458.814150494902	
23669	7	41	1311.64620386048	
17250	1	13	459.53962671549	
24826	6	24	802.736645155929	
8276	2	17	580.478320988118	
23324	5	31	1021.06945714963	
14965	6	31	1007.84183441095	
8634	8	30	968.409441452664	
11311	8	26	850.558510371744	
15838	7	18	611.693276563517	
29267	2	31	1009.11628501914	
29752	10	44	1399.66928848981	
24077	9	38	1216.20743115256	
25506	5	43	1362.15264521639	
25701	2	36	1166.26147168049	
23371	4	34	1103.11525887955	
27493	7	24	798.33891086203	
25748	7	49	1553.90669407039	
21323	3	42	1334.5999818177	
23570	1	29	958.628556615966	
21375	10	8	319.93684232232	
21820	9	15	508.78492561578	
25726	9	41	1320.83767244631	
29691	8	10	375.610923122433	
22908	3	5	209.345514834554	
12721	2	37	1174.82354576458	
25661	2	32	1024.12878568476	
29605	8	2	115.111145505268	
26931	1	35	1128.59082911564	
18075	5	42	1330.30399026829	
18840	7	19	637.641561551784	
11621	9	9	334.600792832021	
25281	7	15	518.417392912515	
20934	1	5	213.253266053858	
22422	3	17	574.915804832669	
12791	2	38	1230.94206450085	
16881	6	46	1473.86136913386	
28881	8	27	893.168292349748	
12499	5	8	295.219695221269	
18880	5	43	1384.22114012028	
17539	7	44	1405.21949945261	
13212	9	3	154.900391173968	
22913	10	41	1320.15844350688	
28897	8	25	828.118702298086	
24572	5	20	661.553723263346	
23784	3	18	605.75234370574	
16678	2	21	693.652903015564	
26196	4	46	1473.6263197817	
9058	1	13	470.136905345198	
27749	9	10	377.975012165483	
17958	9	35	1143.4927939733	
21344	10	34	1096.0321741067	
11590	2	30	977.039197989292	
13117	8	18	624.954487488118	
22521	2	26	850.731882290324	
13166	4	49	1550.02922487912	
24930	6	50	1590.80853141416	
18332	5	3	163.928703593057	
21625	6	20	673.391130321376	
17067	4	31	1005.65477522353	
16469	5	50	1596.94067146487	
15280	5	30	972.730688905684	
18180	10	45	1439.81861233703	
17680	2	35	1120.25452010345	
21151	6	50	1574.05171501173	
26240	6	23	754.515492187122	
14329	10	29	961.251895577298	
26029	9	33	1082.9541650987	
18317	8	26	867.236840383726	
20237	10	48	1535.31940717963	
27217	4	38	1229.25388974569	
11158	4	47	1505.17061851228	
14480	10	42	1338.68699884912	
18375	4	49	1550.37884169741	
22378	2	36	1153.40905716336	
26972	10	6	245.036451148352	
21644	2	24	788.6264821089	
25115	9	17	572.718970148228	
29559	5	41	1314.05719985909	
8337	4	37	1203.59317112881	
29621	6	16	561.17064274902	
9908	8	36	1150.50246590306	
21253	6	39	1244.97424016007	
26842	1	25	830.615816950153	
17729	9	7	266.811196294991	
27404	5	35	1141.60938744508	
20350	1	29	957.561594842729	
14470	8	47	1493.4629054244	
21993	3	30	962.521383763534	
16385	1	18	624.886579953547	
9850	7	39	1240.13353308669	
13238	5	44	1389.93266554081	
10745	9	8	299.777162028373	
29337	9	27	889.564919997735	
14081	6	44	1387.28046865542	
17638	5	15	512.488810546924	
9171	8	8	315.08177883694	
27118	9	7	279.903923403427	
24641	1	26	854.066987286353	
29829	7	47	1507.03823107622	
18678	2	39	1244.50044812844	
13216	1	38	1210.69873791686	
25911	2	20	686.389479397977	
21064	9	15	534.817498165563	
25730	2	22	748.721122419797	
20987	10	39	1238.32217546102	
10191	3	43	1357.34517525758	
29005	9	32	1026.66035629188	
8491	9	33	1071.54543032476	
8074	7	20	685.695431141972	
9666	9	26	841.402742770222	
11213	4	34	1098.08956126594	
20685	8	13	449.87150373397	
25008	5	33	1069.79795919256	
9912	10	15	524.484132474514	
16692	1	15	526.438205561805	
9399	3	42	1327.75644874561	
9424	1	21	689.202795386874	
20413	1	29	933.443323808463	
21210	3	15	512.442327566651	
26276	3	44	1396.95389734439	
26750	7	33	1067.7889901529	
24693	10	4	200.432781335168	
24495	5	8	322.350260430179	
22793	5	10	375.185874092945	
18736	5	45	1439.32122420488	
8105	6	40	1285.39345648391	
17942	3	15	529.122078851388	
13583	6	6	243.098373042	
13211	8	22	720.920246616434	
18955	1	48	1529.95467231141	
26277	3	17	588.722558705473	
14810	6	41	1318.65198286187	
23276	1	44	1407.01896878286	
28300	3	49	1559.09272300037	
18700	1	29	950.471904832158	
24261	1	16	544.112986505084	
12755	10	24	790.156741994506	
23450	10	3	161.894694530356	
21993	3	19	628.489020833973	
8085	5	43	1384.2642121875	
10565	6	48	1530.90123855085	
27412	6	14	501.917475099637	
26097	4	10	356.825952621561	
9324	7	43	1383.48383718332	
29302	6	5	222.043971820755	
25237	8	31	1020.06116180684	
21507	7	25	829.979202835811	
27997	7	13	445.080787523222	
12407	5	29	940.84226309361	
17114	4	24	784.73236180131	
27553	4	38	1225.87898345007	
21786	10	29	946.460599594964	
11111	6	12	421.624659719702	
23789	5	4	190.084333731832	
23371	4	6	256.71145797554	
22713	7	34	1090.26595658169	
9756	10	12	444.039218967799	
8311	5	6	239.631624072619	
23559	9	28	909.399898214918	
16641	7	49	1552.92871897711	
23311	7	28	908.223096406191	
14906	3	26	863.561983249878	
8479	7	12	430.625183708326	
22528	6	23	755.740758830561	
14310	3	9	332.68018406475	
13823	10	43	1379.43757840406	
27846	4	19	642.852534951108	
11395	3	34	1110.70523619219	
13808	7	36	1174.01222764236	
9101	5	50	1582.32521905672	
16247	5	18	617.599706751108	
14336	2	18	607.308100856518	
23065	7	11	384.95430297449	
14482	3	22	728.178115379148	
20845	8	46	1466.05265879354	
13843	2	19	645.871515053265	
26313	1	45	1443.60682871361	
21579	3	16	538.866423246854	
16252	7	6	233.14190227219	
15133	4	14	499.260062398044	
23652	6	15	535.414253648098	
24242	2	3	164.041291328166	
28456	6	28	902.256109948389	
17757	5	48	1536.18788481512	
18389	1	11	384.075688861346	
18299	10	39	1242.26195911051	
27427	8	30	977.027323142172	
8008	7	41	1296.93463505103	
9525	5	43	1382.38126502483	
29746	3	46	1460.20594825046	
11352	9	4	180.073767537285	
15707	9	19	630.525117921888	
29115	9	26	852.494796315438	
27110	6	20	675.560301856864	
11108	7	16	556.041115781311	
23436	5	22	747.339255300974	
22577	3	3	151.292291391311	
24730	4	37	1201.085193791	
21644	2	35	1130.80365311857	
20047	5	12	442.606393416695	
14487	8	13	457.208626855728	
18567	2	41	1319.27396664362	
23303	2	27	871.068559880866	
9694	6	29	958.51704403689	
12559	5	6	247.132655050202	
15516	6	21	698.570882593547	
8222	4	19	641.506296620474	
10581	9	40	1293.44654434055	
24449	8	9	324.031674938291	
13410	7	38	1210.83994292228	
25199	9	39	1246.65912786809	
28878	7	47	1505.17279572094	
14145	7	1	86.4897218004287	
26573	5	14	490.139835816873	
16638	10	34	1097.51446532901	
12124	6	25	824.181805078025	
11406	8	49	1561.30587330149	
10204	1	14	494.437298893201	
14972	6	13	451.665069969215	
9930	1	21	690.418224954241	
9154	6	14	482.410255261888	
15973	4	29	945.917899900078	
16238	9	42	1328.32397116736	
13017	5	41	1313.80627939189	
9022	6	47	1482.25145151944	
18564	2	50	1587.07458882922	
18482	2	42	1354.81330454108	
14399	5	41	1309.39400111763	
19115	4	6	252.136999597837	
19228	2	24	798.713403492567	
20093	7	17	574.579223661953	
29443	1	8	322.521634922606	
22386	5	31	1008.06277012828	
24721	8	44	1390.5355088555	
9349	2	2	122.051435542317	
18555	5	25	816.140287004477	
13326	10	27	892.9727314473	
13650	9	49	1543.7390659115	
15355	3	43	1369.05522976492	
28860	4	40	1285.5048062678	
17110	8	20	680.755662490034	
28749	7	40	1283.58077880162	
16012	10	33	1052.90296011274	
15763	1	6	251.541322102557	
17807	3	8	293.546820382377	
28247	10	7	274.900971816341	
23337	4	18	624.035396121459	
8201	9	12	442.354960498565	
24426	6	37	1178.04583652785	
22421	5	42	1331.85931070329	
17942	3	24	786.033381999486	
11479	10	39	1256.85499249811	
19481	3	25	829.420123821786	
21063	10	15	520.385428164334	
15821	5	49	1560.19613815481	
16468	10	34	1111.29072695565	
16870	8	50	1590.94999547626	
21526	3	36	1157.26228048897	
24119	3	33	1076.26559251745	
8093	5	6	260.058066220981	
10730	3	29	943.757578052467	
21885	7	29	932.112295502849	
23824	6	35	1121.30954474272	
17133	3	35	1125.31827144572	
13278	3	21	716.260719260322	
23065	7	31	1004.13749294548	
19241	9	17	577.110025592665	
23244	6	8	295.954212944933	
8092	9	13	448.088400274556	
28673	4	10	361.374178324535	
11872	4	48	1531.20907363072	
29443	1	1	97.5668073899889	
17535	9	22	725.382069128278	
29125	9	23	766.160263701417	
29335	4	1	89.6625624642067	
26652	2	24	798.829476460269	
27925	1	47	1493.01493978734	
25357	7	36	1156.7826490648	
17581	10	34	1100.25945900952	
21120	9	40	1287.35047970309	
8013	1	32	1043.03919270776	
20013	3	31	992.458344042515	
25522	9	5	211.348164589772	
8468	4	15	520.27768889455	
25479	1	1	92.680021493081	
26564	7	28	917.724231163843	
14394	2	34	1093.10151110082	
21637	1	17	567.677341963946	
28909	10	45	1430.33937070069	
16973	10	18	610.760708586667	
23538	2	25	825.190291528213	
18479	3	42	1335.71045095833	
24102	10	16	547.473473394044	
19021	3	37	1188.99716354394	
24232	1	12	421.747228215331	
27280	4	42	1348.64336698719	
14056	9	6	242.271234058901	
28181	9	48	1527.58468866701	
8885	10	35	1135.28060284223	
9928	10	27	889.409327436895	
26999	7	41	1297.79094622368	
16069	9	11	408.081183176525	
21237	1	50	1594.26656022401	
29703	5	27	896.671658203319	
26558	6	44	1400.65023707256	
16711	8	23	768.466574609497	
15058	2	18	611.472923369833	
11950	5	3	143.259860120369	
27846	4	15	510.722865700127	
10479	3	26	841.366661694537	
13390	6	38	1218.27578716831	
23449	4	15	514.167346411463	
24278	1	2	137.00282147946	
28147	8	44	1388.91511281436	
14335	3	25	817.018873513219	
24196	1	49	1551.29923400995	
27772	5	24	800.764130913077	
24903	7	20	681.031855848167	
15675	2	34	1112.63824995264	
22804	4	44	1398.53648809648	
20237	10	48	1511.03598184466	
25758	9	1	89.4326836287196	
21245	9	13	465.614842244245	
19158	5	45	1437.32769168789	
22687	3	35	1136.18388679632	
9771	8	7	275.498622672399	
18233	9	36	1150.09333399594	
12361	2	35	1136.38490558434	
12952	6	12	424.413035486086	
17881	6	9	341.019195477021	
15519	5	19	636.558242401368	
22883	5	49	1565.43025112032	
22520	2	1	101.502046222567	
9301	5	7	290.85013157262	
27877	9	50	1589.55953347942	
27441	7	21	714.958009531236	
21873	9	31	998.191783818506	
19572	3	28	914.676506386454	
8148	10	22	719.627451821988	
24641	1	28	924.213446883584	
21681	10	11	386.25130779401	
8045	2	32	1029.84165098045	
24140	10	2	136.954476263819	
16934	7	20	668.972709006151	
29021	5	31	992.484921418356	
9621	9	11	391.02294511675	
17604	2	40	1278.70762947887	
14853	5	23	758.558360579684	
20765	3	13	451.978290030723	
29510	10	13	470.447994205378	
17888	4	19	627.879236074108	
17052	7	36	1161.23937821073	
28564	5	14	494.946438714371	
25678	9	42	1336.74411474575	
26862	3	30	978.373345592233	
8999	7	40	1288.35826259496	
10997	4	49	1542.46634093228	
14392	2	6	236.93886853612	
26749	4	43	1360.487771407	
23380	2	38	1205.15161440016	
26756	10	38	1218.37324061355	
22775	8	33	1075.0880177855	
19021	3	41	1318.84682463428	
19012	3	6	249.703670223106	
11598	3	7	284.808419293169	
15026	6	39	1252.84553604799	
27661	3	14	492.665300188896	
22831	2	45	1446.15268990684	
13107	2	44	1399.35557933494	
24962	1	4	182.060863981983	
28304	5	19	633.107450191447	
23019	6	47	1486.08762452662	
20707	7	49	1561.40440402618	
26717	4	7	268.424803069059	
8132	4	34	1092.28518030247	
8074	7	16	561.194330864211	
8402	8	49	1552.4782073649	
9572	4	44	1396.64213323809	
20028	2	15	524.842770269533	
29998	6	25	825.160941679571	
20188	8	17	596.790993193533	
28244	7	13	471.534973416261	
24224	6	23	764.406615553613	
18765	3	49	1553.96504128071	
28503	1	41	1313.13995940291	
23672	1	33	1075.31886419063	
14939	10	36	1150.48381240595	
15816	5	10	364.757931476812	
22586	4	28	912.476785980387	
21303	6	10	381.201270884462	
10914	7	23	772.491668598955	
20122	10	26	841.252915282386	
22577	3	36	1154.18873497946	
17091	8	35	1114.47583742183	
27722	10	41	1305.84020627003	
26748	3	28	911.163290008513	
20377	2	41	1310.99482634617	
24860	1	47	1487.25080604071	
22729	6	13	464.164289712982	
20863	3	42	1339.63938537037	
13608	1	47	1498.35764492785	
18299	10	45	1432.55493957203	
26991	4	29	959.202781244741	
22611	7	9	349.91742604874	
17657	5	45	1437.34054401393	
27405	6	22	741.791611547485	
20842	1	37	1199.83497418456	
19174	10	8	306.521635645312	
26181	1	9	324.458934443285	
22159	7	14	497.179014728022	
26846	10	42	1335.88005523006	
14721	9	5	225.824207694188	
25464	2	41	1312.09609826659	
8207	8	18	615.326829727426	
23967	10	21	688.36062120663	
10138	8	25	826.838267197292	
27480	1	11	390.681402231884	
9578	1	43	1364.88178335358	
22568	9	16	536.563710820192	
22119	10	24	809.489555102535	
8057	10	4	182.361723642033	
23065	7	5	207.907368712084	
25316	9	18	613.675903926453	
19743	2	34	1098.15430845048	
8703	2	31	1009.56919538303	
29958	8	44	1391.85453490906	
16655	7	11	411.898889547167	
22220	4	15	526.928566604354	
20257	7	16	562.584596799027	
17648	8	6	261.121890293957	
26900	10	26	850.199504518043	
23756	10	3	145.227401324188	
25997	7	31	1012.47784352511	
16642	5	24	785.203384899163	
25637	1	28	926.803296751717	
26184	7	23	764.236053621506	
21986	4	34	1112.33219217152	
29916	8	14	494.489189504874	
21388	5	4	196.624497266777	
17311	7	19	651.348347855428	
18139	3	46	1475.48389000608	
29250	4	28	923.962176760641	
15888	6	2	120.298997033527	
22804	4	14	495.297771252365	
9988	7	19	645.321215654407	
10539	1	18	626.667460904767	
23677	7	35	1129.1568170158	
26840	4	18	618.861905252031	
11183	3	15	506.115216215195	
23396	8	16	559.00193907274	
16001	6	18	600.481887776629	
10010	1	49	1546.11304299259	
19596	1	32	1030.68709522052	
17859	3	39	1254.67473461045	
12362	2	39	1237.27766172834	
17098	7	43	1370.45027621577	
26286	6	27	898.879035645574	
22894	6	46	1461.04847279426	
29823	7	29	940.348230665712	
26068	2	2	125.486009104869	
25641	2	11	409.892722000318	
27957	2	23	752.906407580202	
27039	8	42	1343.93703884628	
17286	7	3	143.337044149329	
28280	7	39	1246.97951020998	
24301	3	40	1270.65265390587	
16735	4	25	813.346364169077	
14891	7	18	606.892713367423	
19415	5	40	1288.52353297571	
11340	6	48	1524.12456758512	
11579	10	41	1314.50607502577	
27090	2	47	1496.19221272701	
10904	9	39	1248.2572860868	
13703	1	47	1485.21536296476	
17766	6	29	934.005665096457	
28565	4	26	858.399546881392	
17909	10	3	167.608371678557	
9181	10	4	198.378132674088	
26090	1	15	532.833092796073	
28942	4	13	462.90173447826	
8974	5	9	342.697717893262	
22140	10	44	1393.03698429514	
23361	8	1	100.813350389159	
8198	7	1	83.5826577262872	
15488	2	39	1260.64000251733	
19358	2	28	904.086461525451	
17559	7	21	714.540306103667	
16103	9	43	1357.80310891466	
14582	9	36	1147.92572317083	
20618	9	36	1156.35302053595	
21744	1	46	1465.35701797593	
28491	9	39	1251.28371937726	
29585	1	36	1154.14095883916	
13605	1	3	151.138488161908	
29057	10	8	321.45562585511	
18497	3	24	802.577482425877	
13810	4	37	1180.02513791436	
23152	6	50	1576.9619528842	
24788	7	26	848.318261042385	
26451	8	30	974.66856174854	
23474	5	44	1413.32109673569	
19831	2	18	602.264103648376	
16647	10	28	930.338372276322	
10070	1	17	581.990648630071	
29029	7	26	844.495864046968	
18803	4	21	704.289675049619	
9501	10	10	377.855756905794	
14969	9	36	1145.47173225576	
19964	10	11	400.66906951399	
24423	1	13	458.878114846944	
11224	6	40	1282.84190453721	
15497	7	24	780.500902971486	
9486	3	31	1008.21537999819	
23933	8	16	557.446496187452	
20184	3	43	1382.78829121161	
8280	8	18	616.855737705182	
21120	9	22	732.093057191043	
16768	8	42	1340.35438112	
11107	2	14	482.697041632001	
17386	1	12	422.893048684529	
17332	3	19	636.1123478022	
14528	3	33	1055.54325525441	
16090	9	33	1058.9669901966	
22081	10	5	212.170512439762	
19605	10	2	138.767549609192	
20561	8	3	143.222355648513	
24052	8	12	422.051253887849	
27640	9	37	1177.11879792489	
24707	7	39	1243.75973710965	
18408	6	5	211.42818267058	
15104	6	40	1278.37440896704	
26267	7	4	190.646418794359	
24665	10	29	950.059871631702	
13024	9	36	1158.16453104753	
21013	6	19	649.58063774257	
8560	8	42	1340.43361424489	
14769	4	16	542.698612018814	
12772	10	35	1118.82270175909	
22657	6	25	839.086793679319	
15611	7	19	636.350327467709	
28814	8	18	606.230704619657	
28521	5	36	1169.06857384791	
29499	10	32	1037.13403940067	
8074	7	23	769.047608323883	
25563	7	46	1473.51111599873	
28497	4	23	764.856115004446	
20755	10	8	323.06833937907	
12541	6	20	676.69446265171	
22061	4	10	368.350196950301	
25645	4	41	1304.59988814993	
27643	1	3	150.484425234834	
8573	1	45	1439.67075679436	
27722	10	36	1174.2649112522	
14912	2	14	505.425212357857	
9709	7	12	418.556213946341	
23543	10	12	437.777841481277	
9930	1	35	1143.29711345178	
29509	8	24	798.16785983656	
12272	6	15	523.223099020879	
19353	2	24	781.273508398455	
13582	10	10	362.23842116177	
14205	4	24	800.736958980903	
24585	10	47	1501.7119951461	
11811	8	7	269.24088684341	
27194	1	24	780.503705879908	
27559	8	36	1172.19548574285	
18388	5	45	1430.44103133978	
12881	2	46	1450.05084895066	
24524	4	47	1507.86585844488	
25905	10	2	122.354676966721	
17030	4	3	154.157125686368	
19630	1	38	1213.27035543195	
11204	7	17	581.267587440679	
23972	5	45	1446.34671416429	
23122	2	44	1416.66234406487	
27380	3	33	1067.04377395429	
9827	3	1	98.4092158537401	
9363	6	10	369.919381872713	
11804	8	9	338.659396441029	
14725	9	30	973.911434604745	
20909	9	45	1420.15401626944	
24752	1	42	1345.35679123614	
21854	6	27	888.76860097459	
16621	5	48	1539.15984895973	
9241	6	3	140.943757435746	
17595	3	45	1438.70365217268	
10226	9	18	616.381507542162	
20568	2	15	524.634659273846	
18138	6	25	819.608317101192	
10387	3	7	291.802796261293	
20607	4	7	277.136500793107	
10271	1	42	1344.53075218225	
17419	9	20	675.599602738209	
22159	7	2	137.813285280863	
13859	6	10	354.111906305939	
9462	5	44	1405.49374563875	
16431	4	40	1267.35657870181	
18091	9	26	847.893152557264	
28564	5	50	1588.54390244398	
25575	10	10	381.31563025588	
10155	8	29	934.415083664663	
27582	9	13	473.017490428415	
21347	2	23	768.828604206829	
18104	3	9	325.99551998358	
24215	5	38	1230.44276246356	
9249	1	16	537.214069802879	
16457	7	29	938.40316935368	
29559	5	42	1327.91819708791	
26408	3	21	688.762868292985	
15601	8	29	951.512439992052	
23750	7	12	419.368625627537	
23452	5	26	853.377731579066	
28385	5	16	539.508463395531	
16234	6	36	1149.31166441613	
11997	1	29	961.119492129013	
25522	9	18	616.881629925632	
22931	10	48	1511.96835800631	
16800	8	49	1562.55214618638	
24092	7	5	208.297129407663	
18426	9	29	941.800053707231	
17717	8	19	635.813978200692	
29186	4	30	985.806372065938	
15687	3	21	710.442531849464	
17647	7	41	1296.06306218359	
17648	8	45	1445.21817617361	
11070	7	11	409.626373504115	
28520	7	18	617.670752693746	
16397	5	15	523.454302159815	
9582	1	36	1172.23480785835	
19532	7	1	91.1685984261188	
25513	1	44	1399.68719525248	
29726	3	26	850.516063296476	
21753	8	10	381.375479428738	
22980	1	49	1557.34376618515	
29324	5	2	119.496350940082	
21718	1	32	1027.13652584103	
24829	2	19	656.52818702931	
13706	1	19	642.77308099101	
11599	3	11	388.717086496166	
14891	7	37	1203.72968763287	
18296	10	17	580.300482818997	
21443	9	27	888.463310454256	
27448	3	45	1435.87179098086	
13934	2	46	1468.09587710914	
27430	3	46	1472.43417063376	
21179	5	32	1023.75876921404	
26735	9	27	885.022288786723	
19499	1	35	1126.28793832207	
28472	1	23	776.693793151851	
27195	6	42	1337.23027638031	
16100	10	47	1493.52538763244	
10745	9	41	1304.80443251543	
10015	6	22	719.5960231496	
25520	10	22	726.743848736744	
8365	1	42	1345.50165205519	
26405	4	49	1548.60871159872	
22810	3	43	1362.57495857895	
27091	7	33	1072.76554202324	
22061	4	14	480.777343809967	
12579	9	28	900.816388959445	
19113	5	48	1519.54331710913	
25378	8	14	494.948867193865	
15056	6	6	235.683389229553	
22628	7	20	677.594269866866	
23520	3	36	1151.82524473957	
19999	5	36	1168.85256233106	
28752	10	16	552.002252150328	
8048	8	17	582.164697210381	
26062	9	34	1109.81531347605	
29769	7	48	1533.98296628798	
22642	8	49	1560.35344289632	
24496	4	29	949.195277015304	
20049	7	39	1253.83505969021	
15133	4	18	604.567441774796	
28173	5	12	441.499570888234	
26372	4	42	1347.35066774644	
20975	1	36	1149.93458108508	
11248	2	26	842.346654740324	
27276	10	45	1423.62889154983	
8068	9	14	501.459406959573	
26634	5	35	1124.60408471739	
21635	5	34	1091.38281437167	
25423	4	42	1346.76050900796	
10822	3	45	1435.00453147805	
22921	10	4	197.643210793679	
17130	6	4	174.882762737052	
8209	7	5	210.920040146876	
9058	1	39	1254.63163069199	
16082	7	7	291.842114129961	
25291	10	3	170.887639341358	
23971	2	39	1264.56156726208	
9324	7	37	1183.76264500607	
19935	2	6	241.995737181043	
13689	5	34	1087.90069753672	
11092	8	40	1284.18637052373	
21948	6	3	165.351615625132	
8332	5	22	732.779921224704	
20275	9	25	838.277521113994	
18727	3	11	396.27063236957	
16029	5	10	383.581608302696	
23065	7	16	551.756517063713	
11926	2	10	382.857591576342	
23374	10	1	96.4726248460229	
18188	3	26	842.710826863866	
9337	4	43	1376.87683348399	
22309	8	18	624.330110617136	
25383	8	2	130.969372825217	
11642	1	4	195.028581374804	
19975	10	10	365.24427784851	
28755	1	50	1598.15098430875	
28200	5	14	478.674130513647	
10730	3	18	600.228303838628	
27058	3	39	1249.13665047341	
29807	1	50	1579.31793685039	
26294	5	43	1376.21230424205	
15158	9	15	508.160502737463	
18455	4	22	748.188358185901	
21948	6	11	400.678857751507	
23664	3	16	559.951059073187	
17556	10	33	1056.94248200252	
14860	2	32	1037.93252218418	
9194	9	27	897.370621458334	
22809	6	10	370.32258308042	
13462	3	31	1018.92767413469	
22207	1	9	349.421399025908	
25993	3	13	456.590797890253	
19538	3	24	787.199539834261	
14128	10	6	245.934362153492	
28770	1	28	920.381071251063	
19760	3	10	356.147955263102	
17633	6	21	694.570746521731	
18190	8	11	391.657059971083	
19635	5	15	526.076022370754	
16504	2	35	1120.04728324714	
13385	5	49	1549.70288989586	
26900	10	25	821.746493141049	
19720	5	33	1074.91018952565	
29217	9	17	584.049682144099	
9259	6	2	138.127697994061	
16288	3	36	1173.31310017654	
17766	6	2	123.913389911835	
10934	9	1	95.8914587720723	
8615	10	30	969.387352843484	
15656	2	8	293.691129821209	
25521	8	40	1292.21350882771	
26170	10	22	744.333263423449	
28343	6	48	1534.62599453266	
17607	7	7	262.677800330649	
23447	7	41	1311.68839329467	
15508	1	26	856.025867786271	
19887	5	31	1017.16325743923	
22606	2	11	412.101063473197	
22965	4	10	358.326462040807	
11743	5	29	939.328150367051	
27969	1	29	945.649086118512	
22608	3	39	1254.38589560538	
11512	3	1	92.5350084959227	
27354	4	20	677.544950711329	
12753	4	17	573.289427837957	
25741	5	31	1000.28603559373	
16750	6	45	1437.13057078287	
9055	4	47	1485.03501067172	
26771	2	27	874.647510123741	
15380	9	1	89.0963225854078	
28924	8	30	983.580237787021	
12348	1	3	167.017070542563	
9953	5	3	154.152281467874	
9176	10	5	209.089367226273	
23779	10	1	109.615046954535	
8201	9	19	634.465811101005	
16327	5	32	1033.25031321181	
24655	2	6	244.138676041802	
29257	5	9	342.551159757446	
21154	3	30	986.637958896643	
25174	8	31	1013.02909209068	
18002	5	31	1022.04106341211	
26213	1	48	1527.98326861485	
16469	5	3	156.631453259211	
8510	2	42	1326.71416530698	
18491	9	38	1205.08813560246	
8778	6	15	521.964803357592	
20969	1	18	604.521739503612	
29619	1	15	534.245968858826	
24952	6	3	144.355203464793	
16812	1	29	938.984697823871	
18567	2	10	362.469683048534	
23261	2	2	113.330597930276	
23963	9	37	1186.7478720037	
13452	3	6	254.398197128623	
17634	3	10	375.316994290481	
15331	5	24	809.211484645126	
16910	6	14	477.365238814319	
26673	9	1	90.7602543061414	
23784	3	22	737.841662400328	
23962	1	42	1336.18252939367	
27113	9	6	238.87837924011	
10577	1	25	821.243948648332	
17106	9	29	960.291030258076	
29670	2	28	910.110892034187	
29721	7	38	1205.19643828515	
14184	2	20	670.180981955575	
29007	3	44	1405.53662730639	
19614	1	6	233.062753376115	
28584	1	23	757.222582193661	
24136	4	45	1422.77555457446	
18313	6	26	853.024581397429	
25516	4	3	149.549903715751	
17159	8	30	971.688503144164	
10862	9	48	1526.29905827637	
12136	2	48	1523.6080227064	
23742	10	42	1326.40262699053	
13729	5	48	1535.90355523671	
27427	8	29	950.830785404346	
13652	8	30	968.201292235498	
10517	4	16	558.32123223614	
26062	9	28	912.608831279263	
15442	3	32	1030.7890418129	
27742	2	25	810.292306658948	
21538	1	23	750.111624761537	
11402	4	21	701.110554738487	
29024	4	2	133.686472612287	
17152	5	17	567.404409464171	
12905	4	49	1554.69117009765	
21105	2	42	1334.29805266405	
29465	2	45	1425.25432645588	
25638	6	19	635.885074397495	
27582	9	6	233.37842173566	
16751	7	37	1204.70949735712	
16677	5	39	1250.45542950297	
18336	5	26	854.150712850574	
10056	3	7	280.79711476378	
13337	1	19	647.692238356775	
9962	5	26	846.520561225023	
22747	10	4	201.517727021835	
11405	1	18	614.907153646884	
12094	6	21	716.428176051205	
25132	4	13	451.458986127497	
8510	2	43	1377.02338666517	
26243	2	8	321.579648890337	
11122	3	3	165.960116426442	
22271	7	8	292.919779332783	
10819	8	22	741.642094786112	
15664	10	39	1260.44881372733	
18911	2	9	330.790174422222	
18377	7	19	648.914367299953	
14489	3	27	873.307929408414	
13008	1	35	1126.53445340997	
9265	5	22	722.558962070643	
26731	9	6	259.520430164188	
17881	6	14	503.573698114405	
9669	3	24	808.089337427211	
15293	6	1	90.9516419893837	
26168	3	7	290.179405496539	
15291	2	7	289.0003372957	
26840	4	36	1151.50996567286	
28753	4	4	182.776572491404	
26427	1	46	1450.84545720874	
17201	3	14	498.764700712061	
17794	1	29	931.968255737782	
27214	3	26	866.89048017696	
29314	2	21	699.646159661769	
27569	9	16	544.840406358633	
23071	9	41	1321.23307364119	
24799	1	23	752.148345425794	
10897	7	41	1322.81090794262	
14542	4	23	758.710388633753	
29140	2	23	769.382994011688	
20848	4	25	829.313058382512	
27661	3	12	433.294138588614	
20106	2	45	1441.89305618493	
25208	7	16	541.149845151766	
15156	5	39	1253.76565514773	
27702	8	17	568.712657768611	
13290	8	20	664.151508335095	
23636	7	14	488.190775405704	
9731	4	31	992.044377826175	
15546	10	28	906.955595736837	
19572	3	41	1303.90099567543	
25116	10	23	765.383685364101	
29962	4	19	631.946397047465	
20663	1	34	1109.35062098752	
24091	6	34	1110.81945966502	
27612	5	32	1025.18906719293	
13971	8	25	826.88173138857	
12437	10	2	126.061375423363	
21692	9	7	269.845472774396	
25855	8	12	437.512832860236	
27588	4	19	637.520223929323	
21028	4	19	650.007761348974	
14637	5	15	512.13058115548	
24705	4	26	865.582718842468	
8258	7	49	1552.69428541544	
18038	9	15	525.055130927384	
13659	1	33	1054.68916871338	
25172	8	33	1066.31395676467	
23875	10	42	1348.07937297415	
22992	10	31	1020.40902114492	
22138	5	17	588.30046830154	
27110	6	18	607.979266479602	
18307	3	47	1490.2039786662	
27735	7	4	183.924935396726	
22904	7	10	377.221395027461	
23064	2	10	369.26482348203	
28894	6	12	417.627373979253	
8768	6	49	1562.42385296264	
15683	2	36	1154.32368227948	
11764	1	35	1122.23898422077	
10951	1	38	1226.02789716144	
24001	8	44	1400.80956189	
20448	1	6	239.465587846686	
26986	10	27	875.820976754567	
22606	2	5	226.944461533308	
23912	9	42	1333.38101534796	
16781	1	10	380.021858690317	
16037	6	43	1357.53985918944	
11811	8	37	1188.82669999675	
8812	2	35	1119.6513391657	
17660	1	17	574.351342252619	
14591	3	21	706.086970002431	
27896	3	35	1132.96543516822	
21012	6	11	401.197555773518	
20568	2	5	211.862770082365	
26427	1	6	259.305297033538	
11429	6	48	1521.16355743313	
14869	2	19	656.310337342466	
17681	1	17	588.45555973633	
17022	10	24	808.71052422035	
12236	2	35	1114.02348905523	
28245	4	37	1197.83755157042	
12258	7	22	740.111402431555	
19353	2	50	1571.63535668125	
25091	7	11	398.655127435296	
19641	9	23	775.921729195827	
20249	9	27	875.179706697902	
22100	3	15	528.021461650739	
25835	3	25	812.129225960061	
29763	1	25	821.554636182987	
25748	7	20	687.561693213676	
29225	6	26	864.457878425931	
24116	9	17	571.737693143886	
25017	1	22	747.606488553624	
21702	10	25	811.484935698791	
27331	4	25	836.710662039328	
27997	7	14	490.542173502288	
18357	5	39	1236.30960440091	
17677	10	22	718.63825730916	
23417	4	8	299.313270067476	
21347	2	5	225.033272237067	
8236	6	41	1297.14930952394	
18942	9	46	1477.48725676792	
20583	5	8	308.428033808446	
9367	3	15	526.057678892304	
16472	6	47	1482.21349829911	
13260	2	33	1075.01383131138	
10690	9	36	1169.00642289268	
23777	2	50	1572.06216531436	
24350	5	4	197.916097993923	
10771	9	13	448.101266048896	
14721	9	43	1361.31703663679	
24224	6	33	1053.96829322631	
29685	10	12	425.613158059126	
25565	4	1	88.2154951655378	
13603	4	1	108.190345591023	
12477	8	22	740.698159458441	
19320	2	7	267.830231165434	
15772	3	16	557.165849319271	
11353	7	32	1051.02273233748	
20922	4	16	538.201308650058	
23680	3	46	1452.00039703958	
28329	4	18	625.410633229376	
22428	4	13	447.272063813765	
24283	3	15	512.089645952028	
23130	9	41	1309.89346382669	
15598	5	5	214.349276858545	
29074	5	13	465.3589466146	
15208	1	37	1189.71262007473	
14133	4	30	975.152108043037	
8050	3	43	1368.76312353125	
8723	4	10	364.853953032221	
12261	3	48	1537.67208003331	
11248	2	10	369.142289668854	
8885	10	20	663.677251983284	
27398	6	44	1416.8741795313	
10896	7	41	1320.3502948025	
22686	9	15	511.683368623109	
13808	7	35	1125.57767778895	
27171	2	15	516.441629136187	
8630	8	41	1300.90789788445	
26501	1	41	1306.17328380522	
26717	4	16	555.959296336379	
15305	3	21	694.213127966138	
14966	2	13	453.453370134092	
23067	5	28	926.244656576889	
10156	2	44	1410.48958519962	
23887	4	5	226.12453508476	
26513	9	22	739.390993388086	
25128	9	24	783.294590107768	
9479	1	4	176.012502580887	
14047	2	8	302.711942336854	
19699	7	23	759.143755081642	
12254	8	40	1267.61552497168	
29409	9	43	1361.11196141742	
28666	5	10	373.032875197489	
19555	2	23	751.738676294563	
26023	9	34	1110.21519295416	
11447	9	44	1396.33838785642	
14703	2	25	816.164215065615	
9958	5	42	1347.86422144056	
15714	7	21	689.654884696777	
20841	4	50	1579.29380281795	
23188	8	20	676.910057271323	
28662	6	12	429.152974462674	
13019	6	3	163.247313016675	
18540	10	45	1423.64495660348	
12803	4	23	764.826003557456	
24929	10	43	1361.93590607584	
11483	10	7	271.341315634242	
16597	10	11	387.840050788522	
29267	2	8	309.014790835332	
24502	1	22	742.252553376487	
12163	10	2	120.724220183084	
11395	3	42	1350.11483445303	
16212	6	25	832.028024844838	
15587	9	30	976.041100703199	
22544	2	48	1531.19750526324	
25853	7	50	1593.81869367967	
25367	4	37	1185.84498937514	
26819	7	47	1499.40387862707	
24420	9	50	1588.22474177378	
29351	5	41	1325.96795322651	
16093	8	14	486.418029966959	
25596	5	27	879.13960546215	
8136	4	36	1146.0511811944	
22076	2	38	1205.71019795058	
18043	3	9	350.056555061627	
16234	6	18	608.030328251436	
22634	9	10	370.644376785794	
8234	9	22	745.135503236733	
26687	2	7	290.135101848345	
15610	1	21	715.344980766692	
29214	3	11	389.413462723332	
9666	9	23	768.577407695622	
18365	7	21	691.253013187672	
19098	10	42	1326.87948098727	
20853	3	47	1479.04923906506	
26187	9	9	345.060153503465	
13784	3	10	370.206057117417	
20558	4	34	1102.59969997341	
26393	2	22	725.663581642166	
22486	4	13	464.188629008917	
22013	6	16	548.049677753844	
25641	2	14	475.454539319246	
8318	6	46	1466.99771174556	
25876	10	36	1160.45938896037	
22892	5	22	718.419534898558	
27097	5	48	1517.50069051865	
28322	2	18	609.08393657258	
17704	9	31	996.99177449429	
29867	3	25	820.541171031325	
20893	1	35	1116.39649927448	
8048	8	7	290.493398481278	
10569	10	28	916.760336438548	
16554	8	43	1359.63947966678	
18349	8	30	963.686931470263	
14966	2	36	1172.875772851	
11479	10	44	1397.77045180917	
12361	2	27	883.101793268277	
8922	6	16	557.537115066097	
29621	6	36	1153.58840154185	
22831	2	6	236.79567530602	
14499	1	33	1071.29152929005	
20343	2	35	1126.20581239751	
26900	10	4	177.704948940177	
13585	6	37	1193.66981006864	
17761	4	12	432.839090653155	
16281	6	29	952.146812487462	
20082	10	22	738.861821265361	
28033	4	34	1105.14854385757	
25073	5	34	1096.99186163814	
14912	2	40	1266.13735175977	
8198	7	41	1303.61263656226	
21255	3	3	163.245289401731	
8825	6	26	853.740296984902	
29219	4	37	1204.03611276487	
23040	8	26	857.91827547267	
19041	8	1	90.9634906477125	
19014	7	31	1012.1418937166	
25660	4	50	1585.59179223403	
22048	3	17	567.29066305202	
22748	8	12	432.555864542982	
23937	2	50	1598.94639167886	
28098	9	30	973.652602291504	
11517	1	48	1524.59433220541	
26360	3	23	773.738602573862	
15708	9	14	504.851582285413	
21059	1	33	1072.65312628478	
27387	10	31	1008.93792802884	
24615	10	42	1327.56608171741	
23228	2	6	234.00370813627	
28337	2	3	161.278787255883	
8045	2	33	1061.95836023519	
18188	3	44	1412.66894205132	
26532	3	49	1549.01129843155	
15519	5	17	568.867906336145	
22726	2	31	992.897099718869	
17778	1	31	1021.84386535634	
14390	8	10	377.749590379069	
25628	7	9	353.327901676916	
8068	9	24	807.620298307212	
11548	9	43	1366.2727224111	
16797	2	26	858.638869253285	
27044	4	34	1103.93539271501	
11654	7	47	1499.99991285615	
26875	6	36	1154.40381927155	
20765	3	44	1412.78386271223	
16312	9	5	207.248109079547	
23652	6	3	143.020039453646	
22992	10	6	235.603366901913	
26493	10	4	185.768655997593	
19607	1	36	1161.91228220328	
26435	8	13	465.628558092578	
17493	4	27	897.510001034248	
13825	3	50	1590.24645201408	
16975	6	24	801.032536998872	
12508	4	6	237.849283627164	
27280	4	4	177.638926998544	
9367	3	37	1201.6114801921	
26210	7	31	1003.96634636632	
18845	4	23	768.818227783227	
23319	3	29	960.18596436837	
21416	10	49	1543.20888445862	
17215	10	31	1011.29573954795	
23910	6	29	951.144835721303	
14844	5	31	1015.71307438226	
29320	10	7	284.178991524586	
24985	9	47	1490.94369451094	
19677	7	5	214.233990970177	
16494	8	10	364.872390648756	
25080	9	7	291.139013045998	
16875	8	45	1436.07441011633	
26518	5	41	1313.21390026864	
24887	2	22	738.81399203968	
25116	10	26	857.971493926817	
20858	3	24	801.017940640923	
26124	1	36	1173.9169952897	
27162	9	17	575.010998963849	
10417	2	33	1073.65268943536	
15318	10	13	450.190512933857	
28432	1	29	960.954739861635	
20489	4	10	377.603473205866	
18344	3	31	1009.63308683114	
8811	8	26	853.334561126928	
25324	5	38	1221.79742571982	
9843	9	20	672.091425932986	
27075	9	40	1295.65022916331	
17655	4	6	244.44835920094	
19755	4	45	1422.42249003724	
12354	7	25	827.978761432683	
23377	5	11	411.018622708981	
17386	1	27	895.258172720325	
19083	5	45	1420.23238516423	
29893	7	30	973.783244012754	
16904	6	37	1184.50967389369	
11395	3	45	1447.43433393884	
12648	7	45	1423.06383795248	
20952	10	45	1447.34312970533	
21642	6	6	232.790556993704	
25597	2	16	564.286838473886	
23128	6	29	950.224827746966	
20853	3	48	1521.84016820129	
29518	6	50	1593.01411810937	
27620	1	43	1378.14764880489	
27448	3	49	1544.46435385592	
14454	8	9	349.694245881259	
28179	5	46	1448.69838193464	
10398	1	42	1326.8145660529	
11235	3	2	119.53850710743	
26728	4	26	869.228511373153	
10893	4	38	1227.11554170918	
25012	1	39	1262.83828466331	
27938	6	21	703.986237563186	
28104	10	25	831.420967258243	
14337	8	2	123.01160650468	
29130	3	13	471.21475457736	
17800	5	49	1550.55287753723	
22989	7	23	769.874323331692	
27152	1	44	1389.49831382814	
25115	9	10	359.053409788317	
27280	4	41	1320.06284521896	
27149	2	2	119.730632323646	
28942	4	3	148.521204473694	
13599	10	30	986.255229537494	
18529	2	49	1553.85376793978	
20523	1	31	995.880840325673	
21652	1	1	95.8420249520997	
14292	3	12	419.430656255889	
22433	1	36	1154.30431814599	
22077	7	31	1010.53715998798	
16072	1	30	977.954102688448	
28575	9	42	1326.57386558436	
17630	7	12	422.220441970146	
23618	9	17	589.365850961472	
12125	7	34	1099.96568518689	
15242	6	32	1039.11457166034	
21179	5	11	384.589355096495	
18659	1	38	1231.48543802625	
9311	3	28	908.870207271013	
10569	10	29	952.103179838556	
23968	6	25	823.393043998346	
29202	6	49	1568.83566311041	
13351	7	5	204.909852093509	
12294	6	19	633.19397866409	
8632	3	37	1200.86321972351	
10487	4	22	748.180338045666	
29916	8	7	271.271935157139	
22295	3	20	668.811417905992	
21948	6	28	930.771637508074	
13930	6	24	793.294919316329	
23010	5	47	1496.88145640161	
10374	1	22	733.189514620783	
12826	7	2	137.844815877194	
12499	5	46	1473.73714720539	
24069	3	26	844.22399325493	
27159	9	28	910.494195423319	
9537	3	46	1453.3189637276	
23963	9	20	686.758888571877	
17634	3	45	1424.29388086511	
18269	9	19	628.583513530243	
12874	10	9	333.852220929159	
16942	4	34	1109.26772567875	
17239	5	6	252.510247906908	
16952	9	21	709.001347119455	
14542	4	47	1491.27440868471	
23229	9	47	1500.54167612481	
21589	2	28	920.61784269317	
8404	5	4	194.620386601715	
21559	10	42	1331.45528207135	
28521	5	20	683.897034844336	
22381	1	3	166.625399480865	
29559	5	11	399.067439510984	
13260	2	46	1461.00411606068	
22774	9	15	517.395133989581	
21470	6	35	1135.66036578997	
9175	9	42	1351.22718210855	
19880	3	48	1514.82078023014	
23756	10	35	1115.3272258096	
19115	4	43	1385.39200981399	
10280	1	27	885.673429894109	
27091	7	24	804.608905168534	
12337	1	32	1027.03060704611	
22765	8	34	1088.65901874782	
29093	10	12	441.009398829662	
27969	1	35	1113.65570358637	
16698	8	9	324.764588067664	
13822	5	40	1268.72904970717	
24158	5	16	548.483294764759	
23337	4	42	1345.14185770654	
16288	3	7	269.471489763573	
11557	4	37	1185.79560793275	
14503	9	41	1297.83046652462	
20188	8	44	1407.19155716113	
29962	4	10	360.28669374077	
15125	2	21	698.250958909397	
23885	9	41	1314.12531831959	
23689	5	44	1396.3254152035	
17339	3	34	1095.90850497405	
23974	2	22	741.919569979384	
19214	3	41	1300.3215435987	
14263	8	45	1427.5624953525	
21906	4	3	156.651548555424	
15599	3	29	937.35613583464	
19800	8	9	326.874602663738	
29907	6	21	706.669519835463	
17520	2	37	1177.81401689063	
25018	2	27	872.185398560104	
28842	8	38	1220.44968188761	
18850	4	12	418.076781415416	
10174	4	34	1092.99681114638	
17133	3	31	995.673415193182	
20870	8	12	417.991737917993	
28998	10	28	901.36687875789	
16138	10	18	618.620450971006	
21526	3	45	1423.97460836171	
13645	4	28	906.821613883051	
29134	3	1	100.608706930936	
18845	4	44	1411.50084907725	
25024	6	37	1195.34564353309	
20486	8	39	1246.50982061704	
20727	8	8	311.812626417639	
29765	6	13	452.134547928411	
10117	10	13	449.478528895173	
21240	10	35	1141.98379230778	
14807	1	34	1098.10142691159	
25757	8	13	468.794932956246	
22362	7	17	591.875882349851	
26786	5	37	1180.71742231991	
17203	5	45	1419.14417508018	
26177	7	45	1421.53504747038	
16781	1	49	1554.90176690505	
19142	5	14	498.912275256083	
24388	4	13	453.407655830219	
18727	3	3	165.070466215289	
16053	4	33	1058.11093454161	
11616	5	22	727.95735661311	
12390	2	3	169.674471211468	
11646	5	26	841.784416084077	
19214	3	42	1334.3398789942	
11978	6	48	1535.84168669574	
14912	2	32	1052.57918950756	
24371	3	2	128.279367819559	
17312	3	5	210.406513349342	
25098	2	9	332.145046560161	
19642	7	27	873.79807457039	
10672	3	26	847.803870014755	
14916	2	14	476.463587766729	
24769	9	26	868.571106190128	
26693	10	16	536.31208537906	
13794	3	44	1391.42934502635	
28659	1	40	1293.51661138866	
29291	2	50	1584.82456612625	
28223	8	47	1500.56286144097	
22486	4	34	1095.40974936234	
10612	7	33	1068.50891718106	
18308	9	33	1055.42794742409	
11512	3	41	1307.17301966025	
12010	6	44	1395.37234352686	
21209	7	25	828.77317575215	
19729	10	8	317.874586879217	
12735	10	20	665.938134540775	
23607	3	40	1291.46797624019	
13940	10	44	1401.30550680743	
9171	8	17	596.541733945041	
20756	1	35	1138.09504424133	
27292	6	17	576.7611399371	
9349	2	49	1564.58408208777	
29081	8	25	816.2964125426	
29721	7	36	1160.50951642939	
23491	10	23	776.0172517486	
29881	1	25	817.147142671583	
20156	9	26	858.824290846858	
8925	1	3	157.160970083047	
25011	2	39	1259.50395683735	
23261	2	7	273.930631109481	
16305	5	7	263.53325859808	
24505	5	8	321.728034579068	
14003	8	4	197.333482335011	
28909	10	9	348.185717737389	
8017	9	9	330.297556896833	
25649	4	50	1592.33134518952	
27924	7	41	1323.30477615972	
25596	5	22	724.40533694085	
25423	4	1	107.714830053837	
18318	10	5	208.018436081716	
20306	4	50	1570.0772007788	
22628	7	18	598.349413815117	
28793	10	29	957.997906467876	
19823	7	21	696.561549034231	
21235	10	1	82.6829871175266	
10155	8	31	1020.78433695286	
22361	7	10	374.302127684607	
15402	4	1	93.011240331927	
17060	5	34	1096.46529211498	
26711	10	29	949.903552154966	
27734	9	43	1361.11121326737	
28197	1	9	326.97386101213	
16968	1	38	1213.8647794043	
18835	8	24	794.05000231883	
26286	6	10	377.036934633291	
27997	7	27	883.219787926981	
25603	7	39	1260.16717522413	
8480	3	41	1308.06158976073	
12526	3	43	1360.29483363046	
12067	1	19	654.282202354764	
13489	3	15	514.692320541801	
17698	8	47	1507.66359604321	
19092	9	8	321.058904603617	
29612	10	28	901.479118252862	
10435	1	27	884.975658582978	
23594	3	25	813.699912845017	
22891	3	37	1189.83953732524	
15905	1	35	1127.18662578947	
12178	9	17	578.475618855318	
28666	5	9	325.5432416897	
21604	1	29	942.633358381052	
22700	1	19	647.062639299344	
15008	6	43	1373.59067675359	
25093	8	13	468.523297863325	
14532	6	36	1168.01784346254	
17650	2	50	1578.41172612198	
16037	6	20	686.586175619898	
25894	3	4	199.734863508369	
29140	2	36	1157.82652931187	
23922	2	42	1355.23291479574	
8230	3	15	522.845014986976	
15965	10	26	845.813050514931	
19635	5	20	660.695677968066	
17004	4	11	389.600404682383	
24836	5	15	512.819417842114	
15280	5	48	1536.55939758595	
11548	9	21	707.863255174767	
21169	7	31	1003.28348001618	
8634	8	50	1571.1487831041	
25855	8	32	1047.07776896985	
27405	6	11	412.164169965388	
16727	7	1	95.2431863989882	
10245	2	30	964.110503310389	
26332	5	33	1053.43262769907	
13808	7	40	1293.32611553992	
13679	2	3	142.413604735589	
17589	2	10	357.2905092115	
9199	5	2	136.518788215015	
9912	10	44	1411.58589045125	
10951	1	26	868.983074272509	
13808	7	45	1430.94479962762	
29005	9	26	847.115501895135	
19182	6	35	1114.53562147661	
28769	1	26	850.922050425281	
15707	9	1	87.2701937739133	
24820	10	24	794.048573968023	
13216	1	16	553.383184258539	
21126	2	25	825.341481540977	
24467	2	38	1226.0321588563	
27643	1	11	398.625208511308	
22361	7	7	276.633612307084	
16818	4	35	1140.43231171576	
22588	10	5	230.235060448868	
28230	1	1	85.0619188347188	
24363	6	5	211.437187367788	
13786	2	40	1268.87927002687	
23450	10	28	926.96791807514	
9064	5	48	1531.45849992123	
10184	6	13	468.659700410748	
26409	3	29	948.416260997027	
14741	2	4	185.83665767025	
11470	3	7	266.556057309059	
24169	3	36	1156.03784268537	
21204	2	35	1131.39784988547	
12999	2	48	1513.37907172431	
16726	8	28	927.390171982064	
23040	8	40	1282.95213598895	
9022	6	11	400.158049054517	
22755	2	23	775.19718232341	
23422	6	34	1105.60423872695	
11917	4	41	1301.12121691048	
23748	4	19	630.067387404883	
10854	3	11	388.148973057116	
9022	6	10	368.843455039358	
15994	4	48	1524.28811516812	
11859	2	40	1275.72951309184	
27896	3	42	1331.27742903832	
25991	6	44	1409.77362754279	
18810	9	10	382.33021090847	
21995	10	41	1318.77084387409	
25648	4	33	1063.17621332741	
24885	6	47	1482.52177363379	
19972	6	43	1377.25132115989	
12922	4	39	1252.52357459279	
26331	7	26	850.444156662768	
18202	1	27	871.731858249629	
14165	3	46	1465.00812595012	
23238	9	29	959.04858447567	
10161	7	28	921.995440331286	
29839	5	1	104.446845513045	
26901	7	25	815.445686660449	
27406	7	12	425.832009290267	
16902	7	40	1267.85908780427	
8429	1	16	543.169629454226	
29157	8	23	763.146416602259	
18360	1	39	1244.38874231856	
15923	1	40	1291.07765920976	
11567	3	50	1583.13777159114	
10904	9	29	937.542978700969	
19433	1	23	759.880021791849	
11899	2	34	1111.09643797907	
22386	5	6	233.225135204021	
23694	4	2	130.144299217567	
21028	4	4	200.427920129349	
19166	3	21	697.503991600826	
19920	5	39	1246.5662249022	
19593	1	25	832.283338658644	
21219	2	46	1461.39160540951	
23585	8	3	160.773803666594	
25196	4	15	535.707674275948	
22596	5	48	1537.60184098855	
28575	9	35	1117.19429053236	
23501	6	38	1229.12828901276	
26901	7	23	749.888856536657	
16692	1	47	1485.24004766962	
8196	7	8	303.31488403646	
9413	3	14	489.304736149174	
8540	5	47	1503.51426809258	
29585	1	10	360.953693222699	
14802	5	22	721.647213474683	
26480	4	33	1062.38204603194	
18304	3	11	403.903551513284	
22349	1	33	1078.16260872323	
17644	2	23	750.750336810365	
25357	7	10	370.158552066497	
12552	5	29	955.289207620215	
16712	1	30	962.208299600616	
13955	10	45	1444.97934360289	
19055	4	38	1205.6970384371	
25458	3	10	359.899372849567	
27457	5	50	1584.65185388208	
10972	10	42	1348.13965744718	
15565	6	16	552.230648841816	
17106	9	38	1222.45018911662	
10612	7	7	287.674405895022	
25517	3	28	909.95107812339	
9105	10	45	1432.37747441622	
18139	3	39	1256.82340103054	
13556	4	19	635.019582991963	
16911	2	37	1203.87793176057	
21323	3	2	119.448519590985	
29612	10	1	83.6165205406102	
29464	2	27	878.274780809076	
29771	8	13	466.287766055338	
19832	5	3	166.845004524498	
21985	10	41	1298.25139612809	
8938	2	24	796.703720277503	
16859	10	18	597.97023126761	
9088	7	20	657.92958178461	
11289	6	16	539.831532565798	
14826	6	25	835.084006169384	
21730	4	44	1387.56339111718	
28705	8	41	1302.18407836844	
26574	10	8	295.895765226286	
29465	2	41	1297.49797575991	
27132	4	24	787.192886465785	
15211	5	23	755.06252648079	
14237	9	30	979.393962407202	
10394	3	45	1430.26936806285	
18807	5	42	1342.21478398061	
13859	6	10	364.357925301584	
17283	3	30	987.303995055754	
26658	8	9	335.694566972412	
9466	5	44	1400.87443081703	
25847	6	16	551.055820393868	
28339	5	7	269.462183541368	
25281	7	19	644.963641690539	
19734	9	1	86.6780998961432	
9014	3	16	542.214450641635	
9171	8	19	655.288969546225	
29118	3	13	470.937409620237	
18988	1	25	832.481335118637	
15093	4	29	948.494685100622	
29551	2	23	757.075761462131	
29423	4	20	682.198693883698	
11351	8	33	1058.76552549133	
11548	9	35	1125.62877070421	
15252	9	21	691.874842667894	
22611	7	20	663.905332285867	
16602	9	20	671.907155938403	
27061	10	6	238.585487342712	
29081	8	12	444.238068333006	
10658	9	26	867.049761818279	
13715	10	22	745.8655058713	
21786	10	35	1124.81536668018	
27960	1	7	277.088462764904	
14646	3	2	125.955579078736	
12933	4	9	336.334883615531	
12851	8	48	1524.95221335671	
12485	5	34	1100.48151942924	
20201	6	6	234.888551642601	
29605	8	15	532.983512009021	
8701	1	45	1426.55403296768	
16129	3	27	892.804799011352	
20057	7	28	919.520006458983	
28113	1	22	732.144524535232	
12474	3	42	1347.9219535682	
22726	2	33	1077.40034999205	
16404	4	48	1515.23194566147	
11127	9	47	1497.38282098313	
8910	5	22	733.287754437554	
11081	1	24	790.02562038136	
11143	5	2	135.755780625975	
22070	2	1	82.6406122383851	
9129	2	3	148.894122945561	
25846	5	1	82.6026710507472	
28424	3	15	519.068706016554	
17635	4	18	625.108316906313	
9709	7	38	1213.69707134259	
28909	10	8	318.732450268572	
11917	4	39	1261.56411576158	
19419	9	3	143.187683812896	
24402	4	11	395.488630121336	
27825	7	25	838.362212124449	
11201	3	37	1183.6292966379	
24540	4	48	1520.11985696858	
26400	1	4	200.254233237474	
8136	4	37	1189.82906110111	
21862	8	10	356.059064136846	
10091	4	10	353.967357628964	
15720	1	5	223.506604462632	
10855	2	11	388.628758075009	
26786	5	3	161.725886539428	
8701	1	32	1041.7329312124	
29840	5	14	500.400417903625	
8157	1	48	1537.95389761122	
25295	5	31	1005.92730215095	
8570	6	2	135.68988608927	
28215	7	45	1437.55575500315	
8443	7	49	1550.05416934847	
25036	10	41	1310.84357192313	
8398	8	2	128.22842071216	
20962	1	23	776.642897006424	
22090	3	23	766.522511302737	
24590	3	48	1538.61940150085	
18661	2	32	1048.55986696135	
16934	7	11	388.482287707032	
19101	3	26	864.409149579894	
14383	3	20	676.971382925739	
13040	2	35	1122.21269562944	
27521	7	43	1358.01975674835	
29962	4	34	1100.84726217242	
9889	6	22	722.637812272942	
22413	10	40	1286.21976308814	
25792	8	45	1438.91740366766	
28015	4	4	171.700867829705	
17897	7	5	217.494881887685	
19900	7	20	668.191820843235	
12527	10	41	1309.17550237345	
22639	3	31	999.400149490405	
11352	9	18	611.890291297757	
17201	3	6	238.092892467088	
18361	4	24	801.341285855203	
10887	8	39	1241.26458803251	
29169	1	42	1353.8762165205	
10539	1	12	424.658996362546	
11052	10	21	708.299733841931	
16001	6	21	694.022849413577	
9895	5	37	1182.24019433476	
17288	8	5	210.940225334345	
10043	3	20	676.675368899794	
26107	4	13	463.378819927284	
21784	7	24	787.552561903164	
10297	9	39	1263.64290199412	
18596	9	18	607.888878345438	
9634	2	38	1213.33569504942	
28481	10	30	966.544786806472	
10374	1	38	1228.9661188186	
23934	8	27	899.742810623601	
29908	2	5	215.069429676546	
24606	8	38	1211.63756926155	
13982	5	29	935.84508365758	
21668	9	17	592.857678175372	
9778	2	25	833.846368507411	
