idEmpleado	idDepartamento	ventas	importe	
22986	3	3	168.158891912624	
29366	5	2	140.695826737534	
21464	4	30	965.328448417284	
10914	7	25	823.032831336853	
19341	1	28	911.865761145887	
27672	7	12	424.530668456354	
27106	9	41	1320.7850768607	
19190	1	16	543.248967334278	
28673	4	50	1598.8345244894	
22413	10	43	1360.35507421957	
29730	8	3	163.182802946858	
19064	5	19	641.209942140249	
29613	9	14	500.109862471051	
19999	5	50	1579.78060289276	
10814	9	6	259.753627190252	
23071	9	21	706.279857524801	
23534	10	37	1187.95186131632	
28862	2	48	1514.29266556832	
28481	10	50	1572.73308957589	
27354	4	7	266.932340686644	
15851	8	35	1116.39510702174	
13040	2	22	721.096966453407	
23827	8	28	901.452467973089	
19828	3	38	1224.7708146762	
14543	5	21	692.511287616804	
29029	7	48	1523.55760149823	
26032	5	40	1277.21207044889	
9143	6	42	1329.17167542929	
27141	8	39	1258.37408321834	
14760	8	1	106.209599574194	
29288	8	4	173.587872131536	
17022	10	41	1313.15640100891	
19544	10	35	1140.8269803323	
9172	6	15	519.660339113167	
16529	9	9	336.967564456615	
9176	10	45	1426.71429421134	
9405	7	35	1123.40190809378	
20542	6	14	488.810294609894	
17248	8	24	793.034466129278	
14184	2	48	1523.74909039761	
13948	2	20	664.829042788981	
9002	10	9	324.217065388438	
22687	3	39	1265.35750619385	
13688	5	47	1491.82466207623	
29868	7	22	740.083624618167	
13191	4	5	201.939993669251	
12079	4	21	717.449587731366	
13826	5	38	1206.40033841431	
21873	9	34	1097.37364678521	
8584	4	28	919.948502499586	
21141	6	25	835.849523635511	
19945	2	4	191.664561830305	
23310	10	2	111.218316942089	
19274	1	36	1160.0313508697	
15318	10	41	1312.45748376123	
29238	5	32	1047.06192545922	
11298	2	25	839.243358764445	
18013	3	42	1340.55763374109	
17297	9	5	210.521543720049	
20524	8	30	988.308159647653	
16385	1	22	747.318598007466	
22066	2	50	1591.61340143141	
9430	6	27	884.874884115939	
28938	2	50	1572.6249249152	
21361	6	40	1266.76720208804	
29101	2	13	450.026401937952	
14238	7	34	1100.38296180795	
12905	4	50	1580.44952335788	
14029	4	41	1322.81303843614	
25051	3	12	433.039332978911	
18629	9	37	1182.87794943102	
14815	6	23	779.141566706422	
27686	7	24	801.258199439039	
13272	5	2	128.983999178272	
28572	8	37	1202.10329789766	
15380	9	27	872.178041633301	
22376	6	33	1055.73946025955	
27815	10	31	1009.62780589686	
19879	7	16	564.68719005803	
24649	4	17	570.571293947553	
17238	9	27	886.108013766868	
14436	2	3	150.811732034577	
22617	9	8	311.79802864408	
27828	7	12	418.425580718753	
17127	8	26	870.360075938683	
18368	7	50	1581.92331030123	
11423	2	40	1281.93808406682	
27878	9	50	1580.7956294626	
15690	9	24	807.202855351941	
29323	2	27	889.905638997399	
29225	6	20	667.470935446895	
19661	1	43	1382.8442743527	
10727	7	10	358.288750889846	
15832	8	44	1404.72630648163	
14165	3	26	856.430492390148	
25798	4	20	673.215641357571	
9229	1	32	1039.3421812725	
25995	4	40	1292.73258127865	
13205	4	8	305.057459988192	
14316	3	10	370.057222680215	
16032	2	21	701.5570318613	
22026	7	22	737.000064373482	
25206	7	47	1483.58729997817	
23494	1	22	744.334313806302	
22260	9	42	1337.07055306857	
16975	6	2	136.707956929089	
28040	5	30	990.406362391266	
23824	6	50	1582.23431776382	
13591	2	49	1557.92805297204	
11095	9	15	520.279442127924	
18137	7	50	1591.32246519966	
19601	9	45	1429.61555286758	
14680	7	26	855.870443683057	
28998	10	39	1239.9502497725	
9360	7	4	182.200145880785	
9544	3	20	676.506865972889	
9160	6	43	1359.81537278733	
29685	10	16	546.449303397187	
9756	10	24	782.264848976519	
10216	7	40	1284.8438917868	
21001	2	23	768.088317871135	
14095	6	35	1119.58733234535	
14537	6	26	853.246668005943	
24091	6	15	512.907399438744	
17186	7	43	1365.56839753202	
20551	1	44	1400.03367507832	
22584	10	14	500.852815816576	
18956	3	31	996.531892957414	
12763	6	27	872.553506788124	
29004	10	18	608.887656540092	
9762	9	45	1432.8358603608	
25578	5	43	1363.0068789809	
25036	10	24	784.570345908669	
24994	8	7	274.629967377814	
26864	3	46	1469.01426208625	
22643	2	5	229.107949393386	
19671	6	7	267.224432056409	
17172	7	36	1167.46371483778	
20561	8	20	681.355027650183	
28216	6	25	813.652119009594	
17881	6	20	671.516947909965	
17545	5	41	1299.703766303	
16727	7	1	102.86757649056	
19362	4	10	366.923413224017	
21682	2	27	898.583173797737	
19118	4	25	837.855382579311	
29335	4	18	606.973830669641	
18744	8	21	718.33850111735	
17904	4	41	1302.52616060084	
21492	3	6	259.923626417259	
27957	2	28	913.400268570241	
25107	4	17	572.892877875312	
26462	9	17	590.467732302131	
13154	9	18	620.213568201388	
10933	10	37	1201.96890480908	
18955	1	37	1181.96969951595	
25884	8	47	1483.75339636754	
11204	7	32	1050.67990053942	
12437	10	30	978.765916274286	
29993	5	48	1537.03687799025	
17617	3	39	1235.85514111251	
25270	7	50	1593.87446943385	
24749	3	24	789.680810975693	
8051	4	32	1029.04039643195	
12113	3	20	687.443581767121	
17903	5	8	308.315586218757	
28340	1	22	725.045206958915	
23652	6	20	661.240476305243	
11479	10	43	1370.93598768624	
9186	5	49	1553.0921964874	
19049	4	14	489.282433916481	
13659	1	7	272.351657949552	
24663	2	46	1465.094275747	
19447	5	49	1568.61272996693	
29268	10	21	693.32694387684	
23003	2	33	1068.38455156814	
15874	8	34	1096.71975585479	
12803	4	16	566.323254781926	
12881	2	38	1214.32422564101	
25764	5	18	607.713014952705	
23337	4	27	873.059844408678	
26532	3	43	1382.51431469923	
25789	6	40	1294.00573235657	
17775	9	21	692.629880370866	
22643	2	40	1295.48738796985	
16582	4	29	939.942982485491	
9195	8	26	852.539146678773	
9662	5	6	244.356777707281	
12630	7	20	672.661062568734	
24046	5	10	367.044562570306	
18933	7	9	345.354553025847	
24434	1	25	816.544531516984	
19916	9	7	268.697798563492	
13359	3	22	744.318149659931	
9822	5	37	1177.79697789708	
25856	7	20	677.642478476112	
16927	4	17	590.022955327305	
17370	8	20	673.827180058615	
18355	2	40	1279.4798314569	
14769	4	20	670.26758757898	
15847	2	4	192.810175620397	
14321	6	49	1545.7333543644	
26274	6	29	947.402513431107	
15056	6	42	1349.43396411344	
27552	7	43	1370.64119250078	
20177	5	22	721.048610620689	
14485	2	21	707.798602128308	
26369	5	18	621.855002335205	
9462	5	48	1526.88662432455	
26131	8	5	213.584353240945	
28611	2	3	165.249943661154	
15675	2	31	997.430141585614	
21878	7	45	1436.35567489842	
12522	1	13	451.052901321581	
14622	8	22	743.977033581574	
16936	5	46	1453.34082641329	
20847	7	10	379.868737077279	
14237	9	4	177.050930604828	
10943	3	42	1333.55300846209	
13674	3	42	1347.50059928163	
24998	5	33	1055.77643953998	
17651	10	16	560.688429251634	
22529	4	50	1588.57941373651	
27527	8	34	1083.89142511594	
18477	3	40	1287.73764346155	
11790	5	40	1272.7379023995	
13794	3	1	83.6538593860594	
15253	9	24	800.776126087073	
24736	5	13	470.815752069846	
15895	4	1	95.6844654007277	
25589	5	16	558.36159624083	
24436	3	14	502.892575796178	
24978	6	27	886.84342332503	
26465	9	18	624.056638062027	
15373	4	14	494.902839332308	
11298	2	28	927.32649004428	
10814	9	15	515.111801268119	
13922	1	49	1544.57176824313	
24261	1	28	921.988687870087	
20566	5	19	654.438777349162	
18355	2	8	312.144380357184	
24193	4	8	310.684144343568	
22700	1	8	317.470153382733	
13259	8	16	539.076709327789	
15031	2	7	281.794618909152	
11127	9	29	947.924411440233	
20736	5	30	980.188856618567	
29577	3	45	1417.64489724191	
9988	7	1	80.3411160783568	
9188	2	41	1324.45615148379	
26158	3	10	377.773741398833	
17806	7	14	492.972024722477	
8271	10	29	940.274171596521	
22040	6	48	1531.97923217527	
11247	9	38	1214.491148039	
28611	2	38	1232.12174636876	
28768	5	49	1557.15394062789	
29822	4	46	1463.51108831517	
22064	9	3	141.696320651889	
23828	2	4	177.903290101282	
25478	5	21	717.39475123463	
9836	9	47	1507.02247604123	
15030	8	5	231.03925026536	
25577	2	48	1511.20215892382	
26659	8	39	1255.22275700011	
20142	5	39	1262.35736786498	
24622	7	4	190.586718260584	
17778	1	27	892.299036836391	
28179	5	49	1556.15006198927	
18089	1	44	1416.65054353729	
26519	3	31	1018.22902514517	
10197	5	12	435.296968834147	
17353	2	26	855.062242734741	
20309	7	23	759.114231112932	
11430	10	35	1115.35621892445	
24313	8	25	825.092295196416	
26262	8	9	323.218275868901	
16492	6	35	1129.50270440872	
25255	10	27	882.096806206785	
26794	5	12	419.813232021319	
21984	9	10	372.549045780929	
28404	10	7	266.008962144148	
22182	8	24	800.435010008717	
16203	3	22	746.359600586053	
11657	9	41	1317.9107240019	
10532	5	3	145.389571518353	
8473	7	36	1162.61840419966	
29374	6	29	954.864191149764	
21554	3	31	1009.56549002303	
24555	6	26	862.781092963545	
11068	10	30	970.172549416392	
14533	1	19	651.600712952949	
27788	2	47	1482.87544759124	
19499	1	25	824.085397768805	
17655	4	48	1537.04402611453	
20648	8	11	405.121904315949	
9818	4	3	159.644894078209	
10148	9	11	406.267994458912	
27772	5	27	883.853952327675	
14105	9	18	619.437251044175	
20610	3	25	837.337693179649	
24245	6	3	167.889819782176	
23558	5	46	1461.49483525264	
24591	7	7	263.690572541063	
13501	6	11	386.227126338625	
11009	4	49	1542.47677256469	
13825	3	39	1237.90978198774	
9866	8	6	261.159940483589	
23826	6	14	496.62301325082	
21001	2	13	469.39885284258	
21303	6	30	988.903470499862	
29422	6	15	507.651236219169	
23128	6	20	661.414282108384	
15311	8	41	1321.88308863057	
14845	1	44	1405.35424432035	
23574	4	15	531.385789090481	
9157	6	24	786.587466032518	
26360	3	34	1084.67964967931	
18816	4	7	273.291434921926	
22657	6	37	1189.83318548176	
17140	10	4	179.738963665319	
11108	7	25	835.72252711082	
28611	2	47	1482.73354681336	
27968	5	23	773.368969025728	
27968	5	15	526.477994120902	
14544	3	13	446.628312192219	
26785	4	16	552.421521242904	
13793	6	2	110.976844965935	
24412	4	25	822.070204998399	
29484	10	24	790.234314608497	
25274	2	22	745.447401118207	
23073	1	48	1516.95028140999	
11395	3	9	325.648752081044	
16397	5	9	342.65955516261	
10612	7	37	1182.47553884167	
20438	3	7	284.659225998753	
20354	5	11	404.51412689151	
14086	1	18	616.744437467653	
15606	1	12	440.132474247428	
17980	3	43	1375.43395143721	
21533	4	15	507.479789530616	
24225	10	30	981.458463716069	
12365	7	16	538.241177898944	
19944	1	18	620.166637180451	
26864	3	46	1473.87762246368	
13161	2	16	542.521313197222	
11642	1	50	1590.18643084457	
13252	1	6	240.992358960673	
9512	7	31	1018.73115344845	
29217	9	34	1085.65823702405	
20215	4	38	1218.53443828343	
22130	7	20	674.965244398902	
19641	9	5	212.976559536986	
23330	6	40	1294.02076684591	
13246	10	15	519.698287378856	
17101	3	1	81.6151660688292	
19857	2	7	285.156272968816	
10406	7	23	768.125866226911	
17393	5	42	1337.21257842016	
21932	2	49	1539.59881414641	
26212	7	33	1070.05525132178	
11830	7	38	1206.9329370218	
8065	6	32	1039.08973548519	
16486	10	41	1306.38869864232	
28881	8	41	1323.95145172437	
18345	7	33	1071.95318908987	
12330	2	6	262.002484138125	
19795	4	11	398.754726945774	
13359	3	5	219.4075497889	
19113	5	37	1200.6950183216	
12465	3	5	206.871662198972	
17632	10	6	249.843028564864	
29195	5	22	724.547175431879	
11089	1	14	497.857483484716	
24674	3	23	762.353395951145	
25016	5	24	798.280499949251	
29250	4	10	377.481349211876	
12721	2	29	942.56690963291	
16664	4	27	899.491346562044	
19286	4	50	1583.95668092368	
9922	10	13	456.441881347653	
16911	2	11	391.429162282231	
13490	5	21	692.245691517482	
9593	10	42	1336.41196797435	
25320	4	36	1171.69987632507	
12648	7	3	150.482156719306	
11394	5	43	1383.973721873	
8568	3	19	631.62798523513	
28207	10	45	1422.96126778375	
16968	1	37	1180.86037277284	
29638	2	50	1599.50295302994	
24177	7	39	1236.3882606646	
16261	9	27	879.531859047493	
18633	7	14	500.533660101022	
18314	4	11	385.378700115429	
19571	3	27	900.546852508814	
23352	1	49	1542.36872823088	
18355	2	25	831.852479256621	
15030	8	27	896.215185456078	
27094	6	14	481.924433373811	
12329	6	10	360.518829059097	
29098	3	40	1271.43170389879	
26574	10	1	101.584809171774	
29314	2	45	1418.03613512685	
25327	5	29	958.786574825079	
28554	8	32	1048.69140971857	
14769	4	49	1550.41806896702	
17386	1	41	1315.11907605227	
25445	1	18	611.667370894769	
27011	2	41	1321.41778742961	
8184	10	41	1304.13381685695	
14203	2	29	942.589363335906	
24280	1	46	1468.63451966487	
11622	5	42	1353.25589749648	
25012	1	36	1163.15693279875	
14703	2	23	758.62608903955	
17015	8	17	594.687245504319	
25367	4	41	1302.67776751084	
26376	9	5	214.688822317258	
20522	5	39	1253.46929500507	
19013	9	40	1287.97946721687	
23002	6	38	1230.37449890299	
10274	4	17	575.79345916202	
13028	10	19	638.547177016059	
26266	6	37	1201.19206529166	
8241	8	17	570.483401534373	
19742	4	30	970.311169517371	
27499	8	8	304.013515330857	
17096	2	4	192.478783369287	
14263	8	46	1461.80654344233	
26549	8	26	855.911771718371	
18195	2	36	1145.62886995526	
23719	10	2	126.351724176831	
19715	7	14	497.566913188233	
25080	9	41	1303.43785186458	
29901	4	24	785.010177448862	
24371	3	10	369.844353110457	
21064	9	27	874.209556390629	
28505	6	13	457.625393149269	
28130	2	5	203.008466606498	
14336	2	4	200.064087752283	
16238	9	3	148.854645820733	
20049	7	1	99.9606143403615	
15638	9	4	181.543480354149	
26677	7	46	1476.72655591589	
8510	2	22	736.913589694031	
11001	4	43	1367.75374099973	
27520	6	35	1126.27596155101	
16092	6	29	937.376727302268	
25538	7	38	1226.75261107588	
29655	5	11	385.859607004495	
24429	6	8	319.690960720038	
19832	5	21	697.163656939363	
8518	9	39	1242.74589045101	
27405	6	24	793.944966156941	
25621	2	22	730.144330156103	
29115	9	23	775.638244736771	
26413	3	33	1063.03763215572	
12504	4	8	296.844069835192	
17102	3	13	468.303173290707	
28649	9	3	158.380240201196	
20042	8	42	1326.40455363617	
27552	7	37	1202.64029268298	
17980	3	23	749.860827452438	
17402	6	16	545.506015711234	
10805	10	6	238.504946901698	
25550	10	27	896.237639159075	
29934	5	32	1051.06760647663	
11070	7	2	129.818045631898	
9637	4	13	458.146755349891	
28306	10	13	468.781735929093	
13911	5	41	1320.47768911369	
15508	1	28	925.052374361573	
15057	5	1	91.6803557107599	
11247	9	35	1133.40520725278	
18934	9	38	1219.12482139614	
25920	5	38	1210.41388456263	
10092	5	13	474.249978807871	
12825	10	23	761.820621100171	
12809	2	16	544.278475597631	
14810	6	24	802.72966053464	
21748	8	45	1444.03520796636	
14481	4	30	966.636788028589	
26177	7	16	565.726172293409	
15923	1	36	1155.94693643784	
21600	7	18	616.220810998334	
13675	9	15	528.465213015892	
23595	7	14	483.60583372582	
28072	8	41	1303.62194703129	
16959	3	19	653.29352170848	
23697	5	1	89.3719327120911	
12077	3	28	906.806720954742	
21637	1	19	657.365486555437	
17602	3	50	1589.32221985856	
22093	8	2	124.628226405302	
10166	8	13	473.659534116117	
21696	1	16	546.214353137749	
8706	1	29	950.099786887923	
16386	2	39	1236.03746464291	
20106	2	41	1318.22160901419	
19296	10	45	1440.67595053496	
25034	10	11	396.6861345231	
25107	4	33	1076.45791591911	
8476	2	16	559.229971952378	
21054	1	25	837.970875146785	
21278	5	20	665.381917890805	
21172	10	31	994.638586358465	
12214	5	20	685.483301228603	
13764	10	4	189.340683198227	
10716	3	37	1174.8201447608	
18358	7	35	1119.73044559347	
13337	1	10	381.3882659289	
10114	3	10	381.217011055545	
23826	6	42	1352.56559423756	
22376	6	39	1265.57351275607	
14539	4	8	314.345032234837	
15243	10	12	439.767765607577	
23238	9	21	716.914120389574	
12104	2	37	1193.9138910146	
28839	5	48	1529.2852047129	
22103	3	41	1310.03973388581	
16768	8	14	492.631805433255	
17362	8	42	1347.44565944534	
17558	4	33	1076.52452392342	
22019	5	13	448.7748226378	
15470	7	36	1161.97501497435	
10316	1	22	743.112202558253	
10069	5	29	935.730154503011	
24989	7	49	1567.05212930546	
23651	3	22	739.745673136667	
9462	5	23	752.910468258388	
26274	6	9	340.31409767471	
22376	6	25	838.212514164956	
29484	10	32	1043.59901208598	
13864	2	21	703.602525062674	
18026	2	14	486.043526011539	
27374	3	13	447.577292047244	
10296	9	14	487.406816076211	
12429	2	42	1327.75529714662	
11224	6	17	570.565018547031	
25724	9	38	1221.58222463987	
21612	9	45	1442.98191178729	
14972	6	10	374.265150527593	
27123	3	5	208.801802270488	
19402	3	35	1133.56307611501	
20354	5	41	1307.98366678319	
25088	7	18	605.589709899197	
24279	5	28	904.799892317876	
23748	4	11	403.748707102495	
20464	8	44	1410.28319417047	
14960	2	2	113.89176850854	
14091	2	45	1429.30023274818	
20100	8	42	1356.18589587332	
11079	4	41	1306.75225993001	
14878	3	1	88.1818751283837	
20837	7	32	1028.0441451017	
14999	7	19	649.24047507776	
17750	7	50	1599.9333919957	
9512	7	4	190.455149314578	
14844	5	40	1275.99586017243	
26380	5	48	1522.26971533255	
27472	7	2	138.908431855453	
26549	8	22	718.431171923145	
9482	4	32	1049.59501006156	
14336	2	14	501.909676502417	
26393	2	26	859.41634791876	
17864	5	35	1143.17575176394	
24720	9	29	937.617998969563	
9014	3	22	728.963069174887	
12945	9	26	859.529986744528	
29087	1	46	1466.76774018759	
11447	9	49	1552.36094953137	
22010	8	30	989.158823242951	
17571	3	21	703.348872467572	
27381	2	11	387.702980073031	
9847	2	46	1467.05782209852	
11664	6	4	198.366654905661	
17735	8	38	1218.64385717485	
17477	1	49	1542.96144780841	
29889	9	22	740.791155854608	
11127	9	19	636.385305075154	
23574	4	45	1438.31231024038	
18560	8	18	611.981447400517	
16345	5	6	236.768935134992	
21507	7	21	705.853904628127	
29914	5	28	923.610235510213	
23019	6	17	584.12820180139	
20521	4	35	1131.46025423494	
10556	3	32	1035.4171369576	
27523	4	40	1275.55837996097	
9553	10	45	1436.80305093378	
23070	8	13	447.643900051547	
21603	6	10	376.951666761633	
21473	2	2	131.75943697419	
9390	4	19	648.295303214479	
14106	1	36	1162.67379278442	
22424	10	24	804.550739864144	
17432	8	28	924.670140466034	
25014	10	41	1306.89212576807	
19087	6	10	354.14672819625	
14958	3	6	244.807915019248	
9432	3	40	1267.97171092963	
9890	1	6	255.836823142989	
19434	7	36	1144.21872035797	
26782	5	49	1543.51545398287	
20306	4	3	161.530818977175	
22099	10	15	520.141409505225	
25864	8	22	732.837023405748	
28752	10	31	999.049279856984	
13555	6	5	221.124053029867	
24820	10	28	909.677490196041	
15587	9	32	1030.59661790291	
10299	5	2	136.971944187289	
15960	6	32	1049.66399345997	
24512	4	22	719.610555097279	
25983	4	3	163.957405092175	
28777	1	35	1126.92698445494	
26419	3	16	561.662236788153	
20042	8	12	423.741105433433	
8405	4	37	1178.2994409922	
21533	4	10	355.288146117371	
18807	5	1	91.7154975290017	
27855	2	47	1502.20086201197	
24215	5	33	1053.40468921391	
13706	1	32	1022.72693581075	
11846	7	34	1099.12384013605	
27059	2	39	1255.40928276973	
20034	8	29	937.399386268761	
15133	4	2	135.053569253093	
21198	4	25	825.029187288615	
9415	3	22	742.507082234373	
28642	8	27	873.696514439628	
10646	10	48	1511.75173140678	
11804	8	40	1268.81471961216	
29001	4	17	575.983240835361	
19120	7	30	968.41359414552	
15104	6	39	1262.47548709739	
18365	7	33	1067.76272704255	
11798	4	8	293.25348115212	
29140	2	18	624.323085650952	
11397	7	14	483.468826004988	
28924	8	46	1451.29117839564	
13220	4	5	212.410974377958	
17847	3	27	894.293083927731	
23372	7	13	445.880889764931	
19156	4	14	486.206433030873	
24861	7	11	390.671955864258	
20115	4	28	927.287673301663	
17166	9	31	1012.14888187691	
20108	1	16	564.337898122304	
29529	10	2	115.746808329479	
23123	8	8	322.888503075991	
17198	7	17	580.929035032601	
19087	6	5	208.592684775867	
12159	6	50	1598.85858207888	
16122	5	6	233.092417490246	
15846	4	43	1365.77084891767	
11651	9	24	802.432133929074	
9754	8	4	201.491784547219	
24736	5	15	524.391613846827	
24907	1	15	506.121536207442	
28369	3	37	1182.74202323646	
21554	3	20	677.783454152655	
16754	8	6	254.02009256837	
21666	8	33	1078.61697079549	
16078	3	2	115.980975756413	
28001	2	35	1118.84488649613	
26672	10	13	468.157224575131	
20893	1	16	553.680752624609	
14845	1	42	1351.19696095176	
14976	5	14	501.481917994787	
17916	1	2	139.164257412387	
9367	3	9	348.408755636033	
20400	1	44	1399.41801978248	
26838	5	23	774.830614987216	
17372	7	14	503.996967721729	
10043	3	47	1479.30452315104	
17353	2	20	687.907778084235	
28169	8	20	687.523799448984	
18331	8	18	616.520502779875	
25450	4	24	788.451884271787	
9149	10	11	408.12160946807	
29038	7	48	1525.25050439185	
15311	8	36	1170.71567113079	
21130	2	24	789.282378959135	
12365	7	14	499.618579158382	
21283	1	10	372.767479407027	
28026	1	43	1383.15904663091	
29839	5	40	1269.95613753328	
10100	5	12	422.890823345115	
25946	9	37	1202.64274522785	
15609	4	16	540.043353168314	
9536	9	29	946.270942495331	
22933	7	43	1368.86186730529	
15254	4	4	198.20154944351	
24509	2	27	900.726802768524	
22921	10	26	853.507724242987	
9612	4	49	1558.39088180959	
16657	4	44	1415.67611313224	
13826	5	11	409.899914008519	
9475	3	30	967.361546534748	
8570	6	48	1522.51473128913	
17464	5	13	453.606920677054	
28666	5	39	1260.95192092515	
16037	6	3	142.855980127517	
24847	7	50	1576.58255091709	
22287	5	50	1574.47974743996	
25572	8	24	781.51101525012	
16385	1	32	1033.76206978865	
18497	3	37	1174.86161435715	
15549	9	10	353.787894339202	
26275	6	23	757.863070833433	
27583	2	4	194.90833448009	
10893	4	37	1184.97128176734	
16887	5	42	1335.93972957504	
9813	1	4	177.999926739372	
26462	9	39	1257.49151884461	
28207	10	34	1107.06778302187	
13955	10	33	1064.73771360923	
23703	8	20	658.998391637112	
18748	6	42	1343.21349634939	
13288	5	42	1335.68583986521	
27379	5	24	798.201087041852	
28994	3	5	210.789929279494	
11963	10	5	228.554215723907	
13906	5	49	1561.43856482647	
14456	10	24	792.893314917057	
29907	6	17	579.54688833074	
28017	10	40	1281.21647033897	
27845	8	46	1474.10381221869	
29147	7	39	1250.48924347874	
20856	6	48	1520.91364134146	
18913	5	27	872.231664951998	
15255	10	10	357.623885440465	
19226	10	39	1249.15895624513	
23789	5	26	865.93715298266	
16812	1	49	1554.51468879102	
18375	4	9	344.298583466699	
24018	3	34	1107.85969100327	
27234	8	25	812.699828042043	
17918	8	15	525.138831718424	
28062	10	37	1191.25646415691	
23618	9	12	429.396976842264	
8320	2	4	175.094523176129	
17427	2	3	149.102929005913	
27075	9	15	524.779674394419	
16469	5	12	425.135018688224	
23547	10	43	1361.29966072799	
18382	7	2	112.922137730253	
15413	1	1	100.201622704138	
28044	8	39	1243.23528392391	
13681	7	42	1346.43994122112	
26628	8	17	573.653168200354	
27898	8	25	836.677721495124	
10950	7	20	666.686417659133	
24757	5	38	1231.67570666954	
17391	2	24	804.313644247276	
23310	10	8	322.81699139756	
19571	3	34	1112.39770520124	
12866	1	4	181.417415301044	
25593	9	26	863.689236000036	
17238	9	33	1074.93285910922	
27627	1	34	1100.29454491115	
15549	9	36	1159.65825756996	
28293	6	48	1524.37237087841	
11397	7	12	432.874252997746	
27247	7	47	1485.63140588143	
13102	4	45	1437.28444903963	
17017	10	48	1535.81232552222	
12077	3	16	550.002576592379	
26274	6	5	223.485237948357	
13887	2	31	993.192935377915	
14310	3	50	1599.20809201859	
9534	5	9	332.037885567191	
8976	9	5	213.859559918688	
16316	9	5	231.957032192478	
28973	1	30	986.288863022946	
26254	7	21	703.106563865722	
10159	10	3	141.687000273581	
11432	4	41	1303.77454132949	
8584	4	38	1216.30354613825	
26756	10	32	1031.59365418907	
21198	4	16	546.624750600487	
26053	5	39	1261.01484763483	
26701	4	8	310.868528294781	
8308	3	47	1504.04930225762	
21013	6	32	1027.2604731411	
12863	3	2	115.553943456874	
21123	3	40	1290.93746778133	
18405	1	1	97.4832495755904	
23940	1	3	141.623508735385	
14916	2	41	1311.69769739346	
16766	3	25	831.900878265454	
10285	2	31	1006.44227570223	
23025	10	49	1549.01059204201	
20723	4	32	1050.20597260921	
20550	7	3	170.961919245758	
28382	9	26	869.738719272306	
10232	1	6	250.722152297721	
10942	1	41	1316.22867600817	
12809	2	19	639.148268512985	
10722	7	17	587.850569648599	
17856	10	45	1425.48733520577	
15058	2	36	1162.91956113787	
8278	5	46	1476.71638475578	
14270	8	9	330.042348545996	
23652	6	42	1347.23184920253	
20584	5	8	321.615282633163	
24001	8	21	702.818161576436	
14880	2	15	514.729385466655	
11968	6	9	325.386843646591	
19114	9	4	181.207080381553	
12249	6	6	261.129991123979	
17353	2	44	1408.62316387176	
17630	7	16	565.113869162795	
13092	10	45	1432.09558181097	
15242	6	18	608.30810850873	
8902	8	45	1439.27969727632	
23209	9	28	928.789729275177	
23352	1	1	100.323068620787	
24140	10	31	1005.61377985664	
15871	9	46	1450.07746242456	
25215	5	5	226.346981258293	
23361	8	48	1518.32907594663	
11779	5	14	488.379067856995	
13353	3	15	511.787540554901	
20105	7	6	241.292057112461	
22120	1	20	672.765816316365	
12780	8	10	383.027293525183	
9149	10	23	763.653587309482	
24961	3	3	140.99511294672	
15057	5	4	196.550143750641	
22883	5	15	532.384411568001	
13359	3	12	425.458324265414	
28010	10	22	744.626272816503	
23186	7	21	708.452976489651	
18295	10	38	1206.1063189833	
24892	4	30	983.705189462614	
13329	7	43	1384.29846287905	
28475	10	50	1580.82617974879	
22019	5	6	236.817453055092	
20364	7	24	785.64519050794	
27738	7	31	1012.73578188044	
23961	9	26	856.208082314678	
9172	6	43	1372.096405929	
18486	4	49	1560.41642835383	
20419	10	35	1130.56770626948	
15057	5	32	1023.2777143937	
21012	6	15	521.328406539433	
13447	7	4	196.915010231042	
17584	4	15	521.897864100476	
26846	10	9	331.682221969442	
19436	5	49	1540.94898999713	
15252	9	5	230.399083676934	
24562	1	11	390.614896151524	
28830	8	24	789.070806088425	
23264	9	12	441.503588390305	
24048	1	47	1507.15825925914	
24870	1	23	754.540493280879	
29815	7	32	1044.92884420088	
17814	5	3	168.750291433535	
11122	3	23	754.466032886163	
25963	4	48	1538.58798910798	
19694	5	48	1539.16457426695	
22633	7	13	453.734272519934	
22019	5	5	208.83669989595	
26977	3	39	1248.82266881355	
28733	6	45	1435.67166685857	
13567	7	22	743.996891055255	
29539	6	46	1456.66089267314	
23859	3	8	305.989262827667	
28371	2	38	1224.60291904612	
26554	4	2	134.981234397265	
28169	8	29	947.963549526391	
11763	1	46	1463.5056155657	
14381	4	8	299.968589348704	
19146	9	15	517.341680544122	
26258	9	30	970.138898943616	
14693	2	5	226.232670017626	
9349	2	15	527.962639503164	
29395	1	30	981.219834285425	
29166	9	25	818.014342718764	
24481	3	5	231.437409776932	
13810	4	7	266.112283294141	
18366	5	8	321.755723209007	
17622	7	44	1409.31289097728	
24385	8	6	255.601153753512	
24544	3	10	381.985327891067	
10517	4	2	114.843428113891	
11981	8	49	1555.55546672808	
10609	3	9	346.949388099345	
11398	7	41	1298.94805972415	
11457	2	8	309.164696181735	
20583	5	12	419.369618678172	
15801	6	47	1492.07588831525	
25648	4	33	1082.35142016893	
20952	10	26	847.05720139996	
11264	8	33	1073.57120761348	
25200	2	14	482.473809794743	
15088	4	39	1243.25970603305	
15798	6	11	391.593759540279	
22931	10	40	1294.89603941091	
8003	2	10	359.280823338442	
12704	8	20	664.667513866288	
23847	9	47	1490.92574740337	
11185	7	27	897.294945054359	
18319	2	7	276.700987572177	
26118	6	20	672.985440470737	
16552	9	10	366.893468111238	
18707	8	3	170.64630680282	
16718	10	9	351.729125544303	
15149	2	33	1071.36468944669	
9577	6	43	1360.92558924152	
28109	4	8	306.577853777715	
29438	6	3	143.709009915455	
15770	8	29	950.73594871477	
28607	5	18	603.028623109231	
25836	3	42	1352.47570581384	
15671	10	41	1297.40885105795	
17559	7	19	644.421381542655	
19920	5	49	1553.23554614244	
19481	3	29	946.837340922485	
29754	10	44	1400.82823874467	
22976	4	24	788.441424327177	
14571	8	37	1189.7115045738	
22074	9	18	607.041203103513	
26812	5	31	995.438222864381	
16781	1	41	1315.61161571909	
21788	8	33	1055.88766121114	
10854	3	13	461.154195396767	
12032	10	33	1052.91138794874	
15775	9	32	1043.77047293064	
10938	9	17	567.665089148872	
17761	4	17	582.972963984578	
15069	6	5	216.368879962884	
20177	5	40	1286.32379487451	
10216	7	16	538.733519380322	
27738	7	36	1166.76989591064	
18933	7	10	375.186535890767	
10531	4	32	1024.46077815465	
21878	7	38	1212.6119034051	
13733	3	37	1182.61571328278	
24001	8	1	95.0918597798291	
17391	2	49	1544.19712131107	
12555	6	40	1283.82634118378	
13225	1	27	875.584698652655	
16811	5	48	1538.02247048264	
24046	5	1	82.5868424040204	
23656	1	10	355.660608762717	
27650	9	18	621.339939600481	
13248	6	16	559.322797059697	
21970	10	34	1094.58149558612	
11091	3	43	1376.16235655554	
23461	6	45	1438.05242825209	
24174	5	40	1290.02415989061	
18859	6	32	1044.75641861779	
27924	7	47	1494.06780066624	
25157	2	36	1170.83939901127	
24169	3	33	1074.95600929249	
20207	9	30	963.884544299862	
12726	10	47	1501.85672218998	
19104	1	16	561.089371853084	
25002	1	38	1217.0977792596	
21703	3	47	1505.73927271447	
16316	9	21	717.734918854076	
17453	8	28	907.958652613665	
14621	3	17	583.699600297818	
9710	10	26	857.952625256941	
9018	5	3	170.208973814831	
26634	5	13	457.385215040941	
29052	1	14	492.002429334448	
25360	10	32	1036.25872719859	
19237	6	33	1057.28916992307	
19542	9	9	352.9480729033	
26728	4	32	1031.80947813755	
24829	2	13	450.619832859663	
12035	3	29	931.745481142656	
14389	9	46	1456.6311174336	
23436	5	34	1104.6150831434	
14960	2	11	394.126805921144	
24600	10	20	669.018732620878	
25070	8	31	992.851380460361	
8545	5	32	1039.95100695638	
14032	6	15	514.54772161066	
22361	7	47	1501.83139833707	
20006	9	49	1558.32989236262	
23816	7	40	1267.6081163751	
16371	8	22	729.612660896784	
11405	1	27	892.948804093967	
20289	5	23	771.61246134509	
16626	2	44	1392.25599420828	
22643	2	30	967.894120369057	
14098	9	4	171.813886618155	
23411	4	31	1011.30199159091	
9301	5	35	1122.60405596467	
9121	1	22	731.522531552018	
24603	4	49	1565.51793402318	
28363	8	4	189.352587065358	
28404	10	28	906.462202456995	
26576	4	13	455.86768857011	
14263	8	10	371.885098354837	
9653	4	23	760.069845225695	
28998	10	48	1512.37786858919	
25211	6	47	1498.27539372178	
10575	9	5	209.337510266033	
8485	3	35	1123.06406986111	
8331	8	2	117.292325663051	
19311	7	34	1103.21428365224	
10923	2	14	486.242950114535	
23899	1	28	919.404327030948	
28922	3	4	193.010937475139	
23644	2	2	117.436683232634	
22439	8	3	146.224315867864	
28760	7	23	760.829203371345	
15186	2	10	374.865811678984	
27480	1	17	589.005341729617	
25905	10	35	1121.13836489671	
17581	10	24	782.550057648937	
9175	9	1	83.9078743774015	
22686	9	23	759.405026491454	
8157	1	39	1240.35053623857	
24978	6	46	1454.08693940103	
10341	8	49	1565.00382116297	
11576	3	31	998.596512469741	
27878	9	20	665.129220832665	
8228	4	35	1124.10830896539	
9381	5	29	944.444840580432	
28981	2	2	125.987178332166	
17988	9	25	830.34401693863	
11666	5	10	380.286946585536	
16431	4	14	485.101898836485	
14281	5	25	822.392894077298	
15071	1	19	630.168914976608	
18207	6	22	728.747394573291	
10482	1	1	102.241707566307	
27345	7	48	1508.94888739518	
13382	3	33	1080.47351187117	
29057	10	35	1141.6756132346	
28590	6	11	385.210211344627	
13591	2	13	458.767328475959	
11300	4	48	1521.03756669957	
13353	3	6	244.393832722862	
13329	7	9	323.369710782249	
15874	8	50	1573.54447706302	
20711	10	20	658.601523869951	
15521	4	42	1354.81931097564	
12895	3	28	901.669804501193	
24001	8	31	1010.98468324681	
16269	6	21	716.436179911921	
22611	7	18	613.598714235052	
8241	8	38	1210.38416665531	
19629	10	26	862.967876374241	
26870	3	4	185.444712687956	
19630	1	5	227.057175965541	
22533	9	25	815.517152331545	
11575	9	15	517.798158953804	
22692	5	24	795.06602406272	
19957	2	17	593.781356119449	
24307	2	28	913.146172889111	
17387	8	20	685.229201300642	
16657	4	6	258.619229280678	
21256	10	50	1591.30514733088	
10812	6	9	352.870266713607	
10679	10	4	185.956003528999	
13586	2	15	514.302428194462	
8518	9	30	970.618043397841	
26411	4	34	1087.26776825603	
25827	6	31	1017.47692129457	
22287	5	22	738.587495805038	
12258	7	13	465.916924283801	
21870	7	34	1108.53182985845	
24089	8	50	1579.46275166211	
12587	5	14	477.33984630431	
12477	8	38	1225.14054590144	
12674	5	25	838.367459791884	
28963	9	33	1075.9567035157	
16478	9	38	1210.71722861878	
20561	8	50	1591.45934409996	
29334	7	12	419.99498859979	
21464	4	28	910.309909857023	
9879	4	8	302.438504464197	
14750	10	48	1533.46015733362	
17275	7	31	1009.55099842025	
14958	3	8	296.745302703579	
12623	4	23	769.902779930226	
10791	7	38	1222.13402246224	
23789	5	21	716.948181389341	
28967	6	14	483.111739011068	
23869	5	48	1513.23024224175	
14043	10	37	1184.4435486125	
8105	6	24	793.882863332463	
13122	5	17	566.692155751722	
8693	3	8	308.529440345489	
11316	5	41	1299.98101004398	
22902	8	7	280.148099195281	
22107	1	48	1529.73241936869	
23899	1	47	1491.52356600925	
9482	4	5	217.41370725325	
17760	2	35	1139.24204886856	
16808	8	40	1287.98348047211	
26792	1	9	347.551542719617	
21489	1	47	1484.19288320662	
12809	2	9	352.397187441772	
11479	10	9	330.51925562812	
16078	3	34	1105.06688437661	
23901	9	38	1230.9214149932	
14548	1	13	465.628030069931	
12895	3	16	560.304166786514	
10498	9	30	988.689716173657	
26466	9	42	1339.56044881584	
28244	7	28	907.080930335019	
15922	7	24	803.606679962765	
28771	5	6	253.786367519659	
24764	5	1	82.8362630320882	
10216	7	13	462.790696836445	
13092	10	9	325.159071947056	
17672	7	20	661.754148910639	
21933	4	2	136.124964010029	
18518	3	31	1016.05322359877	
12951	2	27	892.168405732218	
15324	3	9	333.6698620085	
25539	10	20	684.156029244957	
20175	2	34	1104.24667905283	
15806	5	36	1154.14394719253	
22571	7	40	1272.03406095134	
13430	2	18	621.839674106724	
29438	6	42	1350.93331131662	
29084	7	23	777.358836260326	
29093	10	32	1024.99244670616	
23742	10	28	908.635040423197	
11964	5	37	1184.43313750645	
28340	1	33	1073.30352136553	
15325	9	15	532.217295231399	
8942	8	22	732.01150812768	
16124	8	19	642.758367137405	
15073	9	12	418.245621257576	
17315	5	39	1261.06296989185	
19665	9	23	759.031742792126	
15667	5	24	791.678418326973	
25559	1	35	1138.98136493702	
23436	5	25	836.505992392314	
27147	1	6	236.644014602827	
14389	9	34	1094.42202283741	
28852	7	6	253.669793425905	
19715	7	10	357.362618277484	
29169	1	50	1590.2761833697	
10245	2	11	392.905788232063	
22933	7	8	305.693177313401	
25517	3	28	917.19031320754	
20589	8	49	1554.98902724822	
26277	3	29	947.978270458047	
29677	7	45	1435.39860199923	
21980	10	24	801.360483654477	
22107	1	9	327.073643136338	
12236	2	32	1034.31361846361	
15107	5	39	1263.39551347466	
21489	1	13	459.946204153796	
24590	3	24	798.253240249238	
18969	1	20	658.485194676782	
17705	8	16	563.227210269881	
22207	1	47	1479.98810367658	
25879	8	40	1288.2691938096	
26646	3	35	1135.31172008035	
15077	8	3	160.05467575046	
24880	7	6	235.127311309393	
11638	1	45	1433.77740896948	
27195	6	9	351.389384731366	
13958	6	35	1121.77485939198	
24512	4	32	1040.07789589468	
24455	5	2	124.545075578869	
20106	2	20	664.096102055207	
29689	2	47	1502.72240611851	
15664	10	29	944.446545683055	
15026	6	46	1477.07185866175	
17656	8	2	135.662413339905	
12501	4	4	177.025847405673	
11717	1	37	1189.73400640755	
13991	4	28	930.57688562692	
18540	10	27	876.781328915051	
23914	3	40	1281.75787758164	
21558	1	8	308.933885874662	
11137	4	35	1125.24013400322	
12518	8	46	1460.16852305279	
28489	7	33	1070.00341945794	
26420	2	49	1560.65676996515	
21090	2	42	1349.03453550722	
27130	9	9	351.943037711057	
10345	10	7	285.143652095061	
21059	1	41	1297.69788966407	
17856	10	30	979.362853662745	
15734	7	49	1558.29941710378	
18877	8	16	542.809729642612	
27194	1	4	180.546548115344	
28752	10	8	308.451208057092	
9055	4	39	1258.99326126044	
29942	9	36	1148.23679858271	
23731	3	21	701.332294522474	
22060	1	31	1014.36734708695	
8542	4	1	98.5424821165122	
17427	2	15	523.585209307999	
29073	6	41	1318.88679863833	
18835	8	27	871.130928840083	
14958	3	26	865.615281418718	
12042	7	27	872.645237628671	
29323	2	30	970.892925193018	
23324	5	32	1045.25586433953	
28509	6	17	570.952056316171	
16654	10	28	924.288624992729	
10922	4	7	271.411229796433	
20590	7	29	937.287771057937	
9290	1	3	153.661507067113	
22099	10	35	1129.36931852688	
11981	8	48	1521.47191133419	
18633	7	30	976.727317095142	
17286	7	9	334.293324395219	
13742	10	12	434.747969673363	
13578	6	45	1428.10067075682	
27553	4	3	145.308300622417	
13843	2	4	199.39790578531	
28216	6	14	486.092775802171	
23349	8	36	1161.83437125843	
23673	2	3	146.245732636305	
16069	9	45	1424.07696972791	
19879	7	2	140.715042231937	
21320	1	3	166.245658475089	
27553	4	4	201.286372412595	
29115	9	44	1402.17585800317	
8296	9	21	715.995337625963	
18308	9	8	298.078597401305	
13937	10	17	587.425614757196	
18190	8	33	1075.6935528832	
27686	7	6	255.366659320596	
13567	7	28	912.034403510408	
13526	7	12	433.196119607052	
21121	10	49	1562.87107894331	
16203	3	32	1037.80295703458	
21886	3	9	339.6248525845	
15847	2	20	667.523285424115	
14512	7	4	179.110494264919	
25679	6	17	595.400905625616	
8838	3	26	858.082479191051	
20421	2	32	1027.65441271833	
18188	3	1	93.7324222986272	
19987	8	12	440.410118606133	
28062	10	28	905.701346595633	
26895	9	15	508.930098576904	
18536	5	18	621.337818308425	
24064	5	24	803.819231020203	
24306	5	50	1574.15788366187	
22565	10	28	904.24529158708	
11599	3	41	1320.13612782589	
26225	10	19	636.023993900057	
25221	9	27	894.969441301641	
17410	3	38	1212.44970631434	
29559	5	30	961.750838049571	
26712	6	39	1252.64106600203	
12929	1	32	1047.05395911217	
11743	5	24	804.900239186781	
10445	5	24	786.399579153582	
25018	2	26	849.606552780423	
13573	10	39	1243.08000633636	
25123	3	46	1454.95671869021	
13603	4	21	706.210027591423	
9327	7	40	1283.98561503924	
8131	2	46	1461.59421817474	
18319	2	47	1498.29484774652	
20475	5	8	297.334915016468	
17561	4	36	1168.27579172713	
26487	5	31	1013.85623815183	
9310	8	27	896.490367360641	
19955	6	4	175.123117088863	
28602	4	26	840.577385332704	
12459	8	49	1566.1978063575	
18774	10	37	1203.99700015969	
12646	9	38	1228.01029661112	
26870	3	5	214.179958540099	
23435	2	2	132.513310337678	
19147	5	33	1063.66685112178	
17013	7	25	835.013695636305	
14205	4	39	1257.31555989818	
15922	7	37	1179.94855410417	
16227	1	20	678.356626982967	
27692	10	22	741.837453964091	
