idEmpleado	idDepartamento	ventas	importe	
23204	4	21	709.006970631428	
12803	4	42	1338.17600033161	
12323	8	31	1011.18362108766	
19345	9	2	128.917970866392	
19311	7	6	253.808069533579	
26673	9	48	1534.88210604288	
21999	2	22	742.867667201379	
9806	3	3	149.947789306728	
25779	1	24	780.982417157377	
22433	1	19	640.676198304014	
21123	3	38	1208.85534219856	
27825	7	18	601.127360072512	
27818	9	25	826.519941737186	
21585	4	31	999.373003039217	
21168	9	1	104.15515617661	
20924	1	2	131.552912877664	
10120	5	30	973.651131472388	
25363	10	18	600.116094071472	
12480	10	19	629.579042191421	
22833	7	2	125.171323178881	
16678	2	8	314.689486322314	
17015	8	30	974.261552549089	
9507	7	41	1308.87119994912	
20438	3	45	1441.99045654479	
13474	1	39	1249.94214477481	
24060	7	15	523.274725621229	
11094	10	44	1392.0152470246	
13859	6	14	493.426684072906	
12700	6	13	446.826887636831	
27490	2	18	606.549526958982	
23270	5	28	915.060929523344	
25855	8	38	1212.58576345285	
15156	5	38	1232.06100323799	
17993	4	42	1330.20847479357	
27026	10	33	1069.00334314862	
28707	10	21	717.414767964471	
19641	9	18	606.178012772546	
27472	7	19	649.841756974273	
12597	8	17	592.654295318133	
26558	6	25	816.555668123325	
22073	8	4	176.597994759957	
12312	5	47	1492.20813746201	
9165	4	50	1577.40157279065	
17721	8	9	351.66335062667	
26958	6	35	1124.3591218462	
18043	3	29	941.177062010941	
15242	6	25	812.397116055897	
29176	8	11	401.652888954455	
23372	7	26	853.018943729354	
29159	10	29	960.759618506189	
15101	1	10	360.580709632757	
17023	1	13	464.191403605133	
27055	9	33	1072.69664922389	
20542	6	17	589.282918846832	
16822	10	8	307.249170871102	
27292	6	42	1334.74541808234	
8398	8	1	109.304800382492	
25718	4	36	1169.19316454287	
10835	5	14	478.975826091587	
20188	8	42	1330.53334391235	
28470	5	5	222.866859018275	
26839	2	9	329.440983128474	
23468	6	41	1303.1209016699	
9064	5	6	254.432890198395	
16658	3	41	1325.61526878067	
29166	9	50	1596.26957874571	
28188	7	30	969.066356834521	
8674	6	34	1096.31146694362	
27739	1	48	1530.36965989059	
27250	9	30	986.740388212139	
19164	2	35	1125.37490010512	
23855	8	11	403.809374498115	
24623	10	1	87.4617987533388	
14237	9	44	1413.0233740681	
15887	6	49	1548.57332841892	
26945	1	12	422.481348860302	
26505	2	31	996.85997975844	
16269	6	32	1037.20784932245	
12589	7	11	397.631334698587	
19022	5	11	388.765082763864	
29350	7	41	1310.87760956533	
14391	2	33	1070.36235807015	
22110	10	39	1240.40774034355	
28045	6	34	1086.06726913064	
12646	9	9	325.968817326226	
17325	10	15	530.869525918211	
23399	4	5	219.889114228957	
8346	4	22	722.778084391159	
18365	7	34	1102.95930392247	
11395	3	42	1334.25792506629	
18825	3	21	688.109967581979	
27443	9	32	1036.98484822967	
22298	7	6	250.865930882686	
17427	2	26	862.120951405783	
24972	2	20	673.68880910505	
18534	9	45	1447.15701163148	
14998	8	7	269.087235792115	
24805	3	44	1402.96868259225	
14108	5	18	626.048081845999	
24730	4	35	1128.08954310049	
22060	1	50	1572.11070517642	
16075	3	41	1316.08564911228	
24623	10	13	471.283229063863	
19120	7	46	1466.27855551721	
20765	3	45	1435.38471840107	
20930	5	49	1556.77133513464	
21174	1	13	456.729604851794	
21657	6	39	1259.67327515579	
21198	4	19	640.709590427908	
29124	2	47	1484.7678220108	
12807	9	12	417.885438323899	
26429	8	20	672.096951060042	
20400	1	26	851.561829844286	
22897	4	3	170.210743327723	
20622	1	1	99.6557343470192	
28404	10	23	752.504500948128	
29825	1	21	689.033242784922	
21786	10	8	297.053632539256	
8003	2	48	1528.46407287217	
16698	8	27	874.74574286246	
12752	9	46	1456.38046451676	
26729	1	9	326.288272443362	
9770	8	50	1593.35216302115	
25024	6	7	276.111734824307	
16373	8	10	378.63042063016	
16263	2	3	168.390051875445	
13159	1	6	232.943443615429	
17183	4	25	825.340847347556	
8089	6	25	819.334564963046	
27216	4	4	181.41631678744	
25018	2	6	233.394113068187	
28879	6	37	1193.89129716619	
23650	2	14	491.159767476451	
13434	9	26	869.541791598099	
26240	6	12	416.654377587444	
21648	8	50	1594.79196045305	
19972	6	20	679.079129006285	
18612	1	43	1374.12918482634	
21709	3	39	1250.68255072957	
10316	1	10	369.197482191584	
26818	1	3	154.139921066416	
29410	6	16	560.215839073162	
28010	10	3	162.068493963251	
9090	4	38	1218.19148191167	
18361	4	31	996.372486742387	
14394	2	1	96.0130165219367	
27427	8	7	265.423018385388	
8871	4	3	160.655187554963	
17386	1	26	842.465217058764	
25845	9	48	1521.18430815692	
19113	5	25	838.123768846562	
11316	5	50	1572.03360325286	
29022	5	46	1474.50460972009	
24883	3	42	1351.30233898354	
20364	7	40	1271.70907858373	
9308	3	41	1325.82243273306	
15693	8	41	1322.73348609113	
18546	1	7	275.171494239555	
23427	10	36	1167.64813488705	
11154	4	42	1346.99466652563	
17537	3	44	1403.82789151921	
18736	5	38	1231.38875750424	
9516	1	15	520.338710192749	
13371	7	16	539.293273640467	
21196	5	42	1331.37370894261	
8734	5	25	823.994141157714	
20166	9	6	260.937183583592	
8468	4	50	1582.02003824619	
22409	7	42	1353.55636574028	
19734	9	1	104.863773893967	
8089	6	3	153.425371941843	
13510	2	28	914.904057958584	
12200	4	19	646.371081809686	
23973	3	39	1239.26659068059	
26290	5	24	800.605821796044	
16446	5	30	976.164625443595	
16807	10	6	244.219778480111	
22980	1	13	455.160681109485	
13985	8	27	879.73924808192	
15194	2	10	362.617404108223	
26323	4	47	1502.96703349006	
9899	8	3	152.288256060466	
18517	5	50	1582.87563028879	
15285	6	27	898.150256806123	
19628	8	29	943.292547940879	
28368	10	6	261.360509815328	
19630	1	41	1319.3866874461	
21860	5	22	739.857428492912	
26075	9	37	1197.83271301437	
26364	5	21	690.831944854386	
23826	6	9	352.058474361924	
14470	8	14	483.907634766729	
28901	6	7	286.481049939283	
9515	1	47	1503.68788420394	
19532	7	16	565.369590672371	
9871	8	15	522.751163562178	
14503	9	2	119.877128880414	
21093	1	38	1222.77522032278	
29615	4	47	1486.81777296905	
28710	3	6	252.378345584673	
14180	9	45	1435.07583293835	
9857	5	7	283.402980139201	
8168	4	11	407.098821814684	
17607	7	25	817.601443164796	
14548	1	45	1447.75893621508	
28505	6	48	1523.21971088798	
28151	1	31	1005.66252144317	
15549	9	8	315.2380190395	
10188	1	19	630.696517187495	
20820	4	10	375.544453140136	
12561	3	36	1161.60265425295	
12214	5	29	947.572804981644	
17951	8	31	995.432246157635	
13150	4	27	885.030730778831	
21685	7	45	1444.02763303557	
29388	3	42	1331.53963545875	
15832	8	39	1248.51312721545	
19760	3	38	1222.18845338663	
16468	10	37	1196.00072569959	
21951	7	36	1150.01319912729	
14373	7	34	1104.60745371161	
21372	9	35	1121.07975509068	
23789	5	13	464.187325231818	
24057	3	22	742.724420885893	
12668	10	42	1352.80529953204	
14878	3	40	1269.51773717511	
18287	2	21	708.423008019302	
18255	8	22	742.683197605742	
12940	1	23	753.897000008215	
8372	5	10	357.854658233865	
25973	9	29	936.287496563181	
23151	3	18	621.444558157327	
9709	7	17	568.342908140432	
13683	4	21	707.360902497247	
25895	1	15	527.541571169878	
17312	3	41	1299.56405335086	
8275	5	42	1345.18943424578	
20003	1	26	845.274187123996	
22124	4	32	1050.39132059104	
25483	1	31	1020.0728370529	
19391	10	26	855.697988372155	
24107	2	34	1084.1486684066	
16403	5	4	189.160911305417	
25270	7	28	902.288259874232	
24397	6	35	1129.22929060144	
27031	4	31	1004.48566938028	
25365	9	34	1088.47538860909	
14541	4	31	1001.45031916045	
28289	8	2	139.660251168376	
19083	5	25	833.829955213624	
19467	9	27	874.238036346733	
15211	5	14	497.688675493788	
22302	4	1	106.774494623195	
25519	2	12	416.804573841768	
13783	1	22	747.770891873059	
18555	5	11	393.996077847665	
12628	1	45	1419.21565490738	
13768	6	39	1264.37440092879	
27002	2	33	1064.79614363275	
15484	5	6	258.241199039966	
23204	4	27	894.796702868676	
13633	1	9	342.979323837431	
21786	10	36	1161.34101903128	
26132	3	9	352.84185895363	
18906	2	32	1039.25695657695	
12654	8	18	620.158096095621	
19632	2	13	459.229896841212	
21312	9	10	368.071343660388	
22110	10	12	437.489159608953	
16984	9	5	224.463579684712	
9635	5	50	1586.35020121296	
17758	5	14	483.238940091449	
25290	2	6	251.797132795582	
27558	10	6	255.927888646688	
21598	2	10	374.31521075513	
11303	1	1	100.458785305013	
20517	1	31	1011.91884378526	
26770	4	36	1161.89906535759	
21956	6	38	1213.49513028445	
9204	8	12	428.319630151763	
11365	10	6	261.042348566019	
10908	3	41	1306.97268885885	
12330	2	20	683.022946437366	
29765	6	48	1520.06704479459	
15056	6	34	1083.61662188713	
16786	1	15	518.598821069393	
29021	5	17	594.670063534132	
20805	5	5	231.538334298664	
23748	4	49	1559.59001062419	
27097	5	5	213.545493322213	
27489	3	47	1480.34839844347	
23311	7	3	160.815033316992	
12124	6	43	1380.47804349124	
27728	4	27	872.150121551077	
29689	2	5	205.276134184225	
21523	7	17	592.718664534725	
14143	1	48	1522.80764937532	
15324	3	45	1436.31905235179	
9871	8	46	1463.03130329728	
18040	9	17	589.071194505818	
11584	4	18	625.255772539068	
29288	8	24	800.404044948706	
26687	2	19	643.961159551498	
21123	3	48	1515.19667148366	
17437	9	26	847.47975400066	
13220	4	13	470.999096255283	
15852	1	9	325.891542698206	
14133	4	46	1450.84660597651	
16217	9	2	122.489363086638	
23243	10	22	727.312106568046	
20981	10	30	982.077234062402	
27284	5	9	337.316589549797	
23084	3	2	130.879270644337	
26783	7	21	716.47651348099	
15858	7	50	1597.19885047395	
21126	2	37	1187.82401400983	
22747	10	39	1259.95637740007	
25208	7	39	1241.27397423669	
14810	6	26	869.225237066497	
16227	1	18	600.658135507562	
25724	9	1	105.488032561488	
11215	7	8	307.691562542548	
14373	7	11	408.4813330362	
10812	6	8	303.94366628674	
8134	4	9	344.115181241238	
14499	1	47	1505.53516789597	
11105	1	21	702.760896600206	
20232	6	30	979.647011244505	
17656	8	2	130.651754462464	
12772	10	43	1381.59654622041	
9866	8	4	177.651135929698	
20039	7	37	1175.59979143348	
12045	10	41	1298.86776206031	
14610	2	21	704.423935778636	
19101	3	44	1403.0638576127	
20110	4	33	1060.63830361731	
12485	5	22	743.011529307352	
21179	5	23	767.826274953702	
28661	6	23	752.587290793931	
8995	7	21	692.617525631849	
10638	9	7	272.707278371187	
10482	1	22	743.823457557626	
8545	5	4	189.048971212026	
17114	4	28	912.277904056142	
25575	10	25	831.468259259811	
8132	4	38	1223.03180889368	
17604	2	1	109.935762672655	
10805	10	22	744.001530010254	
23750	7	27	874.95127107713	
16560	9	18	617.452120174399	
11978	6	29	932.76228713466	
29314	2	10	361.533675138621	
9101	5	19	647.09381528529	
16891	6	29	942.373167789715	
13555	6	16	563.583161944329	
18250	8	11	397.56420999652	
11368	6	13	471.922711912507	
15973	4	12	420.017493264758	
8891	2	39	1251.08149024243	
24907	1	29	941.944586104688	
25597	2	43	1368.23819965508	
18581	3	29	946.244531453701	
28809	1	44	1400.19485151404	
10189	3	9	340.892816866232	
24091	6	19	629.660970638348	
12045	10	44	1406.47744262893	
18028	2	19	638.448827489488	
22119	10	32	1026.4553348657	
17879	10	28	913.412655868294	
11727	5	18	616.560546856635	
22143	3	15	524.812484702474	
14869	2	17	572.130102446363	
21416	10	17	568.686683442763	
15970	1	6	256.607711434647	
27171	2	11	407.950857136376	
17888	4	30	961.664575003863	
20448	1	4	198.642591330522	
17020	9	34	1096.20342898006	
16735	4	33	1072.47540702693	
24455	5	22	721.083372347561	
15636	4	46	1475.59940522332	
10598	9	49	1558.75936658995	
12574	2	4	184.695740167376	
14999	7	34	1113.19963428807	
18215	7	15	528.834259085746	
17391	2	44	1416.11746079108	
9157	6	18	608.505976148185	
15665	7	12	436.494594270594	
19177	1	5	220.840773834307	
14531	9	34	1085.49964761618	
13594	8	20	668.715591704806	
28527	2	11	402.994036042594	
22873	5	35	1116.74478471128	
11224	6	44	1410.64270468924	
16093	8	28	924.379325976772	
10456	9	28	926.462746917486	
20364	7	29	943.628606043583	
26549	8	46	1448.15615434579	
28406	3	10	362.616933417794	
11486	2	32	1024.99081663088	
29677	7	20	664.582981404189	
24505	5	20	683.480427806955	
20259	10	45	1430.58887414196	
29762	1	9	338.390724220495	
26895	9	4	172.639635471925	
9686	5	12	440.632184688296	
25542	6	44	1392.84699169586	
25653	4	13	470.486103850643	
17534	4	18	614.422310653339	
14891	7	37	1201.91858694047	
29010	4	7	278.921618665998	
21013	6	30	975.719282932449	
22879	5	29	947.542086237828	
9786	1	18	609.998117894865	
14499	1	33	1066.34518088137	
10745	9	44	1409.47883306513	
14195	9	26	841.548791286325	
15179	7	10	366.995217225978	
19666	10	44	1412.05855778049	
22646	2	25	813.543509847272	
25614	1	27	877.971466480741	
13642	9	7	281.954233218895	
22512	8	27	885.614561031393	
11763	1	45	1427.91300825212	
18299	10	49	1547.84495515183	
15624	6	5	201.818448659879	
26782	5	33	1055.38531773509	
28635	4	23	758.04397875352	
14126	3	29	932.228385457875	
8747	4	33	1081.48811021889	
25683	9	1	98.0359689602796	
28832	9	9	350.486436984728	
21113	4	25	813.586495562264	
22672	5	2	127.484590396045	
9893	5	2	136.500390943373	
15146	1	27	872.118977416362	
18139	3	5	208.170492447992	
20486	8	45	1446.30501594688	
17571	3	31	1020.55999881614	
27869	7	3	168.202074397449	
26808	4	1	103.270469095218	
28768	5	5	218.019872297542	
28793	10	45	1422.07228361725	
24116	9	18	618.92218689384	
10947	8	27	886.578028950178	
25132	4	40	1292.99630877236	
14693	2	33	1055.45194980477	
18391	5	17	586.746666816411	
9260	9	12	424.297523807873	
24830	8	35	1114.90049291165	
26131	8	3	164.91395563116	
22288	3	19	656.633388817605	
18707	8	2	116.097596565307	
26628	8	36	1149.07342357052	
21624	10	5	227.019350150143	
15179	7	13	462.628748185294	
10339	8	44	1397.86586677556	
15965	10	1	82.6758658898416	
11128	9	11	390.545769068667	
24505	5	50	1570.82118681205	
26870	3	30	985.246866953209	
8024	6	21	714.803012942338	
8669	3	35	1138.25771839277	
9964	3	35	1132.93420043445	
29762	1	37	1183.88261798019	
9247	4	48	1528.43518168127	
25765	8	6	242.132787370185	
13585	6	27	900.057495841783	
9482	4	16	553.497726951492	
22038	3	7	274.226203465008	
18441	1	40	1281.30834061713	
11679	2	31	995.243775339445	
8142	4	29	946.435218409838	
18121	9	41	1323.85648338304	
9241	6	24	790.273040752054	
17207	7	22	739.951594183199	
29307	4	13	459.88194960164	
11757	3	9	346.692374137553	
11638	1	18	621.33497930194	
12922	4	9	334.848646379471	
13353	3	22	746.366498855113	
21027	3	16	548.638650918677	
17408	7	11	413.746454945647	
27927	3	44	1417.32789254623	
26818	1	31	996.57415458773	
26360	3	32	1041.40258014267	
27176	3	8	314.388840419421	
26462	9	39	1264.51307199174	
21198	4	47	1500.4652402459	
18601	8	40	1273.87164275808	
24792	4	33	1074.2531106408	
23020	10	5	205.49462655815	
29075	5	35	1135.75924687821	
8584	4	32	1049.73881200409	
27183	7	24	782.955207444241	
9679	3	30	988.46745615288	
16224	4	20	679.762153904774	
27057	1	10	369.138083182805	
14912	2	32	1035.03956891365	
24140	10	29	958.142847268909	
19186	3	35	1130.86352140217	
28415	2	6	235.394453962983	
18377	7	2	113.248939864919	
23312	9	5	230.071320342865	
8209	7	45	1433.59215229451	
18297	2	23	769.670180291715	
17377	1	41	1310.19817040777	
15170	10	11	392.24111318227	
15610	1	12	438.800382818468	
13805	4	34	1087.06775596694	
10838	2	1	82.7467985836541	
8605	9	35	1131.17349263801	
24420	9	33	1061.3408865879	
16722	4	2	135.697122689196	
26168	3	28	904.454687956932	
11930	2	15	516.608216034532	
24641	1	10	381.056557996691	
13540	2	41	1320.92982584654	
16777	8	5	216.360045846719	
27035	5	5	222.480037837513	
16049	3	40	1294.04634126185	
24620	3	17	577.619715378443	
14533	1	31	999.592255595882	
8455	5	27	879.626084193413	
13706	1	24	799.973092824208	
16165	3	36	1155.81371405898	
24177	7	46	1459.48452846123	
14631	7	47	1496.69640640574	
27303	10	18	620.901275938796	
14571	8	44	1401.80558459917	
10002	4	2	140.189440278425	
17052	7	3	170.743866418835	
11866	1	28	911.652805223899	
27587	4	39	1263.19213203303	
24961	3	24	803.985124977299	
19983	4	17	590.972044892131	
10398	1	15	515.389711053758	
26267	7	7	263.675134602783	
15252	9	50	1583.73574025172	
8734	5	8	306.903974296015	
21746	6	42	1331.20440973491	
23821	6	48	1522.14772723715	
9021	8	28	905.712689173274	
16313	3	14	493.397484278957	
10693	1	40	1271.12484417442	
10572	1	49	1543.07961800279	
15256	8	22	744.153739970249	
11644	8	33	1080.06212418902	
12585	6	5	225.284124047162	
28565	4	9	346.346991409709	
9850	7	20	687.41089815619	
16361	8	29	958.832328058235	
26830	5	6	232.778037336086	
22099	10	27	892.55953107614	
29575	6	39	1264.09650600706	
9868	9	19	633.24380602373	
13878	8	25	835.802198367101	
28071	3	25	833.622855671506	
20242	2	32	1030.09822751866	
10690	9	10	357.77843823553	
9841	8	28	910.185651830484	
26857	8	44	1413.50176400202	
20413	1	43	1371.33983724347	
25479	1	19	636.994798219295	
10525	1	32	1026.87831568852	
22352	10	48	1512.00293216482	
23119	7	8	299.52068741411	
15426	1	44	1398.14875455487	
26361	3	29	931.711997711897	
24509	2	11	393.482643064802	
17622	7	1	81.2185049807739	
14075	9	4	197.381423393908	
8103	1	42	1337.19408559482	
8196	7	48	1509.4560715507	
15077	8	14	491.275628102606	
28235	2	43	1371.8986140247	
13779	9	40	1271.90702620517	
26724	4	17	586.194771316925	
26486	5	38	1208.50124001899	
13095	7	26	856.893474821417	
11495	4	14	491.659974088734	
22096	2	13	459.422404272213	
19928	6	42	1351.41228235858	
18299	10	10	354.554284529087	
27443	9	24	794.394686442984	
11068	10	24	781.357112220189	
14180	9	48	1537.96582908275	
9958	5	1	99.0932741477588	
26243	2	50	1599.09562602597	
25661	2	6	250.741318953569	
14698	9	42	1355.16984652503	
17079	7	40	1281.76685538225	
14844	5	25	833.576907084126	
23558	5	41	1305.95730201619	
8067	9	31	996.718322465531	
17753	1	48	1517.70264573288	
13403	3	5	230.807889993679	
21385	5	9	348.717890953979	
29500	7	33	1066.51916859044	
29140	2	43	1359.12191200961	
26413	3	41	1323.55893058868	
9932	5	29	946.004985415379	
14537	6	5	228.350126477121	
18613	1	45	1431.80148098236	
25259	3	9	345.128486428935	
8395	7	17	570.029474762282	
24464	2	38	1221.63824246341	
26431	10	9	323.321965785381	
16736	5	14	481.283902973535	
25835	3	47	1492.19789198236	
26413	3	29	961.336779818561	
27005	2	9	329.607427050177	
23748	4	38	1225.12161565252	
17457	9	6	253.204752697239	
22076	2	46	1466.1184641468	
11531	6	15	530.763247558271	
12743	6	3	142.089481643443	
29200	1	34	1096.78555271439	
28403	3	45	1442.60011177631	
16239	1	9	325.521203468331	
24441	4	50	1574.03710308207	
16420	5	7	280.427413266351	
15667	5	44	1399.0531285289	
28505	6	23	760.970678758328	
9295	2	19	638.312796539773	
9873	6	11	399.451649598522	
23167	10	30	963.804516309781	
13040	2	2	111.236783578636	
18306	9	17	592.737749085174	
11018	3	17	573.572982369723	
12372	5	38	1221.09072403102	
19586	9	31	1003.18913525119	
23138	6	35	1119.67560272649	
22789	1	46	1449.37932800938	
18665	9	35	1133.33454423274	
26328	3	36	1145.65498867336	
16973	10	8	311.072277795091	
16269	6	48	1519.61080137622	
20082	10	1	89.425798100152	
18810	9	8	304.365211680702	
13916	10	36	1159.71886975678	
14844	5	40	1294.64386329737	
19105	3	38	1217.80937117422	
21172	10	4	186.897734043606	
26501	1	27	889.404539135007	
26419	3	34	1105.56241947485	
18042	10	2	136.645239729735	
12597	8	20	660.372154386887	
26462	9	45	1439.83883786939	
25368	7	16	545.95507490726	
17503	10	46	1455.61316408944	
13594	8	22	734.022337279293	
15688	6	15	506.117779177668	
27113	9	25	820.997965122107	
13647	3	43	1385.08480892753	
25914	6	35	1123.13151732233	
21059	1	36	1146.95185688648	
10487	4	33	1067.37944771879	
24279	5	27	873.488684442588	
22220	4	49	1545.67683683041	
8013	1	38	1206.2249584525	
19842	8	37	1190.40145888478	
13018	1	42	1330.58421670021	
12431	8	47	1507.71092060381	
18327	10	9	351.107167951347	
23789	5	49	1558.14764456737	
15554	7	25	809.93182432369	
25200	2	43	1375.74228764313	
13739	9	22	719.870208464502	
22529	4	11	400.463475473441	
28015	4	8	299.69096976318	
28884	7	5	222.478680267222	
24086	4	34	1087.35975461423	
9552	3	38	1218.23490009561	
10951	1	23	765.802333711554	
9475	3	10	359.393239784703	
24940	4	20	662.618042092127	
11365	10	40	1292.15539448529	
11548	9	46	1471.56613962332	
28694	3	35	1132.75037706492	
13117	8	9	342.806409868787	
11785	7	10	383.432361922894	
22936	10	7	271.397945709246	
26361	3	2	126.782674177914	
14969	9	21	717.959818280283	
18452	2	17	567.068386751725	
19926	6	17	577.071356073521	
20049	7	10	378.677637604381	
26185	10	3	144.294519081849	
13704	8	1	90.203026910407	
20985	9	50	1598.70313178688	
20400	1	26	843.692830076298	
28760	7	22	726.122116933634	
26202	10	3	143.748961269739	
27428	4	21	698.140253228201	
8247	6	49	1569.317410872	
28078	10	49	1564.05964659716	
10947	8	41	1310.09845057041	
25795	1	45	1435.79056609226	
11846	7	29	931.256894567635	
20566	5	10	375.630595151163	
17604	2	10	360.902952086601	
17536	6	49	1540.50194592238	
11023	8	35	1119.37536239595	
12792	10	9	326.26410514408	
24057	3	41	1313.13448382222	
29401	5	39	1246.66258266506	
22577	3	27	887.882879082059	
12254	8	2	135.195631410552	
29060	5	34	1105.69156914283	
13129	6	16	540.513475230203	
23756	10	46	1454.79646240119	
21944	2	37	1195.81330809547	
21948	6	42	1340.73830737767	
13703	1	40	1282.87042696163	
15557	8	28	902.792596529607	
10644	6	31	999.00351317553	
21948	6	40	1283.80154252229	
20550	7	26	869.751102323528	
24103	7	43	1384.03878119962	
12093	9	33	1061.07628849385	
18529	2	15	511.254186719309	
23923	3	41	1311.44776856128	
27152	1	21	709.667181554095	
15190	4	11	401.760343686566	
10113	10	33	1055.99813968688	
23956	8	34	1096.35656333359	
10977	1	32	1023.6107933445	
24441	4	18	600.094646867409	
26589	1	24	796.484922839554	
12348	1	11	395.333593187543	
21090	2	29	952.519591521714	
28444	3	46	1456.36482839303	
16050	9	18	620.309245055685	
18697	9	25	837.119781913757	
22895	8	50	1581.90345778219	
20350	1	12	442.930416000509	
26785	4	23	752.022583313297	
11592	1	44	1400.51856903383	
28284	6	31	1004.82533445806	
27825	7	28	920.405804086666	
12167	3	40	1289.18847699146	
10457	5	9	323.482006193829	
24661	2	19	638.602949939018	
27605	3	36	1149.6895516802	
11695	6	5	223.906669385688	
12270	8	39	1247.87952198083	
28398	9	30	985.383809555966	
16313	3	13	460.878534308112	
20255	6	44	1395.34765669859	
15125	2	19	650.31389769647	
28472	1	10	360.258104074867	
20934	1	15	520.347348246885	
28215	7	2	131.751784892637	
28169	8	46	1470.18060607378	
10641	5	46	1464.37640843185	
14472	10	19	649.455183525316	
27006	6	28	910.834764368289	
9822	5	24	797.615018709383	
12387	1	26	870.265965457198	
26240	6	8	296.77792048863	
18134	10	8	303.051789320564	
29769	7	10	367.78823221465	
26125	5	29	938.710708570998	
28521	5	24	790.357975955288	
26224	7	37	1187.99388370849	
23875	10	50	1598.43163400815	
23924	9	19	655.504063039787	
24208	5	17	583.61852546391	
24591	7	41	1300.96696917944	
13701	7	16	539.862180529098	
17650	2	9	326.980929862233	
29183	9	47	1483.28297348846	
20373	4	46	1464.92576786546	
14120	10	16	543.632977112957	
9014	3	43	1371.88781150239	
19327	6	7	267.77218052548	
24934	8	23	752.844818622267	
16895	8	36	1159.97762987389	
12261	3	6	257.853674300878	
18476	6	44	1408.11861770606	
26537	4	4	190.972753777622	
20154	10	19	642.732259036383	
15798	6	24	804.746990168815	
15665	7	5	226.171025143085	
17775	9	2	115.075489112677	
16138	10	15	512.172243274829	
14760	8	44	1404.6130435004	
24109	3	23	750.128638981901	
19269	6	30	972.743373481903	
27183	7	31	1012.44827425687	
28998	10	35	1132.09565163222	
8561	8	49	1554.40756460391	
25725	2	18	610.252603576636	
9664	7	24	788.047413969435	
19834	4	21	697.354014766102	
18358	7	31	1001.40024477681	
15905	1	30	984.771297622831	
16621	5	46	1448.24497398373	
29720	5	49	1561.69566797172	
22336	3	5	225.475035377534	
19980	5	20	672.375458941038	
13469	1	14	481.765284092056	
22533	9	23	759.911565128673	
20083	10	29	935.485476169496	
19890	2	11	403.332967834237	
12587	5	14	476.975130586408	
21255	3	19	655.421580381422	
25324	5	37	1188.11880777968	
14591	3	4	178.292794571394	
18745	1	40	1276.60422790637	
10398	1	47	1496.61036490305	
24826	6	42	1350.8571344944	
20372	1	18	619.761344408505	
17758	5	33	1062.14734775114	
24752	1	4	185.805166711009	
19755	4	39	1260.31953028418	
24242	2	36	1163.04124204584	
8094	8	24	792.539683427913	
29139	8	23	755.282486842611	
23706	9	23	755.821640433661	
23385	5	7	273.818590507758	
25946	9	47	1505.37542405789	
25467	5	38	1210.87515198201	
14512	7	10	368.51869492257	
9481	8	31	1007.76652889688	
15788	1	10	372.57336525832	
8325	8	29	953.030369911823	
10612	7	23	756.878353896029	
11514	8	45	1446.27896234686	
29916	8	13	450.487566725578	
10487	4	27	883.000882902649	
11264	8	28	904.599844638537	
22149	4	37	1198.28196190218	
17857	7	2	112.378638923345	
24299	2	25	815.743158765018	
25549	6	41	1309.20746968557	
21625	6	47	1482.82069390771	
27436	8	46	1469.26151399932	
9193	9	45	1422.83805730885	
10081	10	39	1238.10035852627	
16122	5	46	1456.75066289341	
10398	1	8	296.494235720716	
13510	2	19	651.835844410507	
25559	1	41	1296.13914557553	
24146	4	35	1115.83790935382	
12481	5	43	1381.23851713782	
28368	10	31	1014.64622019541	
9782	3	36	1148.10525582549	
29465	2	20	682.242247258426	
22207	1	32	1037.03448448192	
27138	10	45	1438.35900273098	
15467	4	7	272.231614194918	
29871	9	23	772.962487141119	
17916	1	27	885.874027538055	
13951	2	49	1551.65644486978	
11228	8	23	767.000034883153	
8516	5	27	870.890132110049	
29302	6	13	471.392870206103	
29000	10	48	1527.71894727262	
25726	9	2	110.759602575917	
26025	4	35	1123.94476067459	
9786	1	47	1498.54322648539	
9635	5	42	1341.83984543283	
15521	4	42	1327.80522784582	
17106	9	13	473.603345003726	
21123	3	20	672.010520264511	
24741	6	6	232.575172592222	
25911	2	17	587.382705485161	
17504	3	9	326.404188986125	
22892	5	14	476.597697025443	
17903	5	43	1377.49883637647	
29941	5	40	1293.77972804652	
24384	5	30	969.701626119065	
14741	2	35	1117.18212831634	
16599	6	27	899.070977540254	
19236	3	50	1577.32435478704	
17902	6	29	933.539579647379	
10236	3	48	1514.73600640648	
10693	1	26	852.680785568748	
10296	9	38	1226.52801175906	
28339	5	29	957.927145062912	
9321	2	44	1404.92511408633	
29461	6	3	154.636106637603	
25183	5	14	489.244477864934	
16458	5	18	612.128563994602	
25302	1	21	690.76926870773	
16267	2	5	211.637357497419	
17306	3	11	392.407934364121	
18561	1	3	160.722194053569	
23685	8	2	128.743123881865	
21049	9	15	518.317337575516	
18041	3	34	1091.42782370161	
14373	7	49	1541.5425667267	
14890	3	44	1392.07845473293	
9769	8	4	194.155597851684	
25450	4	49	1558.20743640801	
15421	6	16	554.65439028789	
14705	1	28	924.03061656469	
10917	1	28	902.535800571803	
18996	7	15	523.82738908931	
24285	8	38	1228.6633445456	
23161	9	15	507.263514710247	
13077	7	28	901.70106683937	
24018	3	7	285.644550232983	
23702	8	39	1259.53564810545	
12718	6	5	224.579274684461	
10367	10	28	902.529988075853	
15669	1	39	1255.78035882478	
10583	2	50	1586.8030499978	
15584	4	50	1574.33209008273	
8902	8	45	1433.46045523577	
22882	4	29	956.15412570357	
14768	1	38	1218.71208463736	
11057	4	10	381.190935513559	
9767	1	23	752.832457513005	
17065	2	41	1319.01964658826	
19105	3	45	1423.90711984779	
29566	5	29	932.595367567891	
27599	7	24	795.676663851215	
28331	7	43	1382.834076296	
10572	1	16	540.373162767092	
12544	9	45	1440.1672382281	
13895	4	15	506.660511431592	
21156	1	7	277.66106510426	
17464	5	49	1558.28035944993	
23611	1	10	366.071012674864	
18581	3	42	1352.23716131981	
22395	8	37	1177.62317138613	
24807	1	31	1003.02653046466	
13462	3	29	940.863541132241	
23399	4	34	1102.66996449915	
14687	10	1	89.5089630826884	
13496	3	21	692.200205834676	
19456	10	11	408.853396479438	
16138	10	50	1597.86466721346	
9994	4	15	530.663630352665	
10909	8	17	583.224047246959	
28274	2	46	1468.99155640462	
21882	1	25	829.708829759485	
12153	5	13	467.549289310141	
20641	9	44	1388.23928063188	
17571	3	16	555.856998672642	
29219	4	11	405.604884366321	
17589	2	4	186.390103970836	
27587	4	8	295.282668646091	
21558	1	36	1162.16321187195	
29330	10	46	1472.71573906425	
21478	9	39	1240.35163121314	
23585	8	22	719.245997219927	
25344	1	13	475.135951263428	
26005	7	5	214.300316560222	
18477	3	38	1222.05902272	
14537	6	5	208.353952713476	
10369	8	35	1119.70172427581	
27812	4	50	1583.45422632222	
24512	4	44	1388.4961063175	
8346	4	1	80.6030032786555	
12167	3	21	704.04000173511	
14237	9	9	327.364190783056	
8661	5	30	973.464635430586	
9024	3	13	472.342113364647	
20476	9	41	1324.90681668972	
20142	5	9	332.753828360119	
27791	2	22	725.939508865559	
13779	9	16	551.662125583581	
15610	1	45	1423.95149215309	
25032	4	9	343.953919868895	
28371	2	27	889.858688157917	
19610	4	10	383.3262683001	
16989	10	8	302.16882716034	
17111	2	25	815.795599341297	
29436	7	49	1554.91556344317	
19532	7	4	182.886537808406	
12216	6	11	408.127374541074	
12856	5	50	1594.59479566412	
18737	10	50	1584.51616409445	
24441	4	35	1114.56235386178	
20309	7	11	400.270407460756	
13502	8	50	1582.37839645817	
10938	9	14	476.117147577981	
27560	1	14	493.355273610612	
11563	5	4	191.88553010667	
11567	3	16	538.377174166207	
18382	7	18	607.89057920123	
20257	7	24	806.563224572019	
19372	1	47	1480.61094177915	
19996	9	47	1481.15501036921	
13450	2	36	1172.49848155887	
23399	4	12	425.39917015722	
8747	4	7	289.368560895961	
17879	10	15	530.060627074009	
12157	2	47	1479.18404551185	
16713	1	38	1221.62736562156	
24782	8	46	1456.2441943289	
15965	10	50	1595.20717594549	
9609	8	3	143.332463942157	
19694	5	8	303.103170312523	
17559	7	40	1279.66537550076	
28114	4	38	1234.72797838726	
26295	4	13	471.331176493005	
28334	5	27	898.209292003051	
22568	9	20	662.857050906335	
9950	1	29	937.025362913043	
17201	3	14	497.077170059586	
28957	7	39	1259.34035192213	
14965	6	6	259.384753117051	
16351	5	35	1119.17248491159	
24705	4	44	1400.2265781724	
12104	2	35	1125.10692861169	
19617	4	50	1598.93806222777	
29052	1	10	353.933752455718	
12010	6	40	1280.3325958179	
23672	1	22	721.661605276941	
18096	10	46	1451.24704320507	
24698	10	16	560.109361819974	
15847	2	10	360.456583257977	
14219	5	26	866.529642523513	
8451	1	41	1324.86324915889	
27400	1	48	1519.37628429354	
27853	4	20	671.051183804428	
18255	8	49	1542.79648178387	
26010	5	23	771.455438310027	
10556	3	16	544.459518000697	
12518	8	4	173.957707404139	
12154	7	43	1372.10820008633	
22407	9	29	936.611553829448	
17504	3	11	413.288197821606	
23848	1	9	326.642343479508	
18578	9	11	412.92019859558	
25894	3	48	1531.26233172196	
20283	6	43	1361.41299378193	
10791	7	45	1434.89697836102	
10331	10	23	765.542429073501	
29575	6	37	1191.04721996516	
12682	8	37	1177.90785557493	
27044	4	45	1430.49822270428	
8566	4	26	854.860167193627	
24512	4	2	121.30000410662	
15604	5	29	948.5502272791	
25648	4	18	627.178471454968	
9487	8	12	441.43845686756	
28894	6	3	160.928432196811	
18785	1	2	127.391552947178	
27583	2	12	426.461107929452	
11563	5	48	1535.43480844024	
8669	3	26	849.72803125611	
12976	7	25	837.522440234908	
18134	10	43	1370.38032241649	
9879	4	30	976.134832508925	
19021	3	41	1314.75059268752	
21425	3	27	876.802821418644	
25937	7	17	578.239921153635	
16410	6	43	1360.28909120722	
9564	6	19	643.676794582827	
25410	9	15	528.534694709133	
16378	10	5	206.753853693024	
11217	5	4	198.397532905637	
12549	7	26	843.067655508904	
13025	6	22	724.968969973255	
13768	6	11	402.728798092682	
11783	1	45	1446.09655529545	
25378	8	27	872.530141432085	
25742	3	33	1067.30637957682	
27507	3	37	1193.84459688973	
9324	7	8	317.525068445841	
13845	9	15	519.036774094699	
24444	10	17	594.790166744399	
21786	10	35	1130.61438531178	
15225	8	9	353.339187630145	
20035	2	22	729.611139115696	
18900	3	34	1105.59641606435	
18208	5	25	825.229638416893	
8500	6	13	456.313021879789	
14110	9	30	972.197812838572	
21405	7	8	309.612726936868	
17890	6	46	1461.86804958706	
14423	9	22	724.063885362849	
19014	7	4	197.998410071246	
18249	1	6	238.522898963896	
24049	8	18	602.380168830222	
25835	3	4	179.08911359454	
14195	9	19	642.907875405116	
16951	6	29	950.507510970583	
9840	4	21	698.169605908063	
17945	8	22	734.459510303316	
11222	6	26	863.173072628292	
28766	9	3	154.607887153797	
26805	6	5	201.865634490673	
16621	5	22	742.51252525603	
16686	3	32	1051.15400188191	
25705	10	41	1312.10068979864	
17544	1	1	91.7925116847234	
11289	6	31	996.331034133365	
25911	2	18	625.821429186418	
18041	3	24	781.081916159523	
15888	6	36	1168.90831543547	
8999	7	21	693.622052619989	
22596	5	15	533.546956057449	
23360	10	4	188.936039483611	
25555	10	34	1096.39803434554	
23289	6	9	334.937864511711	
20363	2	41	1306.90805492313	
27749	9	34	1097.04113478635	
26738	9	9	326.523693393228	
9994	4	7	289.154176623167	
17922	7	2	131.573183001752	
8723	4	5	201.926899273846	
17141	2	13	468.09127836865	
16211	8	11	414.06406764596	
19844	7	20	666.666645122071	
28962	3	33	1082.68996833018	
19358	2	1	80.3991228343915	
28673	4	20	684.544756545008	
13452	3	5	202.588801143034	
28760	7	8	303.639684498142	
26369	5	27	883.188679890329	
24718	8	48	1522.0226304615	
9219	5	13	449.136773668759	
20969	1	16	539.385086586413	
27007	6	33	1054.35199581755	
24432	1	12	444.428886940903	
21135	10	13	472.924532253726	
24330	5	13	468.101860055747	
18700	1	28	902.185185748239	
29001	4	31	1017.51044931706	
18825	3	34	1093.80390437963	
12559	5	45	1428.89860428353	
12104	2	45	1430.49159269337	
19336	4	7	271.115896679049	
15772	3	22	740.704411501393	
10855	2	26	848.245996967073	
14319	6	7	270.516929305399	
10904	9	1	89.062370587635	
28475	10	22	742.124864618352	
24060	7	9	347.442304318511	
14105	9	13	472.18105867141	
29410	6	36	1145.86674061877	
16655	7	21	703.983817577355	
29499	10	14	489.015429284896	
24934	8	20	682.886327301565	
24836	5	22	741.246173354446	
21344	10	40	1286.51660878515	
24242	2	44	1387.80156684471	
20635	2	3	155.845880133959	
8938	2	49	1568.46403355173	
13645	4	41	1311.70156696425	
18969	1	31	1007.24775513972	
26775	3	27	873.742232990331	
21186	10	11	402.181744688275	
25520	10	47	1497.89323626919	
25868	7	39	1246.88568497397	
15488	2	9	324.48527895123	
23149	9	50	1594.16186947104	
27375	9	22	734.584043666061	
14778	10	22	731.969147404641	
24674	3	46	1462.01333225798	
23585	8	28	918.806194867383	
25547	8	7	274.855949038107	
19069	1	28	909.013244076172	
29999	10	24	795.35027224354	
22723	2	8	302.674578718224	
17806	7	10	371.435306580474	
9584	1	7	276.9753816896	
25614	1	40	1273.35965614457	
11941	3	45	1418.420648155	
27007	6	27	892.173039024776	
9881	8	50	1591.33675224676	
16095	2	49	1542.41989192666	
15788	1	46	1455.14649682452	
28720	9	45	1431.45862582673	
16100	10	42	1337.32193927156	
27651	3	27	898.038812884148	
18317	8	49	1560.12134438386	
11778	6	46	1456.49875928485	
9374	3	11	393.105822463103	
20856	6	23	757.912278155755	
26102	2	20	685.122965409012	
9878	8	11	392.255979921788	
8168	4	29	933.721152196508	
24663	2	41	1305.80888235281	
14749	4	3	166.556149239911	
28830	8	19	635.156371293197	
23239	9	34	1108.3098480051	
26212	7	10	373.222660409856	
17907	4	34	1093.81872652742	
14246	1	18	603.760718015842	
22644	1	7	276.355059834362	
20324	10	29	954.478326921574	
18248	2	1	90.1557172137106	
29942	9	14	485.428972060526	
24350	5	36	1153.37486380403	
20370	4	29	951.010791580663	
25941	6	44	1394.97057350118	
8908	10	40	1293.66515704136	
16472	6	13	460.211748583341	
24116	9	13	449.810866773972	
25110	7	34	1089.54122709555	
18261	5	4	194.441910700147	
13690	7	9	337.425231978961	
16093	8	23	756.290994526954	
8979	1	41	1320.36481471749	
14023	10	33	1064.82786321306	
11394	5	31	1018.59573616581	
17066	10	17	570.723118861543	
29901	4	6	240.571296997634	
24764	5	12	428.846872089825	
13837	9	10	364.363934567368	
9308	3	5	217.663110186189	
19955	6	12	421.478221202958	
18313	6	50	1574.05686924889	
27489	3	26	856.890366848973	
21770	2	18	606.550214945595	
14070	6	29	941.134796841598	
14426	8	37	1203.20436172337	
19347	1	21	708.794123003629	
21878	7	40	1267.51820742503	
18013	3	26	863.125458575378	
17695	6	47	1503.75272127974	
9844	7	6	259.540929617147	
22628	7	27	894.659930139156	
11227	3	21	695.817979190414	
19165	4	21	716.858425325182	
27875	5	48	1532.26417471294	
9176	10	32	1049.717524764	
11067	6	10	358.083762022706	
28356	8	13	466.311147690896	
16745	1	34	1103.06823938297	
10216	7	9	346.456187342506	
11134	7	33	1076.28701070151	
16371	8	49	1543.29495568913	
27990	8	40	1268.37105106021	
10925	10	17	570.681054708865	
13445	3	2	134.830747942827	
22606	2	6	257.430157669555	
22617	9	50	1585.44406763531	
26957	7	21	701.72828602685	
22873	5	38	1216.56063512739	
19569	8	18	617.586729143554	
28982	10	5	212.651363412222	
21873	9	22	744.971854437595	
18534	9	8	319.396783448475	
11023	8	2	138.691949648174	
25779	1	18	613.000105718616	
25960	5	2	116.098847964825	
29035	2	38	1228.53860521155	
16904	6	18	626.824648858432	
9790	8	1	89.875994739065	
18676	3	7	271.766211777817	
26977	3	20	664.871034037727	
29059	7	24	792.693541158314	
22117	5	37	1186.68540819859	
17876	3	37	1185.7885058158	
9560	9	48	1534.900981083	
9980	1	32	1042.76530183981	
11470	3	2	140.47301533654	
11888	2	20	683.50638939231	
24216	2	35	1132.56368850012	
13594	8	49	1568.87821140181	
23317	5	7	292.639356838837	
25444	9	43	1374.26014930674	
8303	10	28	925.778632706859	
29844	3	1	97.9077472248616	
26431	10	22	741.376099484682	
14828	2	14	478.183265513826	
18630	3	11	385.685818188677	
23371	4	10	366.209312140108	
11421	1	16	551.719467002768	
24889	1	23	763.704639172044	
14118	3	38	1217.76029408805	
23792	4	1	87.0658369767786	
29517	10	2	130.957572297639	
13946	4	9	325.538729431824	
14458	2	43	1371.10135786752	
21361	6	35	1114.56907517955	
28661	6	19	655.263146690681	
21703	3	19	637.12602954224	
25143	9	4	183.858319606566	
23683	9	47	1496.16532674812	
21350	4	45	1421.17891955244	
10339	8	42	1331.25911316427	
16229	9	13	456.435152951831	
14184	2	28	911.302027605149	
9390	4	40	1281.58515330478	
18295	10	10	363.593469543193	
11859	2	12	436.609547490538	
24329	5	3	162.582545244406	
8545	5	19	635.780073625864	
21318	10	21	692.065446103022	
27052	10	4	196.957142333014	
13712	4	30	981.937678243004	
24060	7	36	1169.16459752673	
22502	2	39	1247.68242372558	
24467	2	11	404.947372304717	
10126	2	12	438.391214105483	
22650	8	45	1419.19322173074	
14391	2	8	301.489036223613	
29073	6	31	997.315850163491	
10241	8	5	214.816840204791	
21499	2	42	1330.41302977615	
24681	5	29	942.329293071446	
10331	10	3	155.105181855664	
19587	8	28	926.171355567021	
25443	1	19	654.005917689766	
16232	1	20	657.805197060949	
8305	8	22	741.735968860675	
27867	5	29	941.14667876677	
28162	1	44	1414.68714794828	
26010	5	14	500.331905903449	
22302	4	13	467.502155149124	
14012	7	34	1103.3469857943	
29255	7	17	579.648069785744	
16394	2	39	1236.398361752	
10943	3	5	227.699291849369	
12458	9	16	561.380243674563	
11376	4	31	997.824996354908	
21403	8	1	94.4766051017105	
23377	5	12	416.322593920083	
22308	7	13	457.782629941489	
15158	9	2	121.573718023288	
8320	2	8	303.103272944271	
8540	5	42	1330.42923851424	
26370	2	46	1459.65402089975	
11943	4	19	646.74749683903	
18272	10	8	315.822615845046	
18444	6	15	517.901239450044	
11846	7	14	483.275148572063	
18350	9	48	1520.59135712711	
24721	8	31	1012.71014376204	
11092	8	40	1295.37585344882	
24562	1	12	433.774110467068	
19043	7	39	1239.81017937875	
23050	10	49	1569.04147940178	
14231	4	6	245.752296971973	
10090	4	16	558.849626480997	
11224	6	39	1256.15393130861	
11893	3	35	1130.26379738481	
28289	8	9	337.296109915383	
19642	7	21	703.77995624383	
25822	6	38	1221.85750068252	
15778	9	34	1095.46286872377	
18307	3	9	347.895397296127	
23131	7	5	215.448167722415	
12329	6	8	304.563290953898	
23097	6	21	693.610156538715	
24011	5	14	482.289608457261	
16887	5	48	1532.76623577474	
12950	6	34	1099.98313187621	
23940	1	45	1443.56712863015	
27526	1	32	1040.56621775057	
9349	2	44	1404.71661662903	
10594	7	47	1485.16644230353	
29219	4	18	619.533220222002	
15393	5	4	173.243122181503	
16434	1	34	1107.30975683188	
24423	1	38	1211.9000545572	
19666	10	8	295.451160955919	
12789	1	10	359.423858727992	
26331	7	12	418.183301844719	
12458	9	5	219.903957610905	
23312	9	9	338.460820288612	
27057	1	31	1020.55532163966	
12578	10	14	481.97700418624	
24141	3	24	804.956052454634	
27169	10	2	113.728044682056	
9601	1	46	1463.53680641555	
16658	3	18	610.606590383969	
16602	9	33	1070.64606478002	
13523	5	40	1268.84966536837	
29832	8	28	905.226312365954	
13017	5	46	1467.5611989701	
9278	4	43	1357.18049518633	
10771	9	41	1312.54263767625	
25920	5	25	835.92512925897	
14472	10	18	626.11084929952	
17032	5	49	1555.20787564814	
24952	6	37	1194.98107079183	
21700	7	38	1235.09072994585	
18853	9	49	1553.13734030031	
29724	8	45	1433.53300738779	
9796	6	17	585.135003675304	
23731	3	30	983.292016695855	
9580	4	3	157.024228496954	
28058	3	50	1572.14392601147	
8566	4	47	1490.65923681979	
15425	8	16	548.607668163538	
25678	9	21	700.276959156747	
25868	7	46	1475.79835722027	
19256	5	22	738.442540140097	
24826	6	29	946.949571923795	
14639	9	32	1040.70277035269	
13270	1	26	850.839938656818	
27448	3	48	1519.11280807066	
26015	2	16	563.875998632925	
29238	5	30	963.396680393907	
17364	9	3	154.907547084106	
10522	9	46	1465.91839310989	
10320	8	31	1010.49211526778	
25976	5	7	270.835246271843	
27110	6	25	830.073350123164	
13523	5	46	1471.68301807329	
26864	3	16	542.120170994718	
17201	3	45	1431.13346650784	
26984	9	18	618.340816264199	
19251	9	36	1173.00501878048	
28770	1	2	127.536121442698	
25237	8	6	252.623804627277	
27927	3	43	1383.60809096303	
15821	5	36	1147.13227288198	
29410	6	36	1152.10188118373	
27376	9	1	96.9189837653744	
16263	2	20	660.360431010071	
19372	1	11	406.286518427677	
16044	6	17	584.650294456934	
24107	2	38	1234.7689539356	
8223	4	29	955.168803592757	
16768	8	29	943.531093142708	
25764	5	15	509.833078174774	
26839	2	28	914.296815634843	
27116	7	36	1165.12037651852	
19368	5	26	843.259847258804	
11501	3	22	734.808233163696	
8908	10	11	412.203524639925	
21137	9	11	401.900093444577	
25688	1	46	1464.52354201326	
23070	8	21	696.72126031328	
11373	4	45	1438.06768711566	
12313	8	25	828.666639043329	
29655	5	46	1472.52844886506	
26290	5	16	551.203302215414	
27091	7	3	169.289482538257	
25693	6	7	264.488955524046	
24102	10	32	1044.255483674	
17638	5	24	803.063990177151	
21718	1	49	1561.84998931449	
9621	9	2	123.014832680586	
23651	3	36	1152.15855018802	
17030	4	35	1138.68341223275	
10679	10	14	479.13890723099	
24847	7	45	1443.12311537709	
15245	8	10	375.983863536261	
14680	7	28	916.668868193714	
10108	9	11	408.66608433829	
27159	9	37	1186.34065895637	
14202	6	28	930.030588158421	
8566	4	13	460.342339342619	
20893	1	15	524.553420229141	
26816	9	31	1014.46251361373	
29400	5	28	929.107044697323	
19282	5	1	88.2278768011499	
27734	9	25	811.376453941398	
20805	5	32	1036.08531493511	
10609	3	4	176.195299632938	
27357	2	21	705.714869753325	
11654	7	50	1586.81350286436	
24389	3	25	816.874784909596	
24225	10	5	209.916646354793	
16751	7	34	1109.23337306326	
11313	8	23	753.817274250936	
15858	7	16	556.283758467195	
10948	3	7	289.468434327035	
24441	4	32	1023.95716558395	
10103	7	48	1511.07964209797	
24464	2	20	675.928970666569	
10188	1	33	1062.81239864547	
22100	3	45	1432.43002824133	
29059	7	38	1216.10494733607	
18284	3	37	1203.22252825053	
24936	4	18	622.80030514244	
27108	7	37	1191.75412125501	
18697	9	44	1403.01025340474	
9809	6	44	1404.84768090995	
27152	1	2	110.694170943785	
15253	9	33	1071.17370025775	
28243	2	26	869.136512982257	
24907	1	48	1526.59097906509	
28521	5	11	406.142148825406	
17757	5	25	825.862865683559	
27406	7	33	1071.86950528616	
19164	2	34	1084.18120267064	
27605	3	6	252.167840084139	
8982	9	14	503.605173501934	
22361	7	47	1499.55959434601	
12763	6	46	1464.30057206391	
27061	10	42	1339.82684827402	
19677	7	22	733.204167603144	
19083	5	3	168.293655891108	
19993	5	12	418.54061392068	
27485	4	25	816.250487312791	
21648	8	25	824.975204404898	
23371	4	48	1513.09818632579	
14901	4	2	122.92517712476	
14410	6	13	464.866137981818	
20083	10	48	1522.85514876379	
25467	5	38	1233.65468105006	
23825	7	29	952.026697952313	
25466	5	31	1005.58922609575	
12803	4	42	1332.73711367172	
27111	6	5	203.528260310892	
29278	10	34	1097.60055991709	
18223	4	26	844.237392006553	
25529	6	28	921.330891978615	
11674	5	13	471.66220847129	
21325	2	42	1337.35292344231	
14146	8	7	285.217623396412	
9856	1	31	1006.52877303144	
14533	1	31	1005.39114399133	
20100	8	21	705.021599375187	
16103	9	45	1436.57835677107	
28332	4	2	140.22252379927	
15450	10	14	490.73263608419	
22868	7	30	984.053780671234	
14145	7	2	117.363867777103	
17483	7	40	1269.63607158029	
21142	10	11	384.115918383056	
20197	1	43	1385.8632608251	
9879	4	35	1124.39757123794	
25381	4	2	126.779070034055	
29654	2	29	936.102122392553	
13803	3	11	409.608231042329	
11204	7	42	1344.13637235022	
26120	9	27	877.564333415387	
