idEmpleado	idDepartamento	ventas	importe	
29350	7	3	168.275911923626	
25132	4	30	966.242805983053	
10556	3	3	153.863775131229	
8339	9	35	1133.30555819595	
20715	5	17	574.817894853101	
24765	6	44	1403.71969005266	
28179	5	1	82.0280366027858	
14781	10	11	411.076981951984	
27968	5	1	97.6237312041334	
18292	2	29	946.462713101163	
12467	7	7	289.607869819555	
13766	5	41	1311.15227264871	
24527	8	44	1391.57529303412	
9756	10	3	152.664792124492	
28067	4	19	641.660266891895	
26315	8	24	794.418458786988	
21984	9	29	954.665418935318	
27408	9	26	857.857585427285	
22759	5	6	253.052312700568	
23450	10	22	726.146531256915	
29350	7	12	430.994435041675	
18942	9	49	1565.5739490155	
8013	1	48	1538.52673989652	
23494	1	9	324.999219106976	
11926	2	4	172.668676717518	
9121	1	33	1065.41677550665	
18364	5	1	82.5372479122771	
25931	7	47	1487.53218265601	
21303	6	39	1250.84251257165	
29638	2	22	719.949440173781	
9594	10	17	576.78962767906	
17958	9	28	915.390451045423	
26130	1	33	1076.39979945328	
26980	10	28	925.771081133639	
27635	8	31	1001.47993231261	
24769	9	50	1577.98801130521	
18877	8	8	317.889153509349	
26588	8	25	812.83268731685	
21943	9	20	684.24636641715	
10242	6	28	921.486055609531	
15721	4	20	671.698882855335	
29725	3	36	1158.74966012256	
16069	9	9	331.907142629804	
12848	9	29	935.207964878161	
16808	8	35	1122.2385071601	
17536	6	17	595.215585955985	
18831	4	14	478.049680738733	
16392	5	45	1438.45783568847	
19877	1	18	617.364761446307	
8518	9	18	609.248283267602	
29805	10	13	453.745135913484	
25227	7	34	1097.43008858405	
13756	8	34	1111.40833586054	
16268	6	30	987.954265562796	
23043	6	10	383.048787444387	
11830	7	5	202.701962908125	
21662	9	32	1027.71606608653	
24969	3	45	1428.86455602425	
14126	3	32	1040.63688147843	
26953	1	34	1109.40111934645	
15858	7	44	1401.18244214038	
18534	9	4	194.495853946775	
29061	9	23	760.234469380339	
22143	3	30	977.674291030352	
17458	3	13	449.673085422103	
15071	1	30	974.217418774132	
20781	8	8	314.752473195434	
12147	5	16	545.804211900478	
8693	3	23	751.18485981188	
16476	4	20	663.67225558668	
27108	7	16	556.529305277639	
24744	10	5	221.832731618468	
9769	8	6	253.611219010135	
17372	7	29	931.566257091037	
18996	7	2	134.447648401581	
20830	5	27	872.244774919117	
23087	6	41	1313.6668063857	
22873	5	20	683.31877501836	
26111	4	24	802.760711946879	
12178	9	37	1177.45309076153	
8602	6	20	667.367094767917	
9432	3	6	244.079412223808	
11204	7	29	950.167421209704	
23043	6	22	721.594229304043	
16774	1	9	346.204304260297	
23050	10	33	1079.35953909501	
12572	1	44	1403.98211518488	
9193	9	3	168.445533890485	
16651	7	18	622.722293689252	
15325	9	27	878.777969404486	
24090	3	19	630.271945218682	
28861	1	14	489.024597485096	
16768	8	43	1372.19580583842	
22218	5	37	1174.8452470707	
21130	2	35	1120.30361346915	
13238	5	16	557.20302890856	
8520	9	14	478.515190742218	
23933	8	29	954.232851599451	
13309	10	16	565.534879456058	
18358	7	5	228.021088385964	
8039	8	10	360.463112760551	
17306	3	48	1532.24546883825	
28894	6	23	767.272975876589	
27240	9	49	1553.69250585963	
14717	2	2	132.718977989964	
23003	2	8	311.912404295016	
10070	1	28	923.818869573911	
21754	10	6	259.842078769506	
19721	3	29	933.506617161216	
15320	8	34	1110.80401252527	
19368	5	14	489.035156522428	
18381	9	12	424.397291068173	
18726	10	21	706.103844077375	
25290	2	46	1463.18379071689	
26176	7	15	522.034024578535	
17349	6	39	1237.10302991658	
9475	3	26	844.328432737071	
28053	6	2	118.640240076296	
29616	4	21	711.469986770055	
27735	7	30	970.313546327089	
28848	1	36	1170.23530358925	
16206	10	5	226.306939304949	
12264	7	48	1523.08191821123	
20867	6	46	1472.40689040739	
9552	3	2	113.400310367998	
19828	3	3	147.504707792543	
28352	2	13	449.636925780045	
27499	8	20	678.765971939436	
23317	5	44	1411.26264362189	
28929	4	37	1177.24461949302	
10927	4	13	473.729584176899	
27092	8	12	439.433954786246	
11430	10	4	197.783895562302	
28130	2	19	654.739623560915	
17427	2	27	896.989978000983	
16261	9	22	735.121625929662	
23393	9	33	1076.80643634722	
27957	2	31	996.474915350077	
29177	2	20	668.875251314079	
18272	10	2	114.291899965281	
13287	8	6	235.540669521103	
13964	9	38	1224.14003641537	
29613	9	25	834.938916729269	
28981	2	34	1111.91828116398	
24721	8	13	469.742812882058	
27181	1	7	285.87465415051	
19884	5	43	1382.92075340772	
17794	1	48	1509.01201512153	
8271	10	22	732.811222492164	
24429	6	47	1483.20058355257	
28770	1	41	1312.87459617149	
20660	7	12	439.874950665922	
25722	4	8	322.762864829396	
22399	10	37	1195.22133312897	
22987	9	20	657.785784796712	
25165	1	5	214.156173455602	
9311	3	1	89.1635506270284	
23174	1	27	894.866085469195	
13558	6	48	1520.29219549163	
15327	2	50	1585.21427019742	
28863	9	46	1462.27547851497	
26062	9	9	325.052897634475	
11303	1	13	448.579435147615	
29335	4	42	1356.26199766819	
25739	5	21	717.074428348371	
21012	6	2	129.601201736183	
28453	6	8	306.61339550587	
26652	2	2	131.36422051646	
22138	5	19	646.193812715911	
15351	3	43	1386.91239864887	
18974	10	6	240.296593569357	
28982	10	45	1447.85351738699	
18403	2	32	1049.76498876222	
19944	1	20	677.178086804775	
20453	7	25	814.772876805986	
11155	1	49	1546.09526717388	
24225	10	30	991.36802257568	
8930	8	14	491.163637047244	
9018	5	33	1082.66407752534	
27092	8	45	1427.52565621749	
15038	4	10	364.583954384822	
17352	6	16	540.624910658516	
29059	7	49	1545.95474944727	
9154	6	48	1528.06206006932	
22906	7	46	1464.37002332153	
26126	10	2	113.854633510976	
23321	2	4	196.671089956849	
23436	5	18	602.562562433333	
19983	4	50	1596.9538387642	
13503	6	23	762.833804545381	
11637	4	22	725.958075302633	
13502	8	6	261.940350878025	
13430	2	33	1076.18271985845	
13585	6	20	683.660981116658	
8196	7	6	252.01642145031	
26878	4	48	1510.48777188663	
25019	3	26	855.560601267759	
24429	6	33	1078.67691906107	
26145	9	13	474.843852815611	
29001	4	12	420.141611145875	
13638	4	50	1579.26125864464	
27927	3	42	1331.55653289126	
19311	7	29	942.818202405618	
20854	7	29	945.89882384329	
28149	6	41	1322.90398998321	
8358	2	46	1465.02107878449	
28803	1	30	990.109961903705	
11862	7	39	1245.58477802462	
26515	9	13	460.448456322983	
12154	7	21	711.690517622833	
16061	7	25	822.788150879921	
23961	9	37	1197.99991357978	
19396	1	44	1412.20200794386	
9898	5	4	172.766539274141	
21178	6	41	1300.6303158126	
19571	3	31	1001.65056785645	
28661	6	10	379.098148187202	
24661	2	15	520.517375078293	
23411	4	47	1491.89197434666	
17525	5	20	683.219794837395	
24705	4	48	1532.93011177933	
12079	4	41	1304.05083307254	
15514	1	2	134.410381752257	
19353	2	47	1483.36000817053	
14965	6	22	740.95432334624	
14143	1	50	1578.35624269133	
22348	5	13	451.670797528546	
24780	6	13	446.104007645559	
15089	9	14	505.161665354465	
27167	4	28	904.285104919358	
13826	5	23	770.534665906119	
24045	8	48	1512.69110351461	
21412	4	1	96.3197842316329	
24422	2	22	742.522466379461	
26222	6	46	1448.26439757285	
18549	5	19	633.027421493562	
23440	2	37	1197.8067082529	
20170	7	20	680.055925603982	
17520	2	7	285.158070086109	
23559	9	50	1599.34894453704	
24440	1	22	723.744671607271	
19784	4	16	551.086311932228	
25398	6	5	222.11410611035	
8994	4	30	965.263321141369	
18518	3	49	1540.04565366546	
23618	9	35	1127.95816172285	
19684	8	13	449.738342934166	
26103	8	30	983.416180584308	
27123	3	30	983.03066530406	
23318	3	26	850.365853593855	
13986	7	38	1211.38962369943	
15865	4	12	415.043226189466	
29542	8	37	1186.78494471441	
11183	3	44	1391.62405797822	
12973	6	14	487.211499366542	
13060	4	10	355.210425572102	
18184	1	40	1277.146151139	
18199	2	33	1059.45819423509	
11110	10	7	284.944500497051	
25655	3	42	1344.54774729188	
28661	6	34	1093.35028125595	
11790	5	18	624.005954258147	
20917	10	25	820.423112670157	
25443	1	36	1156.16335140363	
27118	9	49	1541.15585171671	
29866	2	28	910.097047365316	
27306	6	37	1181.68012934815	
19363	2	23	749.679541564397	
25847	6	9	324.502141701291	
12097	7	22	747.602894319037	
10011	3	44	1403.84385960356	
12526	3	41	1299.04222258322	
23223	5	8	315.359304992184	
8663	10	47	1492.54302980962	
21965	10	49	1559.47512323012	
9952	7	33	1061.84379984711	
26902	10	36	1161.93672696219	
18477	3	23	769.147060610888	
14879	8	49	1543.31435450507	
27580	2	38	1212.99616162339	
27863	6	38	1208.61789975717	
20197	1	33	1068.25461694424	
15072	5	33	1063.0733423415	
8565	6	39	1254.79581176061	
29722	8	40	1292.89548121993	
13225	1	12	435.491439716654	
13246	10	11	405.906158800193	
14126	3	8	304.695726253416	
21943	9	9	335.310967012919	
25905	10	36	1173.05397200075	
18108	1	29	955.881270354558	
24508	5	5	218.348514017811	
28584	1	13	475.111425106931	
23084	3	16	540.61032279423	
16404	4	17	585.99866328109	
10297	9	4	179.738717349124	
17730	1	42	1330.66319926207	
25384	8	20	665.950754706725	
23289	6	32	1024.10746942466	
19691	2	21	709.948606300144	
17721	8	49	1546.2780323747	
20950	8	41	1300.05880136977	
9434	3	22	738.914038883016	
16849	3	8	315.427770985024	
9584	1	32	1046.5219939903	
20370	4	48	1512.3474011162	
24116	9	4	179.683921197282	
16517	6	40	1294.24191490479	
16247	5	45	1432.14893474809	
21837	7	32	1025.36769951944	
14365	7	24	793.273698609915	
23556	5	17	587.999090528115	
21574	4	35	1116.14383973002	
14807	1	20	671.94833887366	
8476	2	5	215.929847534713	
25172	8	1	105.095664311711	
22508	5	36	1160.93261191665	
22372	7	36	1165.62730090955	
20654	3	46	1463.26787018369	
12940	1	37	1185.66441200006	
25018	2	17	584.190888565123	
24413	9	29	956.984403094735	
12692	10	14	494.368574551478	
14559	5	23	751.448169700544	
19339	10	44	1391.72162396448	
9712	9	39	1265.49534558574	
18994	3	28	903.930797476289	
12157	2	43	1374.74898219795	
15245	8	30	986.544366528534	
12933	4	46	1459.736405881	
28581	1	42	1331.18060058503	
20934	1	17	575.985972255462	
10644	6	42	1345.03959118623	
11931	10	28	913.365748204927	
18898	10	40	1266.71812924869	
29869	10	47	1508.5590983874	
21046	2	11	409.340578061221	
11148	3	25	827.645571356474	
9931	9	7	288.273817770311	
19507	7	43	1380.54808010373	
27379	5	9	335.807518519372	
13783	1	21	711.664243895404	
13510	2	13	472.546791505323	
22061	4	28	909.943267493482	
28769	1	13	459.780273390832	
12203	4	13	447.882179826443	
15743	9	21	702.204674287794	
16482	2	44	1403.16308623327	
10690	9	11	404.680475259517	
13487	7	16	560.902998969379	
17894	4	18	618.806105432476	
15519	5	6	245.035898352524	
15871	9	24	802.682884523032	
23223	5	45	1438.4430574246	
20291	9	5	205.757717735021	
25844	10	20	669.293629279963	
10657	6	27	885.690226818291	
14196	10	50	1587.46586918247	
28463	3	15	523.706147020546	
12549	7	43	1381.02664840455	
15252	9	21	688.416603639916	
26666	2	11	404.934938999328	
14464	4	11	387.697548376255	
17653	6	50	1572.41252886709	
22440	10	40	1294.1870989344	
29278	10	8	297.287726354454	
19629	10	26	842.959499341882	
15208	1	7	282.77809152509	
25344	1	31	1005.23020962497	
9485	4	8	307.370749147316	
21681	10	40	1295.75508625049	
17545	5	11	413.287040560174	
17903	5	29	957.353483139236	
11752	2	3	162.719790079966	
20471	5	28	929.856893480689	
16175	3	46	1472.52664466972	
21328	4	16	564.437611589412	
14167	7	37	1184.425307058	
23528	4	10	371.667896309713	
27788	2	32	1023.83944413803	
26225	10	19	643.29067129795	
15746	4	34	1100.76771124302	
28303	6	32	1050.06850693844	
29332	7	15	505.641367559154	
16049	3	28	920.930300448523	
24944	10	36	1166.14470223251	
19212	3	43	1373.30308773243	
19456	10	47	1506.59653376164	
24258	9	24	787.608030469906	
20065	6	20	677.42449996873	
28590	6	21	702.868871569107	
26029	9	12	421.874708878749	
13535	8	10	383.939424335928	
9269	10	15	507.247169365756	
14262	6	23	772.131476463811	
16754	8	48	1530.87257952004	
22371	3	11	403.966695519149	
16067	5	14	500.134262638229	
28564	5	38	1215.75616855908	
20954	8	6	242.492547036378	
18426	9	38	1204.92268048456	
12348	1	14	499.426582762704	
9009	9	14	477.932876608303	
11785	7	4	177.309726112201	
22858	2	26	865.14791271889	
12610	2	7	285.519064872302	
23151	3	27	887.682415213288	
26693	10	22	719.963094443066	
10733	4	17	588.586163943906	
29421	1	9	333.231073065303	
17066	10	4	184.856017690551	
25115	9	41	1301.26491976029	
12333	1	40	1295.79797287276	
27117	10	34	1099.86670288251	
26377	5	25	817.735977106605	
23789	5	37	1187.6488923969	
16973	10	29	954.866432060891	
22216	3	47	1482.0561808171	
9413	3	22	731.482228418571	
24728	3	5	208.042396701892	
13100	6	15	523.984638622023	
16345	5	29	936.362965580245	
17140	10	34	1095.17006105518	
17344	1	11	407.805709656237	
13269	5	37	1204.50187757821	
22119	10	29	953.88037737174	
9437	4	1	109.347616224246	
25975	8	15	530.10631377348	
22124	4	30	990.588313616155	
15276	8	31	998.984313960646	
13766	5	36	1148.55994915057	
21592	2	3	144.303348951183	
8067	9	49	1568.66913849892	
28203	10	5	209.175349273335	
22731	10	45	1418.91676365347	
22987	9	5	223.864088535246	
25295	5	21	702.834834634715	
10487	4	29	952.758780826236	
20622	1	39	1240.49345484026	
26533	6	21	715.411235576221	
13504	6	10	358.462287019222	
23104	10	22	733.339993289365	
15497	7	31	998.010369817731	
28673	4	15	534.376957404603	
26710	3	17	572.56848227818	
27278	6	31	1001.60395180881	
27880	6	22	726.07673600599	
29518	6	27	884.072721453417	
14062	8	40	1289.51119225915	
13730	3	37	1184.48258406691	
27436	8	19	656.006147459152	
29059	7	15	521.910514702048	
15775	9	43	1368.65203421966	
8467	3	34	1087.71377185719	
14262	6	41	1318.50790841435	
19632	2	9	348.559714904316	
11107	2	31	1004.25652170752	
21753	8	3	150.127166952066	
22070	2	17	572.807848533992	
12829	7	48	1511.26753534715	
19383	2	6	256.171448648056	
11155	1	12	437.576101439808	
19548	9	42	1329.37478082691	
14512	7	37	1189.60184998326	
27044	4	24	784.671123914733	
10547	5	2	120.552668739368	
20648	8	42	1332.59578126138	
23374	10	36	1166.62262359942	
20707	7	40	1280.94993922904	
9145	6	20	673.871888571359	
29139	8	16	564.814057762182	
29324	5	1	82.1076512346546	
20618	9	8	321.562725976837	
14869	2	1	96.0709928423497	
20209	5	46	1449.58010968267	
28643	9	44	1390.64464533266	
16984	9	48	1538.35259576251	
8131	2	19	640.793103650582	
10896	7	45	1435.23722737806	
28078	10	7	282.897925769397	
8819	2	8	307.80364136575	
17316	4	25	825.274894770829	
14471	10	26	840.595121514329	
18062	7	44	1406.10572954924	
18132	8	12	422.978166501493	
28719	5	21	706.649434448522	
19608	10	10	375.651314731525	
18835	8	16	560.955366641728	
23356	8	14	490.66744085898	
10983	7	36	1150.35704874916	
13189	6	25	819.607566827725	
23440	2	19	632.707667682649	
22914	7	13	459.950932292245	
11328	8	42	1329.22591949311	
24977	8	16	539.239786928166	
25828	3	48	1520.88618557941	
9591	3	31	1003.96521246245	
25184	2	44	1408.40851983447	
18888	2	42	1349.70583348987	
8305	8	15	532.015813538812	
19035	6	40	1269.00817054743	
27716	1	36	1159.45411240657	
28058	3	37	1203.12278222438	
27523	4	21	695.639303687792	
19456	10	21	699.668526304731	
8337	4	19	653.898496224498	
21489	1	7	280.34778872521	
19641	9	42	1352.58104137731	
18314	4	39	1238.13366217452	
11100	7	48	1527.8632630817	
27181	1	11	410.207119141802	
12699	5	12	443.463418056939	
9851	10	8	314.889939574008	
18308	9	10	369.909922764595	
8868	5	40	1283.4638939814	
22219	2	32	1030.89655387723	
25446	7	37	1196.98097992548	
28017	10	48	1523.26905127767	
17525	5	26	846.623683481768	
9479	1	3	158.021689466211	
27328	8	42	1344.90135400784	
17632	10	26	851.640414619651	
24609	9	23	755.955182740444	
23595	7	5	210.592890479878	
27772	5	46	1454.26432174363	
25565	4	48	1532.10639007953	
13827	7	38	1222.15671894241	
26372	4	17	592.336806483724	
25483	1	36	1156.83120591418	
17250	1	48	1528.69392410326	
9878	8	13	466.679432870205	
22895	8	5	209.944075928044	
25320	4	27	891.087270160712	
13937	10	30	983.221413839246	
22902	8	18	613.889755221964	
21122	4	22	748.349528959184	
25948	6	38	1222.15211254645	
16373	8	5	224.955817826537	
12457	3	24	786.43720324451	
12637	5	43	1369.079670277	
25365	9	15	506.301645723312	
27194	1	18	623.070273354217	
9091	8	28	922.82170446721	
22140	10	16	562.804177777285	
25599	6	25	820.149929607357	
17630	7	13	456.144148770787	
23707	9	11	397.817728108642	
22729	6	3	170.04100952765	
29901	4	2	125.762025511713	
12970	10	34	1108.34323305094	
16352	9	11	403.905205653936	
20762	6	33	1080.69616118478	
20775	4	19	641.784836352703	
29125	9	40	1271.68414402366	
16269	6	24	787.114459530969	
24374	8	14	497.367755927782	
20941	4	14	483.498929666122	
21135	10	33	1072.5298917445	
20696	3	26	841.374981944158	
20119	5	23	767.562136225198	
24576	2	32	1031.74177728209	
14721	9	40	1288.01098224149	
20471	5	7	275.749835463124	
22076	2	41	1309.43973807126	
27862	5	35	1141.18383021149	
24441	4	7	280.263043213758	
20442	3	36	1152.37614789623	
23733	9	29	931.668525734762	
26875	6	42	1356.02016754263	
16894	3	18	615.114365022217	
12020	3	44	1408.74444133078	
12520	8	32	1052.02516209894	
22079	5	25	816.83184803316	
8584	4	33	1077.54401320477	
28070	9	39	1251.7200437429	
15549	9	24	801.831080653626	
8154	2	48	1528.81871015244	
9865	3	7	273.151004963159	
27280	4	30	990.442960872521	
12749	4	33	1078.12017297285	
17096	2	38	1214.28866197089	
15511	5	35	1132.11570941476	
16774	1	16	546.574780972011	
8325	8	2	128.487972863246	
16215	9	37	1204.78871844932	
25825	1	30	985.983271685421	
9957	4	36	1168.15923957534	
23097	6	38	1219.40312613705	
29177	2	7	276.106954308277	
25034	10	4	196.521999294181	
23563	3	9	344.850599293062	
29717	9	5	229.622220801945	
19191	5	30	983.580835882379	
21210	3	1	98.8750670193113	
20013	3	12	417.337892994908	
21142	10	25	818.290663481825	
21494	8	12	427.320437891092	
10821	8	38	1213.38196639595	
14909	1	31	1021.62034756579	
20899	2	18	619.886886393599	
17655	4	28	903.76800087456	
9809	6	33	1066.14920237388	
19862	2	11	414.020841985019	
25256	7	34	1110.6476604895	
21460	2	41	1299.59879172016	
15256	8	29	951.880043554995	
9430	6	9	343.864313151624	
29746	3	36	1164.24082314793	
20331	3	1	99.9641002807599	
23376	6	50	1585.28337887734	
9704	1	17	568.549045775341	
25187	6	7	290.347924702963	
26756	10	3	162.086930871982	
27831	8	43	1363.25480897131	
12049	4	36	1153.27347425431	
8398	8	47	1499.62606786733	
12667	2	25	821.436201269476	
10722	7	5	227.261862599878	
10892	4	4	184.651019621944	
15738	7	6	235.200558526069	
18368	7	21	712.103803638417	
24620	3	48	1532.97302175917	
15447	4	22	735.561571426485	
21698	6	39	1239.49816824845	
20658	6	9	350.263765729155	
17362	8	39	1259.12222052883	
11451	9	3	148.444326216562	
21344	10	24	797.956781013849	
25764	5	22	740.206120209864	
10494	4	15	513.429380261073	
9664	7	13	454.510642762534	
8317	5	11	395.436743756494	
22160	3	26	851.530657397365	
11899	2	13	450.556074478922	
15519	5	6	254.352172098287	
29722	8	5	228.139459597012	
21038	3	24	798.09486742974	
11175	9	32	1035.92712048251	
14156	9	12	428.889181143087	
20150	5	9	332.908674894324	
28104	10	22	722.118958533797	
27891	3	1	83.9184164274104	
13472	5	37	1199.43902585629	
16959	3	7	290.823575430933	
29061	9	38	1227.97295351884	
21403	8	2	134.502674590099	
19828	3	3	147.535289929963	
9495	2	38	1220.32602691107	
12177	8	16	545.601592765004	
26902	10	15	517.711825127579	
11501	3	50	1596.85446221235	
20622	1	7	280.058575291214	
28930	3	34	1108.730946774	
15332	1	26	866.419789039725	
28321	10	47	1507.78308275518	
12952	6	30	970.794979115387	
8483	2	11	410.587630947394	
22894	6	23	774.52267373657	
11417	5	26	840.38389476034	
9090	4	2	120.476571191324	
8121	2	27	883.435717338433	
12955	1	36	1145.90753213778	
23532	9	14	504.034702938066	
12851	8	37	1186.53472001969	
27595	7	38	1210.77273611481	
26487	5	6	253.112302018847	
17574	8	32	1038.8172673056	
19070	8	41	1311.53085639306	
19926	6	37	1188.90263687302	
27301	6	31	1005.1340146573	
13188	10	24	781.531200437588	
29128	5	43	1385.50908078696	
27917	1	44	1398.37268145679	
28431	3	46	1451.74234472762	
18408	6	34	1113.08159999227	
24989	7	21	708.185387211007	
24008	3	11	413.53399590288	
26045	8	15	524.737995995552	
27428	4	1	91.5252147296095	
20201	6	8	295.761091139056	
20848	4	37	1191.58693059887	
27581	6	15	528.118299305494	
17133	3	9	332.355188248844	
20517	1	8	302.494295082285	
13358	9	15	516.574918048724	
21154	3	6	254.45206747132	
13578	6	27	886.70579698249	
22894	6	50	1585.11086835764	
20484	10	16	542.772991723741	
29765	6	27	883.5571929829	
16082	7	44	1417.55182864962	
27449	8	1	103.57219369317	
9675	1	7	275.543225722175	
10330	10	11	388.412609951763	
28185	1	32	1049.47295755589	
21303	6	37	1176.21142639602	
14751	9	37	1179.88371348934	
13756	8	1	92.9043058366069	
11351	8	20	680.050839316124	
17933	1	33	1054.86065149999	
25008	5	21	695.685407284501	
13964	9	12	436.004433536904	
27899	6	2	111.423390038043	
14079	8	35	1140.46757810771	
20526	4	42	1336.18062468999	
16887	5	7	291.345381425389	
16267	2	14	481.685893834422	
21342	2	39	1256.98860204638	
19396	1	42	1353.33818904745	
20046	5	27	879.597695544175	
18841	7	19	637.260983212507	
19381	3	47	1485.84963495184	
18425	4	23	762.99745900696	
13683	4	18	624.622803621284	
19188	4	15	528.889640592453	
9709	7	12	435.317418032939	
8413	5	27	893.552343888931	
9363	6	7	281.540407855781	
9771	8	23	749.959801970962	
9204	8	32	1036.32066864349	
23262	7	30	966.406505036357	
28266	4	33	1053.70639894796	
8999	7	26	848.757864669318	
12465	3	11	385.345443890125	
21439	9	37	1187.58218600768	
11984	7	23	757.959006744418	
12441	9	37	1189.96585506479	
13328	2	34	1089.96007150503	
16345	5	14	482.269387171729	
24884	7	48	1536.87017359625	
18426	9	35	1128.30167372166	
29130	3	11	400.629690066273	
25012	1	45	1444.68715667943	
9653	4	19	636.664563229617	
22531	10	37	1200.07568385456	
19714	1	25	835.582497061967	
23269	8	14	496.694909267451	
21142	10	24	791.887610141136	
14703	2	16	566.313670392294	
23376	6	8	305.229536623335	
9544	3	43	1372.7661736369	
22516	9	38	1229.71719493611	
23933	8	8	311.772679310186	
15690	9	39	1263.17529617957	
24830	8	9	326.296209770393	
23270	5	48	1531.70219369778	
25357	7	29	940.57473468621	
15773	1	39	1250.92042210089	
27113	9	46	1459.52296935931	
12759	8	21	694.155539522951	
8726	6	10	362.65908250709	
22775	8	30	978.343305633563	
9957	4	29	942.944503865644	
13713	4	39	1243.73017067263	
20306	4	3	168.454146463635	
12757	1	39	1241.97900833654	
28463	3	37	1187.24656886759	
22643	2	41	1326.07794614792	
10942	1	49	1552.88539210003	
19456	10	20	658.221617945573	
25049	10	21	701.379526360603	
15763	1	30	991.725822329394	
9934	9	26	854.719214874655	
22687	3	44	1416.4680154512	
14218	10	42	1351.29602182251	
10638	9	8	316.631293146234	
27417	4	2	121.162478272413	
17676	8	5	206.332895777343	
8532	4	32	1024.54711976673	
18286	10	40	1293.30714353049	
16060	9	48	1538.62250876549	
11203	2	4	181.664733747796	
25519	2	41	1315.22673746349	
25589	5	15	524.730265347627	
21470	6	39	1263.55449500659	
21245	9	42	1336.68931010025	
16288	3	25	821.933719637773	
25827	6	37	1185.58256848975	
19524	5	2	139.049234119732	
18172	2	39	1255.8799923099	
28942	4	44	1417.38427205821	
26411	4	48	1539.0454329639	
24004	6	38	1230.43710214572	
25994	3	44	1388.11384764878	
24048	1	39	1254.21109108916	
21788	8	5	229.958368088099	
13729	5	33	1057.68518620063	
15467	4	7	280.956986006795	
10672	3	16	548.210416765982	
26129	9	49	1558.09667551801	
27943	4	39	1248.33592819438	
15450	10	23	770.616963119533	
13872	7	25	839.002218041104	
8855	9	47	1508.09205244672	
24393	9	37	1203.85001026273	
22079	5	13	461.040351307504	
15072	5	13	454.997980061452	
18900	3	14	495.304663858984	
22119	10	48	1511.87927435705	
15046	8	1	89.664916624159	
11228	8	47	1490.53971542536	
16705	8	25	814.241838908867	
8661	5	8	306.373302334162	
17128	5	6	246.215825828824	
9354	6	23	755.533030757463	
12239	8	6	260.994348759295	
21204	2	39	1263.11656817008	
23875	10	14	498.214238518018	
12753	4	50	1580.17567566604	
22800	8	12	431.764836363385	
29678	3	14	500.045288698769	
14176	2	1	81.6640003778338	
20275	9	40	1267.02871202819	
21547	8	10	377.005399790129	
18540	10	26	840.837345887365	
14947	3	23	762.334093396708	
17551	3	43	1361.28872018367	
26243	2	33	1066.60536722588	
27381	2	6	242.256924362042	
16361	8	37	1201.33765373441	
19705	5	26	858.946106945605	
19879	7	45	1440.20549226562	
24903	7	39	1258.12247901136	
8630	8	33	1066.45044424871	
19544	10	2	124.971215336104	
13531	6	26	848.005545645955	
19593	1	29	942.662515706691	
19996	9	44	1407.13468501677	
27973	6	28	920.880255084895	
13017	5	27	882.514143699088	
23932	1	30	961.691330038799	
27276	10	11	406.629055778789	
29100	7	40	1273.7032941327	
23907	10	2	129.384317495573	
23137	8	43	1365.34027688454	
14133	4	20	683.142433149341	
21470	6	41	1312.67213062973	
8982	9	33	1064.2212763169	
17432	8	21	712.580816891315	
11401	10	33	1073.21674232987	
29812	3	17	566.841799918023	
27638	9	19	639.470947682611	
8524	1	8	300.781310340753	
27194	1	4	196.445580402597	
8857	6	35	1138.05138681924	
14676	10	39	1246.67192781655	
29202	6	34	1103.58825109135	
24512	4	16	541.996818250975	
24154	5	22	747.254706559356	
14909	1	15	521.515916866025	
26583	8	21	699.751631123829	
18239	1	30	988.392612835575	
28607	5	9	333.047739496942	
11657	9	11	390.541620622641	
11187	3	25	830.718809678554	
27132	4	2	130.334223159745	
27800	6	36	1156.11935989751	
19495	4	25	839.922858085447	
25971	3	4	201.24461049272	
13880	1	47	1507.52748511151	
18531	5	28	918.331833052604	
28555	8	46	1455.98188315331	
13019	6	37	1177.33398343312	
24674	3	23	777.661531966953	
20409	3	33	1070.07350632459	
9444	1	4	173.41623291998	
16763	1	11	407.960706245136	
12803	4	38	1217.64439453261	
22415	7	18	611.66512290559	
17504	3	6	237.694912738025	
10984	7	32	1049.66196276697	
27691	4	10	377.06744386678	
16895	8	12	434.024550334562	
9504	5	23	769.040182032175	
13462	3	21	714.49585381639	
22775	8	8	299.475159262994	
26202	10	38	1219.42418192486	
9498	3	35	1141.67689860876	
29813	7	48	1528.39905742947	
19743	2	14	478.299287519557	
13139	6	42	1344.41729455461	
9462	5	14	480.665697455716	
25563	7	22	739.87997845741	
17445	8	14	479.36433821887	
21932	2	7	262.762512575259	
26462	9	50	1573.29871720322	
20105	7	3	153.581316281846	
27713	2	30	963.161673510057	
26435	8	27	898.665507817019	
29461	6	41	1315.00605372479	
25730	2	35	1127.02307325184	
19721	3	16	552.749272544286	
13675	9	29	942.976665824175	
23623	4	24	805.053331779807	
26785	4	6	234.884909277263	
28720	9	21	710.859916764712	
18498	7	33	1062.13696424949	
12479	5	35	1123.1197783738	
27492	7	22	726.37207407801	
8942	8	32	1044.63515389926	
14844	5	28	918.711221571412	
29370	10	47	1485.94385655874	
27237	2	48	1530.33169534539	
21029	6	17	589.559793821331	
22713	7	33	1071.85395409905	
18466	8	11	402.68418725705	
17408	7	19	634.368062501013	
16664	4	36	1164.00755746477	
26950	5	40	1276.04576680625	
28501	1	18	611.24365041556	
13667	8	15	510.91004123488	
20506	6	1	94.4424612887401	
20123	8	28	911.523800655978	
8362	8	41	1322.94532297316	
8460	2	6	243.110190556902	
9712	9	15	517.666135596887	
24752	1	24	796.101904695901	
21843	2	23	777.969645214253	
20339	1	17	594.899019391695	
27007	6	34	1096.77478912136	
22130	7	1	99.8349166381335	
12864	8	32	1044.79903273508	
24261	1	11	398.978886715592	
23582	3	27	896.659069180796	
28880	5	21	710.671839486189	
23784	3	17	576.912690222688	
14804	8	32	1034.0907780426	
15158	9	38	1228.97121855476	
23572	10	18	614.155272754913	
23825	7	1	83.635937051678	
17114	4	25	837.338195013505	
9029	6	4	176.304403551065	
24707	7	14	495.304824530755	
15702	3	16	563.763903530205	
16934	7	36	1159.58806594815	
16676	9	46	1458.47343799587	
11273	1	16	550.334002110331	
15242	6	5	230.320184636079	
20106	2	31	1007.51038411982	
23450	10	46	1460.07832531821	
27760	8	31	1018.93065470221	
25398	6	17	589.573758817079	
16232	1	40	1287.11590670381	
20154	10	10	367.421857401459	
20696	3	27	884.096012489915	
29193	4	34	1112.5806119631	
27584	2	39	1241.22547188831	
18256	1	38	1220.03134285101	
27130	9	19	641.943141222905	
24137	9	41	1317.21877368038	
28693	1	48	1514.75801206881	
24918	8	10	364.167319035235	
9149	10	18	608.220758982106	
29601	5	38	1229.59728495665	
10271	1	32	1024.80023726113	
22060	1	46	1473.91218883633	
26530	5	36	1166.96496984314	
15683	2	21	713.672626164589	
25730	2	47	1478.88795433514	
27006	6	17	574.941263876362	
11219	5	30	968.593409214445	
9501	10	31	1005.39684394626	
20805	5	19	629.852284709854	
16494	8	40	1272.40982975457	
27499	8	43	1373.90545540205	
23967	10	12	414.605637683815	
19498	2	37	1199.13763675799	
28166	8	12	427.759897125773	
22150	1	6	243.357257025017	
21442	7	11	384.636752561031	
26332	5	49	1567.33213348656	
19848	5	19	645.781720059822	
12167	3	43	1370.45926109443	
21323	3	22	734.820694073485	
15761	3	3	157.844134419153	
11340	6	34	1110.26115782105	
15677	3	43	1357.68312603127	
14916	2	2	111.557029314133	
9249	1	1	92.5630566908806	
20289	5	37	1198.09122752309	
13206	7	29	935.68721833438	
22839	3	44	1414.05943519159	
29894	2	20	667.02807733185	
13964	9	27	896.936499074538	
20707	7	3	168.877924982867	
24350	5	16	553.17087597827	
21538	1	36	1168.08364456896	
23855	8	26	865.707539574107	
21589	2	35	1138.96366626907	
16093	8	40	1285.67587711181	
8523	1	10	371.508468152726	
29089	1	45	1436.66137594574	
17110	8	9	351.432230300937	
12803	4	15	512.569120243457	
10997	4	17	571.484916103764	
19011	9	1	93.5338107559522	
11581	3	49	1559.72147410723	
26779	10	1	94.7060769492323	
20805	5	17	593.516401999405	
26513	9	16	549.4903748061	
12104	2	48	1513.44297520511	
23816	7	27	893.465574762535	
9796	6	33	1056.674085826	
8962	10	9	337.306388661874	
8024	6	42	1349.88664019382	
11203	2	29	948.976292008989	
24398	8	17	593.708057940802	
25293	3	46	1473.40006490862	
17757	5	36	1151.7531505375	
12124	6	48	1514.53907944008	
19714	1	4	196.229062805059	
13008	1	35	1135.40794052901	
29403	6	21	701.109569473709	
19628	8	10	360.796726812048	
11018	3	39	1239.25404554198	
12970	10	36	1154.53397402285	
24934	8	12	418.368766614408	
23988	8	42	1332.91578563532	
15459	2	37	1183.53190477171	
18783	7	27	900.734579423785	
16615	4	26	846.521993114856	
27650	9	11	413.430097183879	
9484	8	27	888.7962308567	
22077	7	16	557.681379913204	
18831	4	1	93.128284408305	
19999	5	5	210.670757540814	
24186	9	10	374.349489758885	
27156	4	29	937.890140850977	
17593	9	6	243.335777969722	
14043	10	3	144.3103236632	
25055	7	36	1150.53968371383	
14529	5	42	1342.97704908204	
12528	3	35	1118.04062731473	
18727	3	35	1143.07268188478	
10556	3	40	1284.64825231798	
13803	3	2	122.221643571845	
18114	1	12	437.385349365596	
23809	2	11	409.721688669977	
20685	8	36	1147.04985888072	
20610	3	25	819.901632973878	
21347	2	49	1559.46281803747	
16869	3	40	1294.68357966034	
24258	9	41	1313.95438903661	
27742	2	38	1224.424586829	
17268	10	36	1169.44681430675	
13133	3	25	836.100527623715	
28938	2	25	815.551806472033	
20466	6	50	1590.63550348889	
14750	10	27	873.315074701475	
17692	6	31	1016.95094208091	
14381	4	40	1275.16504414154	
25058	6	8	306.805688471909	
15964	9	15	511.174172177526	
13863	1	40	1292.78182257562	
16457	7	41	1302.96838169124	
21860	5	37	1180.01287802123	
22904	7	1	84.6693439058351	
15008	6	17	578.992705912792	
21499	2	9	324.178104253569	
19234	3	38	1219.21588265301	
13808	7	19	654.626802250103	
11313	8	39	1255.81791708982	
10218	8	41	1310.0642869389	
15515	3	34	1087.44282687429	
22348	5	12	443.999395726248	
23540	1	13	453.252013723018	
29125	9	1	97.3673132142831	
21933	4	36	1158.03688758893	
16887	5	20	676.148474494064	
24720	9	37	1197.03240197014	
12423	7	24	797.148624657257	
16327	5	1	88.647077944431	
28363	8	7	265.865926754598	
26063	3	12	443.630271797828	
14647	1	29	941.271761386316	
28520	7	36	1151.83841345452	
12512	5	21	699.475708147267	
25181	1	39	1264.3716440277	
25522	9	30	988.23456560645	
11654	7	26	857.02775678459	
10214	2	31	995.118951068781	
28643	9	10	383.713986269997	
12035	3	3	144.575066149503	
17918	8	25	826.384835888811	
9709	7	13	469.145279521656	
10814	9	28	923.73399524192	
16044	6	28	911.802876904515	
9060	4	45	1425.25880473911	
22083	4	45	1440.10430019354	
11350	10	4	184.635374296752	
28173	5	2	117.55229966601	
8346	4	46	1458.3926434528	
28424	3	3	165.543584416408	
11470	3	48	1527.83397622771	
17130	6	6	245.274830723775	
19952	2	10	383.644900947644	
20065	6	50	1584.61929272144	
19147	5	8	306.511562162317	
14476	7	26	860.425191102747	
27110	6	24	796.194800583736	
11398	7	25	818.733214409432	
14912	2	39	1257.51491888311	
21031	6	31	994.487028994824	
9797	1	40	1276.28267273134	
13133	3	8	299.802317423654	
21698	6	40	1266.51796619711	
24805	3	2	120.93976171731	
27260	8	3	147.543900379699	
23477	6	12	431.510061189304	
20522	5	5	231.129968236727	
18314	4	16	560.537169873965	
10351	8	12	420.297699878131	
26236	7	37	1190.75814030634	
19101	3	33	1067.15034746898	
19331	10	8	304.096931584225	
24441	4	9	350.912815980107	
19642	7	37	1191.24285094032	
27062	3	16	563.679451050088	
19371	9	21	698.297547352639	
8822	4	35	1120.26540048433	
15914	8	35	1141.4491368185	
22672	5	7	272.108508475175	
26646	3	41	1317.93258739539	
27628	9	17	571.513100197312	
16232	1	36	1159.48010230413	
22793	5	29	938.755981204452	
23887	4	48	1523.10349352802	
9126	2	9	338.031950526886	
16050	9	7	278.355441074053	
25765	8	19	637.626860438672	
21644	2	36	1167.21912073308	
25884	8	13	472.96414598495	
10146	3	14	483.946452924957	
21534	2	7	272.039765022714	
26544	10	2	118.294542375158	
23652	6	42	1337.60403218568	
25542	6	30	989.226957275172	
23598	8	13	468.292393418165	
27061	10	18	606.582518465157	
19655	5	24	802.627313324542	
28337	2	27	882.79423352461	
13025	6	26	844.258976524816	
28766	9	33	1073.7487435498	
12637	5	40	1288.97433195681	
17250	1	38	1224.09820442279	
21672	6	41	1297.25459978788	
13652	8	9	347.634503146463	
24920	3	21	698.393236947429	
16492	6	41	1303.73704464349	
18405	1	47	1494.36201474367	
27680	8	24	792.402050007322	
23237	2	34	1100.93984167135	
23956	8	38	1208.21401480968	
13638	4	42	1340.15979061842	
20521	4	39	1254.74566376523	
15217	9	18	626.624705934257	
16486	10	49	1539.58233148771	
9916	4	14	502.973928797512	
23556	5	4	196.80257042721	
9948	5	29	961.046336219202	
28045	6	42	1343.41447266909	
25683	9	43	1382.90781119042	
25822	6	46	1469.18845930565	
9274	9	44	1393.88320075063	
17268	10	20	663.91084750365	
18040	9	3	167.573023889015	
18648	9	48	1536.35124695317	
27181	1	31	998.718375283628	
19534	2	32	1028.85580509382	
15497	7	17	566.492899398549	
27920	1	30	961.685858704935	
9767	1	24	802.950457522157	
18633	7	49	1557.09693258493	
27666	8	47	1495.6702340281	
13028	10	8	317.471166959717	
13703	1	10	377.190160293686	
28810	9	24	798.359764925372	
19036	3	1	108.95825543858	
12518	8	29	947.414895774524	
17364	9	46	1462.22550251625	
16934	7	20	671.121478057989	
24393	9	28	904.710256580594	
12389	5	19	634.294905883397	
16093	8	10	383.993426330385	
14003	8	45	1445.22481043135	
27705	1	3	146.279279061723	
21178	6	26	864.750131175271	
22073	8	22	743.786662306537	
15465	9	18	617.29410125748	
17448	10	34	1091.6698364409	
10335	8	44	1398.02170069796	
20249	9	16	566.25302847766	
11644	8	9	351.489822990955	
12628	1	39	1245.53618224595	
25603	7	33	1059.21284065545	
11932	1	34	1099.88642233419	
18605	2	30	975.07051721917	
8327	4	40	1279.86554279917	
16468	10	21	705.06348445316	
8540	5	35	1136.52518053377	
8449	8	43	1360.9033528347	
18332	5	29	948.916127862835	
15146	1	40	1269.53743185361	
11646	5	25	817.244145244939	
16849	3	18	612.676156038733	
8819	2	50	1589.45159248517	
9710	10	35	1143.84290908642	
11023	8	41	1312.54378078158	
12077	3	34	1102.6886236587	
25098	2	29	957.555503471548	
29772	3	45	1428.26494100888	
9357	3	48	1510.62407604913	
17120	3	36	1155.55903302299	
23290	10	9	334.577067910962	
19422	1	10	369.924858161213	
21980	10	15	518.704216088496	
20526	4	25	828.612905307027	
25195	5	36	1165.19503297526	
27357	2	49	1548.65839031928	
18153	2	18	597.631568441927	
9766	5	28	902.822892713744	
16911	2	27	872.564584646637	
9224	8	13	461.424274026148	
8319	4	48	1537.18596865292	
19186	3	23	768.471198700588	
29093	10	14	475.432830227275	
14346	3	15	531.460634531202	
22636	6	11	391.560750338976	
28067	4	15	516.457393372644	
11986	1	25	817.584744625531	
15638	9	31	1002.11964307452	
23572	10	35	1118.4942221262	
24992	6	31	1003.89477098542	
28640	8	44	1410.88971524075	
29772	3	4	181.322149681543	
8096	3	41	1322.20535019515	
25597	2	38	1235.17282472699	
28826	1	44	1417.05076063846	
14402	8	43	1371.31727029165	
17507	2	46	1455.77321794619	
9873	6	18	602.436369975301	
19727	5	36	1152.20635039369	
26796	9	39	1241.09803864784	
26453	6	39	1259.73859778593	
21069	7	39	1263.40489543202	
22148	2	47	1487.39762464883	
23396	8	31	1010.69399545467	
11224	6	1	96.9127550799925	
26236	7	29	955.611324084742	
13795	9	18	620.508624566956	
22010	8	9	351.273517027159	
23392	7	44	1409.87548424391	
18969	1	42	1331.20715247989	
10690	9	4	187.431916011233	
26835	6	8	313.702287820029	
10928	6	17	568.338768188068	
25579	9	17	567.491853836687	
20197	1	42	1332.35146320069	
22475	6	2	128.772946544351	
20314	6	5	217.243325811458	
24420	9	35	1137.99095795396	
27781	8	25	832.282158747447	
23387	6	27	876.086387408938	
25541	3	10	365.103879033171	
17125	10	49	1555.43586039703	
22748	8	11	389.770718882685	
26798	1	17	586.729305063714	
21652	1	42	1344.66931778224	
26219	6	6	233.254918229419	
17641	9	19	647.71950796606	
10690	9	27	883.53139136151	
27876	4	31	1011.56214466857	
23335	9	44	1393.87776268361	
13526	7	4	172.885172373096	
29257	5	50	1595.19519846663	
14690	7	42	1350.61654232005	
16582	4	38	1231.4665459988	
12893	4	24	801.685676240216	
10318	2	10	353.781073220904	
15038	4	27	881.073574051761	
17135	1	33	1064.7388347726	
28206	7	15	514.54787945121	
9881	8	32	1035.94942625423	
16018	7	47	1495.94876880569	
23727	7	16	546.311227598372	
15373	4	37	1192.24415883061	
29366	5	44	1387.28706964631	
20830	5	27	896.462854974187	
17876	3	37	1177.18742742072	
24384	5	38	1212.98338149348	
14420	6	25	834.713496358466	
13679	2	47	1502.8213615263	
29867	3	43	1368.27781409411	
11563	5	38	1234.07394448019	
17681	1	11	397.782259992222	
21725	8	43	1370.15421122785	
25960	5	10	356.119962984752	
9530	1	29	955.994159614665	
10805	10	41	1304.3027373889	
21141	6	29	953.634176549331	
9928	10	30	980.668319585113	
29772	3	40	1266.02467767244	
10138	8	46	1463.65783685057	
19504	6	11	387.891816118682	
21335	1	42	1336.97723320545	
25293	3	29	939.71137235859	
22729	6	1	95.9977215602983	
24951	10	39	1238.32198010679	
13948	2	4	192.236717544606	
12142	5	16	563.085745499975	
17208	7	29	936.872222189266	
13018	1	43	1365.80617759647	
16790	3	33	1058.57038997978	
15129	8	26	847.699372492591	
22085	8	23	752.504491038855	
22555	4	21	703.443078502753	
24502	1	44	1396.33273249321	
10238	2	30	980.137618603249	
17446	7	45	1418.7926514348	
13034	2	12	443.191701566424	
22508	5	18	602.483649236375	
29715	3	40	1290.26645008953	
24011	5	6	247.481890361515	
18633	7	18	620.271536735944	
10928	6	44	1413.00601160759	
22386	5	30	980.710029835212	
19368	5	39	1243.28433057446	
23777	2	6	239.803818203418	
9997	8	43	1375.10291238087	
20550	7	8	305.040987238773	
9705	10	33	1074.4965793353	
20438	3	10	355.472386384137	
16205	9	34	1097.38293885131	
13472	5	31	1000.14689667157	
27734	9	47	1500.40525446665	
14603	3	44	1398.71415710017	
28740	5	19	650.890042600636	
27260	8	22	728.057610135552	
9475	3	6	238.971535600243	
21027	3	38	1206.59985523978	
8358	2	37	1176.24643727031	
11847	2	5	228.965089539515	
24973	10	24	784.226137429581	
24511	1	21	694.101681920747	
29346	6	10	356.111159304209	
25227	7	33	1068.90731876199	
18423	6	15	524.250971546513	
25637	1	18	600.578441601516	
19419	9	16	561.569453441337	
18394	7	40	1294.33918148947	
29822	4	50	1573.82147873464	
19038	6	30	975.982344381503	
12552	5	35	1137.20150817987	
19613	2	29	941.111035822477	
15511	5	12	431.150527312956	
11345	3	40	1290.40186949559	
21179	5	34	1098.54278731092	
9979	7	28	923.386300114629	
28878	7	17	574.885804511088	
21311	5	12	436.267203370234	
16061	7	41	1296.42704178413	
21870	7	46	1456.19390335688	
27861	6	46	1463.21906772592	
23288	6	47	1487.19573030583	
19772	10	34	1088.58916616467	
12772	10	20	661.399835805129	
18890	4	9	348.423238745156	
18898	10	2	138.423493308212	
12335	9	29	947.294118025943	
17561	4	29	953.790333938687	
12541	6	2	132.553035902117	
15298	7	22	748.275122357661	
21709	3	25	821.166083003006	
23399	4	7	292.192796195016	
20215	4	26	866.945264296115	
8063	8	13	453.51855969686	
28938	2	17	586.040312659945	
9959	8	36	1153.38020844077	
15477	4	9	344.160377431736	
27661	3	12	424.098692845599	
24196	1	16	536.459058288699	
9851	10	22	722.705888972946	
9262	6	40	1278.23436476208	
16238	9	3	160.763730891405	
24249	2	9	331.219508504132	
24293	3	4	178.514234953799	
18555	5	25	818.270878204271	
11942	5	6	236.271903028838	
10299	5	19	648.996369358616	
26906	4	7	290.003384971061	
19124	7	10	380.171369789248	
20924	1	42	1327.50374248601	
12600	7	6	233.171805624464	
13121	3	44	1402.70433223001	
22161	6	48	1510.17281345565	
15331	5	41	1320.05253391343	
13712	4	10	365.746021813595	
27379	5	27	897.030407123747	
17265	7	38	1205.51251575607	
20365	8	40	1294.71132349908	
9873	6	24	800.484080016838	
22530	4	13	465.827478238301	
11351	8	39	1253.28432357557	
25513	1	38	1207.77911950265	
9875	5	39	1241.78614558735	
26204	1	28	905.546356376981	
11353	7	6	234.816261378497	
23623	4	28	925.008711984851	
13531	6	3	154.165771526362	
27652	3	50	1577.6319676161	
24940	4	24	784.361556835641	
8457	8	49	1545.16257887015	
8179	10	20	659.225922682893	
22302	4	5	230.787111665489	
15295	1	47	1499.80814508154	
15447	4	19	653.721152811181	
17609	7	6	257.959538594801	
24623	10	43	1382.45533683452	
21154	3	39	1235.9762218017	
10161	7	30	990.074931210873	
13645	4	45	1443.12895760086	
8207	8	4	192.151335716318	
8470	2	34	1089.4271239496	
21574	4	22	737.290733054881	
28384	6	19	653.618964149439	
20057	7	11	405.04929341611	
20100	8	17	595.103316733196	
13433	8	31	1018.461750773	
21585	4	10	382.019982739361	
24638	9	36	1146.89273038269	
24105	10	3	167.772537883265	
27969	1	40	1289.0099055362	
18463	2	49	1547.86769268469	
28405	4	19	649.449053932656	
11264	8	38	1223.61461282876	
26819	7	3	150.631580050397	
19199	10	33	1069.42156539737	
18081	8	3	150.45524525943	
12372	5	15	518.977585304052	
11385	10	32	1025.67315212715	
8926	4	49	1543.6979735753	
16352	9	47	1493.26216621942	
16951	6	3	162.106131502477	
25937	7	20	671.36440174252	
9875	5	34	1105.64182813542	
29077	4	12	435.008790919096	
21978	8	22	748.277819803114	
14844	5	1	82.3846939589757	
21986	4	47	1502.89618714847	
8508	5	29	936.451660644473	
10388	9	35	1142.09299531863	
20303	3	17	583.290684979079	
23424	5	39	1261.05418532205	
26116	9	8	295.437584545201	
10947	8	46	1451.58236589822	
16084	3	21	688.33274430052	
15467	4	30	976.400354288705	
13189	6	17	595.993590520692	
22793	5	19	634.160155353211	
29139	8	28	916.736852171243	
8003	2	11	390.443039643785	
19473	3	25	816.3545106055	
24030	10	18	622.98872924549	
26686	4	18	607.273041143675	
24728	3	47	1489.85942973283	
16552	9	34	1095.35165129944	
10892	4	50	1597.29488618546	
22692	5	1	89.7768687502373	
22827	1	18	607.172498836728	
14798	7	45	1429.17656503114	
20781	8	37	1184.29958741381	
19542	9	4	187.504293335371	
10525	1	29	943.477751530464	
29952	1	7	290.303069674551	
19906	8	32	1046.37695763557	
14567	6	49	1549.86679138144	
25199	9	1	110.045204213841	
28332	4	14	498.062722207076	
10565	6	38	1231.64890491946	
9132	1	8	298.610173230344	
28329	4	39	1256.771473613	
28554	8	17	592.71862277422	
13501	6	35	1115.56556362452	
12077	3	32	1045.56832209489	
10914	7	1	84.7997350640594	
8162	8	37	1184.48185290419	
16394	2	1	107.955720214153	
27132	4	42	1332.43010813949	
21552	2	24	797.866688034435	
13642	9	18	615.28186852824	
22066	2	23	774.231225761693	
26864	3	16	553.427974876681	
17493	4	35	1116.29508990622	
15964	9	37	1202.24073313281	
18659	1	21	715.230112483366	
28938	2	24	807.343462969802	
17933	1	29	950.27343697393	
24752	1	36	1154.8330903588	
15698	10	24	781.504972009689	
8868	5	1	90.2901768359775	
10761	1	12	437.713904733636	
24023	4	22	738.500951052877	
24952	6	33	1075.21219512225	
24350	5	3	153.719622117337	
19165	4	42	1352.15207323067	
29932	10	32	1034.58870198326	
26495	6	39	1239.81293344862	
20431	7	32	1050.75111564749	
12951	2	26	849.060626909631	
29337	9	47	1501.71557451678	
10483	6	20	658.287540086679	
23573	4	16	558.337632081629	
21964	10	30	964.344685601231	
18149	8	12	415.549982122867	
18066	10	39	1259.96537855825	
24279	5	44	1397.72441686956	
28019	1	41	1300.78894698098	
14999	7	37	1177.4204071506	
16394	2	18	602.473306079616	
12239	8	11	385.377576828644	
25846	5	33	1067.39593108529	
10665	2	9	344.864778045968	
19979	8	27	891.910180715802	
15697	5	50	1591.89063030849	
11644	8	22	734.945339269445	
25348	8	21	710.871612537127	
15107	5	20	671.209203429152	
27273	9	42	1341.23701839765	
18433	9	37	1175.07295719118	
18139	3	8	319.033494665769	
13282	9	20	679.593354407509	
29064	8	16	555.21211385504	
29861	4	41	1316.55775019739	
12329	6	38	1221.35872808348	
24091	6	46	1460.89626849671	
10951	1	18	598.270522560119	
8024	6	35	1117.50642765197	
25184	2	32	1041.84594150719	
25117	3	40	1293.41624886422	
8065	6	19	650.211033080803	
10922	4	49	1544.66891945557	
19372	1	19	657.204604566658	
11666	5	16	563.369481229861	
10693	1	27	896.151113517653	
14047	2	49	1556.99432844156	
9793	6	8	295.893593680064	
26505	2	37	1189.08328927545	
14404	1	24	780.745107783352	
20870	8	49	1542.27535457456	
20670	9	28	917.505695613802	
19355	7	34	1106.55451598882	
26677	7	43	1372.85302982333	
16076	8	19	632.359784279186	
13605	1	14	476.127395181045	
10716	3	18	622.894245750687	
14175	3	4	172.849126687669	
22309	8	45	1446.59077033707	
24606	8	34	1083.32156481376	
22287	5	31	1018.77428284789	
19296	10	22	721.280460693538	
21173	8	12	443.379498554105	
10108	9	47	1498.57591505096	
14426	8	46	1475.67815845631	
15425	8	18	610.027132243862	
29840	5	28	902.122220109274	
20047	5	4	183.075426231639	
14766	10	26	841.779881884241	
25330	6	42	1342.98595751775	
15739	7	16	554.65371362616	
8926	4	22	741.694855998128	
23827	8	10	360.217989217591	
13608	1	9	338.943005473792	
12163	10	47	1484.00415828638	
8067	9	49	1552.26227299881	
25834	2	12	440.708657373073	
18390	3	14	490.191326518632	
22321	8	43	1381.49529681611	
22781	7	50	1595.75906719815	
19125	4	2	114.896301866926	
15792	9	15	519.051745589381	
27323	8	35	1121.78832326168	
18799	1	47	1490.4640956458	
27728	4	44	1398.96166382309	
18560	8	9	337.567261577382	
19358	2	25	812.478978676945	
27141	8	28	906.740324584181	
9719	10	48	1522.85232957585	
13347	4	28	920.430355016342	
15242	6	20	678.464482332796	
15980	8	43	1368.04714180904	
29166	9	23	751.679752223044	
19231	7	2	114.184862838213	
17339	3	1	103.071658659294	
24109	3	19	652.135788170684	
20610	3	7	286.831534526698	
29403	6	2	126.09300440461	
10345	10	24	781.526446110348	
16239	1	49	1553.342348986	
23123	8	50	1594.02889340838	
9390	4	46	1453.91890220992	
18724	8	33	1054.11371179582	
10570	5	45	1446.0973317577	
12343	1	8	306.091394157191	
23538	2	27	880.580498576434	
8568	3	19	637.287706396211	
29945	6	26	847.611510515032	
14470	8	47	1488.84887153695	
17800	5	20	680.097511280374	
15519	5	2	115.418737807972	
24089	8	5	212.702919232055	
10212	6	11	391.353829871562	
8520	9	46	1450.83170313892	
16552	9	32	1048.42526294683	
8768	6	17	579.722537258511	
21470	6	37	1199.49213743186	
15611	7	16	552.915402908304	
8938	2	4	179.61425122787	
8560	8	38	1218.11089687893	
16345	5	44	1397.54815356692	
20815	1	50	1595.38189552509	
26364	5	6	260.223096655786	
28209	3	48	1521.3495268679	
19437	8	22	744.521475184952	
21978	8	24	786.606571817122	
28967	6	50	1590.01510377508	
28733	6	9	326.033126379379	
16810	9	8	315.871346814498	
21692	9	28	911.868370115696	
28183	1	42	1345.43073847211	
8520	9	11	394.615652968462	
14153	5	41	1308.66488040828	
24962	1	45	1428.15294783011	
12423	7	1	81.7301737897704	
19438	10	6	260.977399657004	
18360	1	33	1064.93803379356	
14128	10	40	1275.69099150397	
9249	1	39	1264.37270148861	
14844	5	18	598.381165246657	
10646	10	41	1300.27955518117	
29512	2	49	1564.86746816191	
24718	8	31	1017.89145304723	
15741	1	28	922.75481829548	
13982	5	27	885.011617208371	
13450	2	16	545.761563100741	
22913	10	33	1056.69331193748	
21520	2	28	900.84804908412	
21642	6	20	665.759599891379	
16305	5	35	1123.34912140078	
10335	8	32	1052.64365073882	
19456	10	42	1333.91613161839	
29677	7	49	1546.47875317674	
13863	1	36	1163.41554923142	
28802	5	6	235.794195419082	
23585	8	50	1598.64699788329	
18213	2	40	1273.69580555414	
17079	7	35	1132.76418492792	
19165	4	24	781.575856572751	
17288	8	35	1119.48482234007	
18742	2	27	890.565394801351	
13085	8	11	391.254580016832	
25997	7	18	611.740163700534	
24921	1	19	656.980501421252	
10528	1	29	934.666772808259	
13862	3	41	1320.80308483951	
26313	1	14	504.038038823771	
14909	1	16	563.200882041455	
10655	4	46	1449.10152934915	
22891	3	26	867.447863289829	
23356	8	35	1114.78450346495	
10366	8	48	1523.80114592789	
10011	3	27	888.542701419696	
27237	2	37	1181.23308598121	
8198	7	48	1517.83134169776	
17497	2	45	1432.68068540501	
15194	2	19	657.490442477861	
23645	8	29	937.468278360305	
17994	4	21	716.337909659528	
27971	9	7	278.759912084211	
23541	5	42	1329.91325987965	
20364	7	23	769.167054690964	
20047	5	39	1260.273526488	
13430	2	24	792.522225413715	
17539	7	46	1459.22471937687	
21342	2	1	91.514606853721	
14203	2	13	448.136899791722	
23809	2	5	225.249331176863	
17001	9	40	1272.35875241103	
21637	1	1	83.0831759064846	
9812	4	17	587.281594102868	
18081	8	48	1532.17384886563	
28698	8	17	574.115134931223	
25719	10	5	224.887879148539	
8570	6	41	1307.81577044531	
20262	7	30	989.024975164339	
28524	10	32	1033.12730446138	
20421	2	12	440.91095162598	
21465	2	50	1588.08804548722	
18375	4	36	1164.20853236886	
23303	2	2	121.72352427697	
19240	8	17	573.492429896021	
19371	9	32	1051.74651973496	
13489	3	44	1398.31173660155	
29214	3	1	88.564617935831	
14682	2	35	1128.84250481093	
27970	2	15	525.373430198698	
19169	1	13	445.245667195528	
8402	8	39	1245.58420753366	
8628	9	11	403.113510014077	
24885	6	31	1021.15655540543	
20047	5	12	416.227527193831	
28406	3	14	496.426275268396	
26130	1	17	582.81594448854	
21609	6	44	1389.57156246042	
12156	5	4	201.398340110387	
28634	8	22	730.981053528833	
19803	4	45	1419.21793828682	
26584	5	24	797.755782044379	
26286	6	28	923.152165954538	
23784	3	29	952.666185047788	
25743	6	10	358.788707646909	
17104	7	27	890.842129630429	
27990	8	45	1446.01835344267	
26798	1	10	360.166269186962	
22642	8	37	1182.61065459932	
10355	9	32	1029.68601099667	
28732	2	22	743.654822271156	
9857	5	46	1473.41731553591	
22568	9	18	608.806366533417	
15808	7	14	479.553380943627	
19038	6	8	296.579490851881	
29916	8	29	949.380232873084	
25504	10	36	1152.12937729067	
20466	6	6	237.036387807241	
28744	5	25	836.420829983624	
29440	7	41	1317.420534956	
28223	8	46	1461.96178988645	
9843	9	24	783.957607477884	
10767	8	11	410.382214565939	
29274	7	36	1166.14117665502	
27588	4	1	82.891232596194	
28207	10	17	579.665123643198	
23224	3	29	949.245242396949	
15402	4	20	661.926620501059	
20083	10	6	251.054066909037	
25136	2	35	1115.74757359724	
28917	1	50	1591.29919044268	
23366	6	12	435.316316688115	
16557	9	37	1186.41743033492	
19645	5	9	338.043921635507	
13845	9	38	1213.90936617456	
25993	3	39	1243.1551695816	
13033	2	22	744.935879532684	
11740	10	7	291.542347321074	
20572	9	43	1362.93481663006	
22513	4	40	1282.65030026559	
9812	4	38	1205.72816629229	
24618	4	35	1118.14546741459	
14128	10	15	505.953963336513	
29585	1	4	179.156493814269	
22119	10	43	1381.71860792754	
16211	8	17	571.82835165962	
27159	9	21	716.777841000249	
8885	10	48	1523.56012907045	
27672	7	24	804.577064553544	
23532	9	33	1066.84729432075	
24811	9	29	944.296897977729	
8319	4	12	425.779556681299	
29019	7	19	633.1507324768	
8035	5	14	483.977805154388	
19730	1	26	869.019263642383	
8068	9	21	715.260330808936	
26405	4	13	467.37356747844	
26275	6	43	1357.01098929951	
16461	5	29	949.774952451594	
20545	10	43	1379.12358400371	
23491	10	49	1541.59688723348	
28527	2	26	864.091732941611	
27171	2	4	189.112202277925	
11391	5	3	146.863081002079	
27400	1	32	1038.38682055398	
13570	6	11	388.338505583042	
25019	3	10	366.999885200988	
25733	10	9	350.76244489791	
21350	4	26	865.644014769068	
8922	6	19	653.42432127028	
10274	4	7	284.444353340401	
11010	2	29	940.587029969593	
10480	9	13	474.10157117718	
29130	3	36	1153.77052971803	
14845	1	4	191.692368663704	
8778	6	12	423.816322471861	
23108	10	10	358.00364414137	
22533	9	8	311.22572075167	
9229	1	43	1384.42256872748	
9241	6	34	1111.06288093657	
15393	5	46	1462.88728264295	
25649	4	32	1025.6851133265	
29084	7	46	1457.34955594752	
12653	9	24	784.20677258829	
28350	4	6	251.45067561951	
19527	2	39	1245.51963376138	
8325	8	44	1402.16558421131	
24782	8	24	782.439625180531	
13008	1	33	1069.02465799312	
18423	6	17	578.649035365623	
25868	7	26	855.781602103162	
28520	7	30	987.924890233169	
10536	7	29	941.76739486948	
29575	6	50	1583.81123262635	
11406	8	42	1341.05341303211	
12715	1	12	421.636433350684	
21191	10	31	1009.03326513666	
8084	5	12	439.090882334435	
25563	7	22	740.769673260287	
9444	1	33	1073.3801023445	
13951	2	7	284.828466458632	
26331	7	13	446.015396102339	
25844	10	22	737.916114301382	
11339	9	5	231.152743283265	
28732	2	26	862.402940980346	
26823	6	1	83.7098680081358	
13148	8	49	1551.67798550412	
10457	5	33	1079.38020275877	
8885	10	10	372.285436490684	
20489	4	15	525.202941170522	
23243	10	12	437.256686667566	
13102	4	6	236.14784672677	
14598	7	50	1572.58842057203	
9536	9	45	1438.71207151502	
26005	7	48	1516.23630136076	
10487	4	17	595.91177390698	
24397	6	31	1006.7421769941	
14192	5	31	1004.90542968964	
29084	7	47	1495.41240538257	
26466	9	44	1392.8671867926	
13916	10	17	586.172921371727	
25864	8	37	1184.56026002046	
28071	3	27	881.737786904787	
24439	2	10	366.994979403445	
14862	2	44	1397.64271916712	
18813	3	27	896.519463107232	
19044	5	50	1598.81963510011	
18774	10	14	490.29033855083	
25994	3	44	1412.71711668592	
17820	8	43	1370.05593531302	
29528	10	31	1014.7830573352	
9641	4	48	1518.91276180694	
11148	3	36	1170.45604749138	
20364	7	11	391.042466382982	
9854	6	28	906.234414477942	
11778	6	34	1096.87188654061	
17208	7	10	367.768999025118	
22986	3	41	1306.19681266425	
22414	10	48	1521.80383160794	
21867	8	6	247.740807611375	
10017	5	40	1293.84164825726	
25743	6	11	402.785381452546	
26277	3	14	490.154188689848	
27377	3	18	623.821716822601	
16686	3	5	221.392348698057	
13388	3	21	699.633755376392	
22535	5	31	1015.33646966114	
16410	6	34	1103.05532335446	
24390	5	3	147.574931265588	
29613	9	25	825.141639125134	
15830	7	31	1014.89425635659	
9088	7	1	84.1278354470282	
11752	2	16	543.678476951867	
29034	7	29	947.902486467689	
17704	9	17	567.207180972773	
24641	1	21	700.268206438175	
15615	9	36	1164.27760919755	
8398	8	13	450.921134897937	
17735	8	12	433.510024116146	
28629	9	49	1565.88347787311	
9230	2	1	84.8902329080227	
17666	9	35	1141.38764695329	
13138	10	40	1266.66308607285	
23041	4	18	602.229501177664	
13782	8	34	1110.41988383532	
10355	9	15	518.34392486063	
12025	8	20	665.691799235387	
12254	8	39	1261.54595418905	
