idEmpleado	idDepartamento	ventas	importe	
10456	9	25	813.139985172609	
27559	8	25	828.675112886669	
28440	3	12	437.315971719714	
22810	3	46	1453.95323288345	
23899	1	49	1561.26137642249	
22809	6	27	895.700887150923	
20400	1	17	580.013003507635	
9157	6	17	571.350397025864	
20744	6	38	1226.027012405	
27661	3	2	111.429636418554	
9113	3	30	988.887186026614	
14807	1	20	669.21162863691	
20011	9	26	855.657261971225	
8413	5	7	262.525978955685	
25052	10	11	414.085207662585	
9437	4	21	717.179417087314	
14335	3	1	91.7441898266525	
27331	4	50	1587.48896911158	
28740	5	28	928.070269398424	
15934	7	9	342.351088012732	
24259	7	30	985.304022927444	
29861	4	12	416.068423211606	
16412	3	37	1192.92106970815	
19858	2	36	1162.80124513563	
15331	5	1	80.462136604107	
19070	8	32	1027.7406021523	
12076	8	33	1082.75817809755	
27672	7	40	1287.08180819037	
18403	2	47	1499.27788506228	
12153	5	36	1164.45066543503	
9873	6	46	1450.88625863701	
19980	5	28	916.84837041276	
27132	4	46	1459.86587830813	
18919	3	20	664.420129593657	
9136	10	21	691.5846276896	
27818	9	7	281.999905762263	
15245	8	18	613.640205065552	
29326	1	29	955.372584236494	
11100	7	33	1074.88966954634	
10091	4	21	709.380216817083	
26854	1	23	753.807113000102	
23104	10	45	1419.25825628417	
23455	9	27	875.826307235205	
11265	8	37	1192.26276419697	
25593	9	42	1330.0717643509	
18038	9	47	1501.24028618505	
28363	8	48	1531.41258813972	
8715	3	6	252.54782882172	
16582	4	21	698.726725717414	
22858	2	47	1489.58110021873	
24757	5	27	873.101170320577	
15697	5	5	221.880139700081	
29323	2	30	982.018201696695	
18813	3	26	858.173053477971	
9754	8	10	382.34657394809	
23097	6	14	477.071561961002	
12480	10	39	1235.75404317852	
29219	4	27	874.514726584086	
21964	10	46	1453.49109627935	
29200	1	18	613.520774270185	
14724	7	44	1412.94270905337	
15286	10	27	892.93119531727	
27781	8	20	672.07251196358	
10983	7	3	141.576346969966	
11264	8	6	260.54337778154	
25901	5	3	152.038815613854	
13410	7	24	809.34575032878	
15514	1	7	271.237132377567	
21429	4	36	1170.94135126608	
21372	9	5	212.085301900322	
16061	7	4	183.539212021762	
19445	4	22	736.371605590159	
29134	3	17	592.599299565237	
23720	5	8	298.690052581341	
27012	7	37	1188.54397501263	
11783	1	36	1166.04576664327	
21222	1	35	1140.2421159764	
20165	9	1	80.6583055111851	
16522	2	45	1432.72948078473	
9966	4	4	179.221850419055	
22015	10	34	1096.32801401258	
15905	1	28	910.210349275828	
10575	9	20	668.355082472952	
12396	9	1	89.6967848435495	
25344	1	10	371.349495114456	
25914	6	41	1309.00611893693	
13707	9	48	1534.83016871606	
16786	1	20	681.692824830158	
8707	2	10	362.073555645567	
28670	4	8	294.513065728598	
27382	8	19	646.245862583744	
17907	4	42	1339.12547848147	
14382	10	34	1101.88148795715	
17791	6	16	541.368895276156	
11830	7	27	896.437507763709	
17987	8	46	1460.87591768283	
18286	10	25	827.185744320594	
19169	1	25	814.249960265239	
17128	5	31	1011.71938641543	
16313	3	39	1258.03294873705	
17956	5	23	771.894535856272	
24561	9	42	1340.17545576216	
17028	10	20	681.606477555636	
10665	2	17	566.641423817091	
12210	6	43	1386.04188819697	
26805	6	5	216.729564730418	
21492	3	38	1229.28084013484	
26673	9	23	763.328149115354	
17324	10	40	1269.62907846534	
17698	8	25	816.30080730482	
10127	10	29	936.829445984601	
10241	8	38	1235.09573766733	
14972	6	32	1041.78524579936	
22455	10	42	1354.26924586029	
21748	8	35	1117.19276025761	
21789	5	17	582.732359777546	
24259	7	8	304.576112844318	
21240	10	20	662.375727120031	
23838	8	43	1370.22685185551	
26537	4	16	551.537258844607	
13100	6	5	217.208646897789	
22902	8	5	207.652925498622	
22068	9	48	1509.163576732	
16453	3	29	956.428285537487	
10531	4	36	1165.83943931658	
9319	4	12	444.413733540295	
23710	9	38	1234.49011763301	
17859	3	2	131.230404289081	
24331	7	31	1002.25254481763	
14786	4	42	1327.6680573298	
18127	7	12	418.860022322675	
23251	9	11	405.992155711163	
8327	4	20	668.93891909576	
13573	10	6	254.696532047678	
22076	2	31	1007.32731456278	
26032	5	42	1356.15255825042	
13786	2	8	308.603871720193	
15116	3	4	181.71365865586	
8041	6	8	303.654896646577	
24137	9	6	234.619930384038	
28190	6	3	159.725278802088	
17287	3	26	851.502019600711	
24730	4	31	1012.06374636482	
20883	5	36	1145.77274834075	
14321	6	29	957.683619743997	
8299	10	31	1011.15012491641	
15690	9	10	377.340232682107	
8560	8	42	1347.61224209685	
17839	9	32	1024.17613501855	
15828	2	11	393.705147986163	
24420	9	39	1236.29980483851	
10138	8	6	244.810017200564	
21070	9	32	1044.02310840973	
15114	4	16	540.182127570818	
12499	5	35	1120.82430183926	
11939	4	19	644.24161035765	
12579	9	45	1431.01187903015	
16424	2	41	1325.17819201815	
14480	10	31	1000.80198450051	
22650	8	31	1021.62815465668	
24829	2	17	582.239447097406	
28033	4	37	1178.05043584576	
13786	2	43	1361.07560429772	
15903	10	49	1541.96102113554	
21460	2	14	477.440784982145	
25479	1	18	610.837290273438	
15641	7	19	646.156818571573	
17695	6	26	867.088713751682	
27772	5	12	426.94193129751	
13534	9	43	1361.04020200718	
10309	4	10	354.128488057353	
29894	2	5	202.862454188458	
9479	1	12	438.720830473453	
20400	1	38	1215.60692147147	
28191	5	13	471.811980042519	
18700	1	30	965.706627297079	
21154	3	24	795.589179133805	
16492	6	12	443.390828391253	
9933	5	50	1598.74466579349	
27022	9	6	234.689314400167	
29118	3	3	147.073500858188	
9064	5	47	1486.87787553616	
23510	5	21	707.054269270531	
18544	1	21	688.547396831469	
24467	2	4	171.368252491284	
24487	1	6	254.050005122111	
8455	5	30	961.969047301435	
21013	6	5	208.756791524941	
13022	4	22	733.872230208419	
22432	5	12	443.085704205132	
12945	9	48	1525.14067922027	
14355	8	17	583.425679702044	
12457	3	24	780.911674155347	
27749	9	27	882.026741989901	
15153	10	39	1252.38048328663	
26362	1	17	581.674842956324	
18318	10	34	1090.42641530299	
24350	5	33	1070.10272522927	
12125	7	22	748.331963358602	
20845	8	12	426.846329470559	
10664	8	13	444.993306344838	
20207	9	34	1110.25151893043	
15630	10	31	1000.67031079934	
22662	1	39	1263.13593301137	
14915	7	2	119.57665992881	
17493	4	34	1113.43735065006	
12892	2	44	1406.08918672711	
16745	1	45	1428.41618693826	
17994	4	3	148.370147528299	
24180	10	6	235.11767454218	
11638	1	46	1448.65243122385	
18933	7	33	1067.6210506389	
25648	4	42	1326.43352622466	
12970	10	26	846.112670100346	
14494	1	29	954.554653798488	
9908	8	21	695.361571561248	
8318	6	16	550.996166575233	
13138	10	23	752.528207466252	
10948	3	46	1450.59276864426	
18843	7	8	303.390779860034	
8542	4	39	1248.868242972	
13702	7	15	517.400027046632	
11660	5	5	213.216483543262	
22010	8	50	1583.85622709238	
16461	5	45	1435.89952278691	
16888	3	43	1370.70280835531	
21186	10	31	1021.95078003311	
11542	3	36	1156.69408848355	
12296	5	49	1563.22643818484	
14826	6	47	1490.13713708619	
15838	7	46	1475.28021199409	
10945	8	41	1325.48645390453	
28046	10	40	1295.05886503265	
13081	9	39	1251.89833632293	
13433	8	44	1389.69600805533	
12579	9	19	636.821981927763	
25937	7	16	566.207564736813	
29694	2	32	1043.91833625916	
10987	10	19	648.970736902659	
15255	10	20	657.930901841228	
18404	7	13	447.960818395	
13558	6	35	1133.55286036318	
21624	10	2	140.386643996642	
8169	1	17	578.754555666239	
13502	8	17	594.433272981287	
12667	2	16	537.519628581367	
19825	8	26	856.992153477386	
11001	4	48	1534.799004055	
23683	9	48	1527.47208819141	
22198	9	19	637.018911725385	
11933	9	2	110.678676381092	
12130	9	12	417.898207836737	
26589	1	38	1219.50995658502	
10030	9	15	524.941183498568	
29149	7	23	777.978086498556	
25107	4	48	1527.59327929821	
18300	7	30	977.035035387164	
25199	9	31	1016.81408370697	
14784	8	45	1427.23641022445	
15061	9	9	348.873851573502	
18082	4	4	171.486570616945	
23227	2	9	329.395098243558	
23969	5	46	1465.18974875342	
14842	6	6	258.233010442105	
29509	8	10	359.837462548091	
10776	10	5	203.165977319314	
25175	8	43	1372.56218560625	
25643	8	3	154.535189901728	
27582	9	33	1056.41666204502	
27650	9	11	397.732671870726	
13951	2	5	209.154006824435	
8216	2	34	1107.07783031607	
12973	6	4	183.557470563593	
8111	9	27	872.66186680303	
24363	6	46	1455.42996146503	
23972	5	4	195.315382608825	
8769	8	13	457.01338304999	
12772	10	38	1234.46192787702	
22596	5	33	1069.42295411109	
14871	6	30	978.379894205546	
19665	9	17	593.710654877923	
29897	9	34	1087.15177597811	
28766	9	38	1229.22200029214	
8358	2	31	1006.20752645946	
22162	9	46	1459.4584607051	
19889	2	35	1137.38200415735	
21669	2	4	185.976497319516	
27869	7	26	850.117681534084	
12459	8	16	553.920249824375	
18188	3	46	1462.10272875712	
15934	7	39	1259.7869465406	
26224	7	36	1149.39348102985	
28293	6	38	1216.68192603471	
26583	8	10	380.096885329158	
29131	1	17	566.444331224283	
17128	5	4	198.565720151442	
28861	1	40	1268.36311160976	
24103	7	47	1482.15363355454	
21219	2	8	298.917093118148	
29710	2	13	471.267295661972	
24796	10	23	764.957442975118	
29024	4	24	782.456963575658	
10637	8	16	558.382342009983	
18298	10	38	1209.73941632069	
16208	8	15	507.86490490095	
17951	8	18	603.600846065022	
17434	6	8	314.340737273144	
8848	2	12	426.848089781985	
18826	9	20	669.511222033534	
8095	8	20	662.662703889731	
12067	1	36	1150.57989624822	
16621	5	42	1342.57310751014	
15355	3	49	1547.39112959588	
29235	10	15	528.856516018909	
13992	6	42	1355.16319669558	
16910	6	20	684.334794638834	
16054	1	21	700.173097951418	
9712	9	16	538.982222293961	
17705	8	11	398.774549737002	
8451	1	25	822.455458390739	
13332	2	1	97.1894799997981	
23474	5	18	602.444504072165	
19705	5	37	1200.61494007735	
15599	3	37	1194.31393328789	
14804	8	22	737.945725330126	
19362	4	20	659.760525794588	
12644	7	47	1490.39590428136	
26258	9	44	1403.46058523444	
25325	4	11	386.217535578747	
26411	4	42	1336.86424131359	
23073	1	15	526.952270999063	
15923	1	17	574.859749495452	
9856	1	31	1015.54483475887	
24326	4	20	678.155658449119	
18345	7	8	293.422451230428	
20343	2	44	1411.25369130226	
24695	8	18	608.769433968127	
24528	7	1	99.4825839714532	
29075	5	17	578.342621558505	
19289	9	29	935.85761464008	
8561	8	28	903.041266884208	
16469	5	43	1359.12840753753	
26222	6	6	260.606459500551	
27722	10	47	1491.25754593464	
27968	5	11	391.522832508908	
18748	6	48	1517.21383903046	
16772	8	37	1202.00235143397	
22904	7	23	767.8254100158	
18966	1	18	624.933688633579	
16902	7	47	1482.10953658545	
12692	10	34	1098.39262220002	
18742	2	24	809.380889315801	
28203	10	36	1163.37908381754	
18880	5	33	1076.46163472741	
16974	9	13	454.077815662174	
17845	1	6	242.512938902952	
21169	7	37	1181.84202349831	
24107	2	30	964.06840872209	
24622	7	16	551.793690990561	
10371	7	46	1448.10437910636	
27181	1	21	713.204941783662	
27135	5	15	510.880152038708	
23131	7	2	120.630554203238	
10814	9	29	932.646980719942	
14481	4	5	215.710432890668	
14458	2	19	655.720146752764	
27412	6	11	407.028272751266	
10905	8	29	949.235471146757	
29726	3	8	315.43406478848	
22061	4	49	1543.90950539331	
10579	1	3	155.565360670707	
16069	9	20	680.690513979965	
16634	6	49	1560.63960073546	
15801	6	33	1062.91693509692	
27552	7	48	1519.41419150653	
10531	4	9	338.061072462267	
18778	1	12	421.838044571615	
18096	10	41	1309.35739414271	
23393	9	27	882.791100778985	
8440	5	25	820.731886299668	
20021	6	33	1057.75817436062	
8184	10	24	802.570494265561	
8937	6	26	858.526896600857	
10893	4	14	504.107998993298	
24180	10	8	318.471619113568	
24945	6	41	1317.57138168326	
8308	3	31	1011.48066567792	
20625	7	48	1539.08320003146	
23488	5	8	304.077842786944	
27413	8	2	130.909512327476	
26108	4	8	309.41166780396	
27371	3	39	1244.70102524604	
11355	7	36	1147.68889298089	
26275	6	22	730.238242452144	
27650	9	8	302.652672856419	
20583	5	13	472.1611148455	
18223	4	41	1318.49785333429	
13133	3	28	927.959478780608	
28760	7	42	1355.54711304398	
19772	10	42	1335.80268575614	
13827	7	37	1190.18556627919	
25937	7	9	332.766880287215	
21754	10	15	532.391345227319	
20660	7	20	681.024183240265	
14456	10	44	1406.54417591474	
14603	3	14	497.702108220059	
21344	10	26	848.741288580346	
18112	4	4	180.462148720614	
13215	6	36	1157.04744322088	
14582	9	4	196.016743199908	
15667	5	45	1420.67489433134	
8287	1	46	1472.4846293556	
18337	9	3	161.277307943104	
9310	8	42	1331.06180469089	
11971	6	13	470.346204745744	
12692	10	48	1510.6344475181	
9026	6	39	1252.35325543785	
9907	5	38	1216.52255520994	
16060	9	21	694.175361606374	
18506	3	14	498.139051207406	
21880	4	39	1244.23948107485	
14064	4	13	467.945072719802	
13038	1	22	725.157628359812	
28524	10	7	264.524552461004	
14064	4	41	1314.49783758935	
14827	10	15	510.864335424669	
25542	6	35	1133.00162099907	
18519	7	28	910.401358283312	
19419	9	26	840.264262240503	
25643	8	35	1127.25307666103	
22873	5	18	619.563219127973	
25008	5	34	1093.87856579101	
21219	2	49	1553.81028109873	
19605	10	36	1146.98841502284	
12042	7	38	1230.54632002048	
23616	5	24	804.991294073403	
12383	4	9	350.179149038242	
14165	3	6	257.502713360592	
9564	6	21	697.563823078556	
9683	8	45	1420.76951089351	
22408	4	16	548.830093102916	
20711	10	28	911.018516957303	
19507	7	13	462.035756810585	
25326	7	4	188.061099587037	
20255	6	8	310.234617996139	
9594	10	12	436.927038448363	
12485	5	36	1163.42371730293	
19439	9	44	1416.62708829	
8558	10	9	339.892037706399	
9354	6	11	392.018225338319	
14582	9	25	819.807859407648	
28588	4	4	181.975298124354	
15905	1	8	313.784117174234	
21123	3	29	937.408061836571	
23412	2	4	171.563204681297	
16816	8	24	802.240493559391	
20085	3	38	1207.6092519274	
9479	1	9	347.866792766315	
9432	3	30	966.526345650911	
18298	10	30	975.679840490073	
25464	2	30	964.700487220986	
21948	6	48	1538.33993029703	
17916	1	29	940.197886480111	
14195	9	1	109.794366559849	
8067	9	37	1176.45352407193	
10104	2	11	406.796328540331	
22759	5	48	1518.67434825686	
18313	6	18	614.288892920263	
22019	5	4	180.515484670417	
9762	9	39	1265.35491067234	
15516	6	39	1240.45529847986	
18183	8	33	1074.85054207726	
9058	1	18	598.958732131384	
25330	6	27	873.405850712865	
23934	8	49	1549.30895810449	
27215	10	11	413.220964117544	
11664	6	1	85.9093159092168	
9003	7	18	617.096528772775	
15244	4	49	1554.28993446487	
21485	1	29	957.570799140991	
27342	10	29	947.440618121736	
13878	8	41	1316.37453270907	
10001	7	19	650.509320576912	
23378	4	15	528.246036902185	
18632	7	11	387.445217253382	
17286	7	15	517.587921003619	
17813	8	26	860.094448616772	
12850	9	21	696.402219262161	
18332	5	33	1055.42521034154	
26729	1	15	508.305826461085	
14527	5	37	1197.382042146	
21771	8	1	82.3123562719265	
22362	7	27	890.976367709682	
16934	7	41	1321.88398258848	
27430	3	16	536.069023672523	
29324	5	18	610.490162805882	
21473	2	50	1570.82063047719	
21866	4	12	432.241390250736	
10416	5	18	611.607575515102	
21016	8	47	1503.43828945581	
28407	6	15	518.252690191498	
27481	5	19	629.13482438267	
14483	10	41	1316.11160361958	
27052	10	20	674.537127034057	
20219	8	23	751.56292685846	
10456	9	42	1344.95731733039	
19877	1	37	1183.01656599297	
24609	9	32	1040.37826646137	
24736	5	30	988.099103732081	
29147	7	43	1358.34224056375	
17537	3	24	796.331177650174	
22419	8	20	670.512723154627	
14282	10	11	393.57685830145	
14776	10	1	88.9555465099195	
19727	5	1	108.239222368337	
26544	10	39	1248.32595451191	
16901	5	30	967.830609720121	
20841	4	14	491.951849577926	
17639	5	41	1322.34914930647	
9641	4	22	738.865603068315	
12544	9	36	1146.70187992356	
22598	9	28	902.272128994703	
19998	3	36	1158.86368257872	
23409	9	40	1272.20965820933	
12516	5	3	147.972868526342	
14999	7	39	1238.14294220793	
17332	3	7	263.874174367578	
13875	8	27	877.074749542901	
25495	1	12	417.336827040341	
8902	8	31	1018.81879529861	
15846	4	12	442.400333640352	
20590	7	39	1253.66792565848	
29880	5	1	85.4889532576729	
9101	5	2	130.851645009057	
10665	2	15	519.318108949493	
17582	4	11	398.305793739066	
28770	1	1	80.2629290894898	
19980	5	50	1575.97219354285	
21135	10	43	1376.68311004372	
18149	8	19	642.487899922993	
16032	2	29	934.571355010649	
20428	8	45	1419.7161821554	
12707	7	41	1308.30311553008	
23047	3	41	1297.08296977779	
10733	4	41	1311.97464881091	
19386	2	18	606.869318991373	
25448	7	40	1288.73549797048	
14420	6	27	882.020821199762	
20500	4	40	1293.64476022015	
21120	9	27	887.74306916061	
26075	9	39	1242.65955308576	
22019	5	36	1158.86878089927	
25243	8	21	709.892240944268	
8994	4	46	1472.74197244679	
22692	5	12	436.736409532249	
20188	8	38	1215.98056119679	
26858	3	33	1070.27114180395	
10631	5	2	123.901945410251	
10612	7	18	606.564258507716	
19251	9	34	1113.41998465053	
18659	1	36	1161.08314296281	
25115	9	11	385.94181645007	
16732	9	21	703.041439421029	
9778	2	49	1569.28030843347	
10521	8	31	995.941906923401	
21142	10	35	1142.66325199169	
24630	6	20	665.023769896954	
24555	6	9	342.725213292393	
20298	5	36	1169.63743756043	
11794	8	41	1309.93342862927	
15286	10	39	1248.06302542242	
18394	7	30	991.858416177266	
25539	10	21	715.268739534201	
26028	8	23	759.861249383474	
9649	1	44	1404.29424805767	
8990	3	42	1326.98569776816	
27634	2	37	1193.96901346462	
19442	1	46	1461.78071280093	
17311	7	49	1560.23500939842	
13189	6	35	1141.10354953497	
17758	5	49	1549.40744423746	
24994	8	30	981.853353167816	
29248	2	37	1183.42998932275	
8191	6	35	1129.59375787973	
14472	10	43	1376.15924221285	
13863	1	27	883.531552741086	
8942	8	18	623.775684714213	
19236	3	5	212.746980810886	
22756	1	40	1294.11523547681	
22633	7	28	903.337547752698	
26584	5	28	928.034651935117	
26806	8	49	1556.36098367924	
18491	9	32	1049.40793503514	
28250	6	9	343.263125393197	
29840	5	33	1081.40475696018	
26724	4	19	628.629538560579	
23050	10	24	796.674742734374	
25502	2	42	1339.02280709661	
26254	7	10	381.141062854389	
15593	2	6	249.311396819219	
25446	7	49	1541.84554909442	
24061	9	32	1026.01028467808	
11701	2	41	1312.38338363934	
25013	9	50	1583.71133159088	
10983	7	39	1239.68004373819	
23828	2	9	330.801136908494	
23552	4	15	523.600041365065	
16582	4	49	1550.03099156079	
24829	2	3	148.447724389121	
29443	1	21	709.750711764093	
19434	7	1	102.011547732172	
13862	3	38	1208.49042900302	
12479	5	3	163.66693601183	
12113	3	33	1065.46070897275	
20161	6	36	1164.01254041307	
22914	7	6	259.229789794995	
13353	3	24	802.511827127315	
13810	4	36	1173.4476815413	
26225	10	7	273.121066220627	
8141	5	4	192.410354182315	
19124	7	18	598.88756727748	
14999	7	15	532.276789086068	
22548	10	19	648.609977815584	
13951	2	9	346.299889807729	
27526	1	13	461.898776694154	
17386	1	40	1291.70204174318	
14628	1	49	1542.45048114213	
26131	8	13	452.005614141005	
29095	3	40	1278.45649242329	
14175	3	26	855.664709497087	
23065	7	18	610.310955033782	
14741	2	46	1454.94620636802	
12335	9	36	1160.63964994654	
9964	3	44	1390.9236125792	
9932	5	37	1199.25800044055	
12264	7	18	603.397159559372	
9953	5	40	1269.46996952848	
8707	2	37	1199.71865773188	
23907	10	47	1489.91371414154	
26025	4	35	1125.35810530435	
12541	6	12	439.931511376021	
29553	5	20	673.744693153419	
18259	2	3	144.299256421765	
27404	5	20	664.364523712715	
14196	10	27	881.326000020525	
17710	3	41	1319.5442229321	
22120	1	46	1472.69404766741	
11457	2	50	1583.94722606239	
8003	2	24	779.250584980124	
19456	10	28	902.174967165186	
25183	5	45	1426.11771143326	
9758	6	38	1223.22706119308	
29867	3	36	1145.90174087598	
29553	5	7	268.730708672074	
22709	4	39	1250.42382954174	
29019	7	34	1089.56876000835	
16371	8	13	457.4003068625	
29762	1	32	1046.08349383161	
13060	4	37	1201.81255489672	
11143	5	49	1547.978001995	
17455	8	11	388.350655766367	
18665	9	3	151.59442722406	
9673	5	9	351.574499137501	
14263	8	27	892.783014892034	
20428	8	4	179.439756730311	
14053	2	6	247.065341364157	
14631	7	2	127.85077905648	
9501	10	10	372.743323432628	
19532	7	46	1466.2027085322	
23733	9	19	640.615380853701	
18208	5	17	589.759820266515	
10983	7	37	1202.79316939544	
28122	5	40	1283.53396739975	
8558	10	22	747.762960916275	
18678	2	42	1352.47884280629	
11512	3	48	1525.14287412406	
9157	6	13	467.977532664304	
16239	1	50	1584.24545410287	
20057	7	33	1064.9738897872	
12528	3	22	742.354553762057	
11421	1	45	1419.00799407578	
20339	1	49	1558.50325507973	
19212	3	40	1272.75502916088	
21123	3	13	456.281525258106	
8661	5	32	1029.54699806382	
19880	3	30	987.083893840706	
12829	7	11	389.044465492035	
26010	5	30	971.908941274466	
10569	10	5	220.499783037463	
26634	5	4	189.6892404322	
20966	4	5	225.996852696872	
23707	9	8	303.386475696874	
27877	9	50	1597.90610283516	
13588	1	49	1541.93571214654	
29454	10	25	817.007449537985	
15702	3	10	368.337084151961	
29867	3	11	402.170194015917	
9076	2	26	851.516241529731	
21237	1	16	564.924766982405	
12940	1	21	714.260658656368	
19880	3	40	1271.69344387562	
10547	5	37	1179.95072423478	
11033	7	4	197.744517530196	
19691	2	5	218.635204126423	
12916	4	11	392.415146898672	
10572	1	8	303.324542037828	
29257	5	49	1539.69309379332	
24326	4	14	478.138779959706	
21122	4	15	516.25186586578	
27493	7	41	1325.28095541768	
27428	4	21	701.591227344047	
15792	9	13	473.154852759631	
8179	10	50	1581.1096040444	
23569	2	16	539.458001134665	
23151	3	5	208.970007919227	
21109	7	12	429.847400686633	
24371	3	14	478.839398063179	
26111	4	47	1495.2929738794	
10947	8	46	1463.23601682821	
21198	4	24	792.355862889605	
24833	5	46	1458.02087587212	
21250	8	23	755.941837782013	
9580	4	6	232.243540395165	
27434	6	42	1356.5134681	
23025	10	14	494.618528156829	
14663	3	10	366.373344569641	
29334	7	38	1204.88706656028	
8908	10	42	1341.59825525321	
25564	3	48	1530.75551137829	
18659	1	33	1064.14175865433	
16185	10	37	1202.97268010814	
21256	10	38	1216.46129113457	
25012	1	34	1099.32068712046	
8937	6	12	430.713231130835	
26628	8	33	1070.66110988644	
18444	6	8	319.057269840994	
24721	8	45	1440.75873754954	
20744	6	35	1134.11982503446	
25876	10	3	143.866378359434	
14508	2	24	806.222456025995	
9157	6	32	1047.39080004738	
22124	4	48	1510.90568553233	
23924	9	15	535.657075408687	
19812	5	14	495.218827619785	
17681	1	34	1088.09801308815	
21122	4	42	1352.84199993724	
12526	3	8	322.276871652471	
13336	5	35	1138.44810170049	
28405	4	44	1412.96570422732	
25565	4	13	467.160048851352	
8910	5	47	1489.49768608878	
14596	8	15	506.877220136522	
17166	9	30	988.28022470152	
19101	3	43	1372.5689040928	
24573	6	26	856.239782784246	
14912	2	17	595.751606093604	
27224	1	32	1027.70718383962	
28844	3	12	441.231049430199	
24830	8	41	1324.01667596959	
14548	1	1	106.041802329031	
16908	7	21	698.437475477549	
24390	5	7	278.094838540114	
11183	3	16	547.383268581416	
22427	4	32	1052.11010721145	
22399	10	5	202.308275309535	
25021	3	34	1085.12993620947	
13555	6	30	973.834165639167	
18605	2	38	1230.39637291357	
14098	9	33	1068.79689124822	
21113	4	47	1489.91273807823	
11057	4	17	589.088663137093	
18633	7	29	944.719573028721	
28424	3	45	1431.42659551996	
28200	5	22	737.013560802216	
9235	8	42	1344.96506284222	
10850	6	49	1547.11519033979	
18043	3	8	300.284762373327	
17761	4	42	1337.02471277538	
29337	9	9	348.415455011844	
14858	3	22	741.776528219588	
24224	6	2	124.09647291717	
11371	1	3	146.438964859787	
11826	1	48	1528.63255102589	
27019	1	35	1143.59546252694	
25244	10	37	1174.64407256555	
19899	3	23	776.095459971621	
26904	6	8	308.181066433052	
17750	7	42	1326.75178302766	
20589	8	37	1174.47344834659	
21673	2	16	554.909503792836	
19848	5	27	891.350086001377	
14503	9	33	1079.52768811934	
26878	4	44	1410.10314906486	
8331	8	2	117.824576030404	
18233	9	4	187.784980548446	
24885	6	26	849.295961507268	
19957	2	32	1043.52241695091	
15945	3	34	1083.54696819724	
14880	2	10	372.91055231025	
15630	10	1	82.9680768786781	
17312	3	13	459.007834298074	
17363	2	21	691.880498738904	
29880	5	3	149.651210452268	
26769	1	48	1523.05296614908	
17644	2	46	1478.07138571426	
17507	2	18	624.778113060062	
8557	10	20	675.450624616561	
13414	5	9	331.266663899304	
20566	5	1	107.603841250578	
27329	2	28	909.124592444452	
28415	2	10	375.466843720277	
14893	1	40	1290.68247106424	
9409	7	4	172.815594418354	
16964	3	20	662.240147750005	
24870	1	50	1581.94532941186	
27265	7	19	631.998510617762	
29243	6	9	349.46228751422	
9733	1	31	1003.78780605448	
20432	4	46	1477.4660346459	
22789	1	32	1026.21281533791	
11989	8	26	856.948869776423	
8538	4	39	1247.0823826115	
28710	3	2	135.922924566978	
29266	3	17	593.887387455389	
24496	4	20	678.562652076856	
9536	9	34	1109.56097501775	
15189	3	35	1134.61642396386	
27932	10	44	1393.60201948956	
9578	1	19	629.228580253771	
27805	10	17	575.669101334954	
20286	9	17	583.592773388882	
13730	3	25	816.737794176088	
19069	1	32	1044.11416046513	
10945	8	9	345.447378133166	
22544	2	10	362.768693921514	
8016	3	32	1032.21597417827	
26076	8	50	1596.78775440752	
17483	7	1	85.5795848768109	
15038	4	39	1265.52407681268	
27514	3	19	629.865959505488	
22407	9	4	180.644835355061	
24449	8	50	1576.91440253375	
8974	5	41	1299.14794177709	
26590	2	9	345.348855902138	
11385	10	6	259.442660072559	
15331	5	37	1200.66761493714	
18877	8	30	986.712093700986	
27013	7	25	827.863001314859	
13586	2	2	135.879246618542	
25892	10	36	1155.78646993068	
11483	10	17	579.833673993048	
24018	3	2	119.734610896434	
24423	1	38	1206.08093355134	
25296	10	29	946.697736972337	
19665	9	25	826.019207102256	
25726	9	25	811.925451686571	
26870	3	19	635.957574171926	
21172	10	36	1155.76382299688	
18349	8	28	924.490314072226	
10030	9	13	448.510410696506	
29116	9	34	1090.16168909621	
28836	2	27	881.848605127003	
28284	6	41	1302.03808364553	
24736	5	35	1131.93473991562	
21696	1	11	405.53181905557	
17349	6	36	1158.72904954419	
13288	5	9	326.568310599107	
22986	3	45	1427.36821628519	
17413	3	10	379.471453828491	
19811	2	19	629.729355233595	
13766	5	19	635.210756210243	
26032	5	9	343.882702637409	
18748	6	42	1338.2637292418	
12142	5	28	927.600075140409	
11941	3	28	925.567979982853	
23945	3	27	880.034467242674	
18487	7	49	1547.93444083442	
8075	9	44	1390.57406866484	
23863	7	12	414.44472738283	
19870	4	33	1077.89503713972	
9304	9	5	202.848881316767	
23339	7	11	386.753422648997	
21499	2	42	1337.72277287101	
25296	10	33	1073.44211032309	
18752	6	50	1595.83542734191	
15665	7	16	543.858162492448	
14105	9	38	1210.65686062475	
23572	10	4	177.416423492793	
18296	10	35	1119.42817103091	
20583	5	36	1150.84324223494	
19372	1	14	476.25840000634	
19256	5	15	521.02393141064	
13127	4	23	761.089270804585	
8273	2	27	897.013666116173	
20419	10	35	1139.70427040928	
15286	10	27	898.796230228057	
23651	3	10	354.876318888215	
28526	5	6	247.213201861462	
28078	10	49	1539.81703684657	
8008	7	21	700.713610528369	
11368	6	29	954.099304338032	
26628	8	36	1159.3438774158	
14436	2	15	528.391547486368	
10822	3	34	1106.14989138495	
29527	6	18	600.575713720441	
19398	7	8	315.950971355639	
27480	1	10	381.470881654635	
28661	6	10	358.480858410933	
9195	8	1	101.129756989484	
19067	8	49	1545.98473985958	
16651	7	26	863.991010852154	
26904	6	26	845.383505507085	
10972	10	25	821.319095614049	
9082	6	45	1446.59527693251	
17729	9	9	325.661529379739	
9199	5	24	783.408266447209	
23252	2	36	1144.12583225599	
19996	9	8	308.595973322446	
24331	7	35	1136.09931257372	
19388	8	46	1461.67365656312	
9912	10	49	1548.07218891944	
11514	8	5	229.151887106314	
18517	5	11	387.940045254277	
13586	2	25	828.628211593548	
9444	1	6	233.470955227255	
16288	3	4	194.186824799602	
19462	9	37	1182.79343183282	
8891	2	15	521.250063125626	
22325	2	44	1387.89580473113	
8312	10	1	106.771749754796	
29322	1	18	605.158148354459	
21168	9	43	1380.72123897296	
16203	3	46	1450.75703181827	
13426	10	41	1313.73111685446	
23903	2	5	203.795732801685	
18909	9	19	643.505003900968	
14518	10	46	1458.36187516263	
12184	1	8	311.572881486068	
8303	10	16	552.866396602647	
28444	3	43	1359.88445598627	
21325	2	6	242.387280837813	
23073	1	29	932.176002213813	
9738	9	3	156.28666650331	
22902	8	36	1173.44343117133	
10245	2	10	366.852231382789	
25462	1	38	1230.87489449925	
18506	3	41	1299.70483579659	
10561	10	28	914.493993872075	
8642	8	19	651.352136736434	
18537	7	12	436.296003962073	
21218	10	42	1354.67039797207	
23303	2	2	126.28034556577	
24329	5	21	711.113889287745	
21342	2	3	158.143380283445	
14373	7	23	752.641421608926	
15557	8	24	804.947417231718	
18256	1	26	851.403832161521	
29403	6	41	1299.76333589282	
23422	6	29	952.678936157692	
8891	2	14	486.388888920838	
29098	3	22	733.157539522814	
13863	1	46	1460.22081852901	
16037	6	17	570.585053679806	
20705	9	50	1594.35800723469	
8937	6	31	1020.82659150512	
20013	3	34	1083.2697718792	
23064	2	31	994.626473688812	
19492	9	34	1107.58797875959	
16239	1	41	1322.79954413082	
16472	6	40	1282.15652547877	
25846	5	28	925.046391284581	
12640	3	28	912.55295076992	
19028	9	42	1355.7295767198	
16931	7	43	1376.21485658745	
9907	5	41	1299.28637572531	
26646	3	21	695.89618670563	
21494	8	3	152.865220603005	
26021	2	25	814.496614082948	
17774	2	16	541.775980210759	
29932	10	18	602.596060728	
11520	5	14	494.481989003011	
19871	5	9	348.299437960749	
13234	3	46	1469.89792638919	
29337	9	32	1031.59980076905	
15378	2	9	352.101351782727	
23434	5	16	558.877802788689	
14349	5	23	749.60734968521	
27292	6	43	1372.61365153483	
11495	4	19	641.089695245535	
12630	7	31	998.848315569967	
21095	7	44	1392.10117173945	
11183	3	6	238.598539269808	
21666	8	29	958.893945328376	
18659	1	3	146.477507681808	
23858	10	21	706.726916463453	
16845	4	10	382.166462308805	
28010	10	12	441.590948534008	
8230	3	3	161.928659268622	
20832	3	6	232.616839666207	
17411	2	27	883.58245950359	
17791	6	8	316.248420810443	
8108	1	7	272.116857037003	
12471	10	37	1191.69444974125	
14571	8	30	969.195611257663	
20233	3	34	1111.24961267749	
28331	7	15	522.117447202149	
10011	3	10	370.550768845971	
12970	10	29	934.899032700294	
11462	6	13	458.857004558135	
28243	2	2	136.745234903295	
22421	5	22	732.082196628713	
19147	5	2	116.907218078574	
23002	6	25	837.987355682062	
18080	9	12	430.082875429691	
10570	5	50	1591.90689991783	
11853	5	13	464.858101562065	
15088	4	50	1590.32289213982	
14187	8	35	1138.98525291075	
15053	3	41	1322.25665545196	
17024	10	16	541.948788716434	
24169	3	11	413.662422193988	
19181	5	38	1222.01282215398	
19953	9	16	546.498283514054	
13872	7	11	403.951228560857	
21478	9	47	1490.05535373932	
8358	2	23	766.447852014773	
25384	8	49	1553.65900544154	
9296	5	40	1289.25206903799	
8701	1	23	749.487940123998	
11830	7	31	997.119913416505	
18131	5	9	334.305238171623	
19436	5	50	1590.93656133438	
9009	9	20	661.879774416741	
21168	9	39	1258.19352070717	
28718	9	10	366.347639917558	
8693	3	8	302.365131966008	
21132	3	23	756.604988219498	
10274	4	17	580.702315131529	
23984	5	48	1520.35018809156	
15734	7	45	1429.98390458058	
25487	6	7	268.327033942718	
27702	8	44	1414.70831698492	
13531	6	31	993.756646976693	
19594	9	17	584.34446034224	
24831	7	9	346.766118941254	
29214	3	42	1355.19395366087	
10716	3	31	1000.61118358775	
19975	10	18	608.811069898685	
16744	4	3	154.570607763981	
17387	8	8	321.868814901388	
21350	4	11	391.843570168989	
25410	9	28	902.605695623255	
16078	3	12	439.67200381666	
16166	8	40	1290.66805094977	
24300	8	16	549.920037309602	
14965	6	21	694.235598656459	
22131	6	41	1325.61857352295	
10612	7	26	867.743221180394	
25157	2	33	1079.14025751834	
22072	2	12	424.80176066272	
28020	4	17	568.458441760605	
11501	3	20	681.29869980798	
26902	10	7	265.411092576297	
9415	3	33	1061.73709114163	
18866	1	44	1402.43999673167	
12837	8	22	741.14563529433	
10166	8	33	1055.02744366183	
29465	2	37	1179.79383497489	
10730	3	3	143.735235512133	
29092	8	43	1369.54176795182	
9960	6	41	1308.25311334257	
10216	7	34	1089.62057700829	
21520	2	38	1218.63506481919	
23392	7	47	1492.27275087138	
9875	5	10	353.621754773716	
15945	3	18	598.954105209072	
20040	8	8	308.256175177291	
18239	1	49	1562.15382317181	
22202	10	2	137.185109619603	
21943	9	5	214.861400078452	
12124	6	43	1365.83666842703	
28894	6	32	1024.84793554286	
28744	5	38	1214.68146127401	
10106	5	15	507.61912522261	
20830	5	20	685.276343247516	
23532	9	32	1031.69954254837	
12091	6	38	1231.26455751772	
20363	2	30	971.211723466968	
12979	6	24	788.273483397566	
20170	7	40	1272.1120412611	
28089	3	17	576.746558443059	
16316	9	47	1488.8617670391	
22026	7	34	1101.56205761319	
13220	4	37	1175.54842742884	
29246	5	29	941.525462819974	
22440	10	37	1187.02833413474	
25936	8	38	1229.29722440862	
13524	10	48	1532.01955583506	
8542	4	24	781.904463610567	
26372	4	38	1205.62048364692	
19871	5	10	380.16650999904	
9584	1	45	1420.81734861285	
27053	5	16	545.075834386552	
16525	7	11	385.028839812162	
27971	9	18	613.615701558821	
12721	2	28	902.222993160702	
17653	6	40	1283.97063080406	
28962	3	16	547.399252945278	
16018	7	31	1017.04629617606	
21570	6	49	1550.96593210053	
8822	4	13	465.979423479167	
8339	9	43	1363.46475035114	
9009	9	25	810.558111560791	
28463	3	29	944.278857439886	
9757	9	20	658.965092235694	
21886	3	35	1143.61050621775	
16217	9	33	1066.61723853397	
11811	8	43	1357.79196735369	
20035	2	13	456.460747894114	
13480	9	13	450.740454183305	
18402	10	34	1109.88107777661	
20566	5	3	163.815720194865	
10565	6	13	471.520351577327	
16075	3	13	471.623194251034	
26212	7	27	872.79520950876	
26701	4	45	1419.39134630346	
20756	1	50	1588.0585193951	
8184	10	2	123.086637390352	
29912	6	19	630.747288051409	
15944	10	23	766.593420638979	
23838	8	30	969.656880800453	
12544	9	10	376.236619342229	
24358	3	26	860.249359561246	
29805	10	15	531.564625972679	
21012	6	45	1434.69489007941	
28400	4	49	1545.01931981417	
16582	4	16	559.772101156307	
15170	10	28	909.652621461848	
10822	3	47	1494.00342366379	
12348	1	43	1383.05335008681	
15549	9	42	1347.7289117443	
10536	7	23	763.865304572445	
26053	5	49	1554.16542729091	
11584	4	25	837.307551297037	
26664	7	27	886.132617781932	
20707	7	25	813.281808091924	
29840	5	23	758.303655478313	
25845	9	6	237.283200173305	
20966	4	17	596.583335193146	
21416	10	44	1397.91495660223	
13578	6	4	200.411095600767	
27067	8	46	1471.50525705493	
8281	8	36	1155.55880794095	
21126	2	11	411.164009427263	
15056	6	4	175.739405870316	
25541	3	8	296.350789804175	
14053	2	32	1029.29699703553	
25570	8	3	153.452640135518	
23969	5	34	1112.2336303034	
23967	10	24	794.224355255358	
26592	6	28	914.164473765606	
22378	2	39	1240.88399341371	
10781	6	48	1516.65196489387	
25602	9	9	330.452875537077	
16816	8	20	661.309051300077	
27729	5	3	169.742804136939	
19083	5	17	583.215390789888	
15773	1	10	358.993485588112	
16959	3	34	1109.58396736047	
28930	3	21	713.945772421521	
13442	9	20	663.838405061438	
20085	3	6	236.964617072122	
17189	3	46	1463.7885436899	
17656	8	20	673.4073978073	
28658	3	21	703.011542439	
28070	9	12	426.015773204163	
24213	9	5	209.650292903953	
18036	7	38	1234.21280028029	
10716	3	37	1185.4905764691	
17916	1	2	139.513401416835	
22510	6	22	741.087690825149	
17453	8	45	1430.77531922179	
11664	6	35	1126.50330219721	
27388	9	25	832.832331449181	
17859	3	19	646.182325038213	
16772	8	34	1098.15162374552	
23412	2	25	820.67781140128	
19472	4	15	529.085350133984	
16732	9	12	435.825220102363	
12627	1	38	1218.34410027524	
11018	3	17	595.722322778647	
10590	4	14	486.31946102079	
10320	8	44	1397.41899115845	
25660	4	24	779.779068408431	
20691	5	16	548.888876321208	
12499	5	4	186.844918330593	
13826	5	26	847.213339678577	
19190	1	41	1303.71255175383	
25621	2	6	255.998499996959	
17158	4	24	796.389813644993	
14423	9	8	310.066417302036	
22685	10	14	479.310169890202	
26530	5	22	727.699232812831	
26108	4	47	1482.63756277162	
13391	4	25	814.07655154079	
19684	8	49	1563.44647852864	
24102	10	1	87.7167133650355	
26262	8	16	562.151410133648	
29052	1	41	1308.15246698826	
26111	4	42	1349.72363266615	
12471	10	3	166.700496900222	
19436	5	44	1395.08419675524	
25845	9	17	567.962063666415	
14224	3	32	1052.72022888657	
16111	10	2	133.136664430209	
15101	1	34	1083.38915454382	
24417	1	4	194.380691216505	
9991	5	23	763.819633444687	
26544	10	40	1284.27055049886	
22633	7	36	1163.15742755456	
29487	4	29	949.064992735658	
11432	4	2	134.130040655904	
28880	5	48	1523.16826548575	
19876	10	47	1491.23986708524	
16400	1	4	198.223449642874	
13302	4	6	257.518944040648	
29721	7	12	439.545625913677	
25641	2	23	764.009475281467	
13358	9	5	204.518521486092	
9813	1	17	596.166624108407	
20511	10	37	1178.80243352559	
8440	5	15	505.937741150119	
8868	5	33	1058.21430028333	
17471	6	13	469.100762824109	
26692	6	45	1429.4469841148	
10569	10	9	341.777520934948	
19491	8	24	783.07608640896	
26213	1	39	1243.86573942558	
13019	6	1	98.7557799083906	
22442	10	20	682.735846509568	
21889	9	34	1090.43491038048	
19635	5	9	338.526401267632	
13900	3	25	820.932883145722	
9857	5	20	686.101587436209	
29670	2	35	1131.64360337502	
13540	2	24	800.638126023411	
22751	7	48	1518.35739735437	
24141	3	12	424.698762271879	
14480	10	22	726.642403978222	
27032	3	33	1065.49972177739	
14205	4	50	1592.46422711409	
15584	4	3	163.39370623389	
13934	2	1	99.4420012549693	
11108	7	21	692.841072442402	
24208	5	45	1447.32482090933	
12236	2	6	255.936376646131	
10766	6	16	556.141904404453	
23645	8	25	836.459365727594	
28491	9	43	1364.41411312875	
25136	2	19	636.557607500142	
21121	10	37	1203.90085261497	
11986	1	28	923.707238083569	
27824	10	12	437.632888647557	
26728	4	24	791.985842879855	
16634	6	6	250.921199140568	
8168	4	39	1260.7627557501	
24944	10	12	416.869896471905	
18132	8	4	178.861300842306	
29822	4	38	1223.27324477177	
21547	8	44	1391.35914349526	
12878	10	10	380.313068134856	
28622	6	16	550.514951790923	
24222	1	22	745.063853536297	
27189	8	20	681.534703989297	
24572	5	3	152.722517174074	
10909	8	21	690.538591468026	
8429	1	28	913.197157510182	
25098	2	28	917.06667804954	
8891	2	12	439.596263710221	
29825	1	31	997.585323619463	
8082	8	9	339.161546686274	
24307	2	1	94.846863641798	
27194	1	2	117.367071303244	
25052	10	22	739.018799708699	
14776	10	18	603.702396994318	
16446	5	34	1095.4087272917	
20767	5	14	486.49573989515	
28103	5	13	445.373227840929	
24206	4	18	621.775941914774	
25256	7	39	1253.51060746867	
17286	7	43	1385.63561653049	
16275	5	49	1546.61672068137	
17477	1	47	1479.45162629683	
15517	1	33	1062.19817240825	
8286	6	33	1078.8349938946	
9875	5	6	246.727672296915	
29514	8	47	1500.89351262008	
27311	6	1	108.947040265867	
18526	1	15	515.180388295641	
23341	6	46	1470.88084762491	
11328	8	13	463.768229551505	
27342	10	45	1419.49609651207	
29823	7	24	801.425517500111	
16384	8	29	935.283260482961	
19779	1	23	765.186653642537	
10819	8	35	1121.94927532317	
22747	10	31	1018.32985269759	
20349	10	31	1017.90729726567	
21867	8	18	620.118555268328	
16255	2	25	836.786229441309	
26986	10	29	942.739219135949	
12796	2	39	1239.07522635491	
17551	3	14	476.863102017372	
21173	8	13	446.828789509288	
18042	10	10	377.396060813868	
16984	9	37	1189.05398897317	
11599	3	27	886.340166780325	
15945	3	41	1298.61408893886	
28794	5	7	268.283445885537	
16158	6	23	755.512471848872	
25295	5	26	854.267015854952	
25195	5	50	1571.49666863098	
9984	8	36	1157.08535892753	
23528	4	50	1569.7626373031	
14389	9	1	85.7235269647667	
24752	1	12	433.69634745349	
23694	4	20	671.063325494092	
28609	6	40	1282.86568112805	
22717	4	37	1202.6997100947	
9181	10	47	1505.99484487716	
24975	9	24	789.645078847951	
9966	4	27	884.250117244315	
16285	5	14	481.886289753898	
28607	5	17	568.715416085308	
19114	9	18	613.817094067958	
16100	10	15	519.665450174206	
19018	3	27	893.421346141687	
11020	4	24	782.083810820283	
28226	7	50	1573.83214606616	
19212	3	33	1081.75312167115	
21859	5	3	157.078874594103	
19381	3	33	1068.58844262948	
16019	6	45	1425.2546725726	
21095	7	43	1384.98971247347	
23816	7	11	390.771388332719	
17535	9	5	226.560390175581	
18344	3	36	1149.75361866399	
23173	1	34	1112.62283678754	
20338	5	23	764.80211159438	
20526	4	47	1489.78100492143	
8709	2	29	960.38750551659	
19573	7	7	282.279423681218	
12032	10	45	1440.66359438033	
21470	6	43	1359.66791644677	
28763	3	21	696.613831769961	
21132	3	14	492.271560920529	
22713	7	9	342.410737584536	
19035	6	25	831.66288019701	
17644	2	28	929.559733518194	
26407	1	11	411.490306189046	
28962	3	15	530.885949829075	
14145	7	42	1335.46417156954	
29202	6	44	1415.20758717098	
21595	6	21	714.123710391169	
21609	6	2	127.141150593358	
22072	2	2	138.489101891634	
19465	6	25	837.188936601015	
21632	6	47	1508.14768593206	
14246	1	45	1433.01169544133	
18678	2	46	1457.73061063966	
10391	9	10	375.632642831482	
15903	10	4	184.256355960041	
26677	7	41	1324.78194287269	
12136	2	24	786.530324214385	
20289	5	20	678.433597254769	
16874	1	43	1385.67857322548	
29962	4	5	226.241996058376	
12999	2	43	1372.09564645407	
10084	2	39	1258.99124897038	
13137	8	46	1459.16313678919	
11757	3	27	883.942728789497	
27288	5	36	1158.44048870655	
27971	9	18	598.063569533668	
27388	9	41	1312.91870517326	
10367	10	18	625.607339360568	
25620	2	17	587.365655166733	
11912	2	32	1043.58652286399	
17995	6	22	722.218373307129	
19177	1	46	1472.10158431535	
15606	1	4	201.545533147429	
22475	6	6	257.254712589669	
17813	8	3	141.758465944677	
11134	7	46	1452.52407730209	
21222	1	39	1242.34183987712	
13964	9	19	630.867171842077	
23367	8	12	421.614703024558	
9801	7	39	1253.3808554585	
20595	7	24	791.130962181432	
13774	4	42	1337.84856188011	
14780	9	9	332.282286441085	
9757	9	30	989.371453574566	
21777	3	39	1241.60593273193	
25929	5	40	1279.61114134621	
22552	10	28	907.071500954717	
24555	6	37	1194.14836208995	
9193	9	26	856.131149556549	
16010	2	16	557.497480808523	
23144	7	22	734.133270165945	
10170	10	23	761.234319192001	
29250	4	28	910.935258544486	
28306	10	9	346.029564862153	
21071	3	17	570.31509113047	
8219	4	36	1172.67163122663	
23555	3	33	1070.39659672901	
25792	8	35	1127.54757739955	
18643	4	30	972.445461122526	
27288	5	25	817.400602035877	
29039	2	4	182.288881997712	
23330	6	3	168.516371030601	
21174	1	35	1139.77549542662	
19777	6	21	694.902579027648	
22408	4	4	194.970563293887	
19014	7	2	116.046101616717	
21318	10	41	1311.4661622939	
9507	7	40	1280.47589804999	
15072	5	8	313.874176886805	
29825	1	9	331.732278657952	
10494	4	3	162.440102995578	
8734	5	6	235.663152372308	
26323	4	9	336.818894230211	
21670	7	5	212.297717766975	
24638	9	32	1035.11103387694	
26534	3	2	114.247084573958	
10984	7	31	1006.7089625293	
17110	8	16	549.79168321462	
15291	2	39	1242.33679605757	
10141	10	47	1478.82934736033	
19293	9	40	1290.99206857895	
8578	5	4	198.770343083316	
9713	6	43	1369.47618980402	
22827	1	1	109.86817435821	
27430	3	11	389.45325269804	
16357	6	49	1560.98405411513	
10406	7	19	641.166325770862	
14484	7	46	1455.51596828528	
8003	2	40	1286.9396214592	
23520	3	17	569.086834718048	
22326	2	13	462.12748057308	
9988	7	4	194.794262477567	
25049	10	39	1258.42171071955	
11340	6	37	1204.21410098868	
8822	4	36	1151.09197346079	
8111	9	21	702.614591150831	
11020	4	7	278.073066453483	
25016	5	39	1237.37970741344	
24615	10	27	874.400890280679	
20941	4	38	1205.55983111521	
16655	7	49	1568.14497905231	
21467	7	38	1226.59560290472	
18816	4	29	960.274185203143	
21012	6	18	604.398870898596	
28832	9	13	475.057377812945	
22395	8	17	578.470117793637	
27274	1	14	504.41542496179	
19166	3	23	778.637540777511	
