idEmpleado	idDepartamento	ventas	importe	
20453	7	23	770.609640875184	
20595	7	2	139.76236055594	
24110	9	38	1216.33812879042	
8512	8	20	686.129506810629	
24859	3	47	1499.92530523796	
28981	2	34	1092.64752133407	
21028	4	25	826.985006531228	
27298	5	4	201.499774959637	
15914	8	23	772.228091867747	
11717	1	44	1399.96087873353	
20182	4	44	1392.24831947696	
12692	10	48	1516.25450327818	
12057	9	50	1589.05046585437	
17595	3	4	182.610900077322	
29436	7	33	1064.36390896531	
8451	1	49	1542.61907183687	
9230	2	11	389.375021117448	
23377	5	33	1056.49814952933	
19556	7	13	453.458697783509	
27523	4	40	1279.55137144753	
19770	8	31	1015.3227948655	
24271	4	15	513.449333996256	
24944	10	25	813.935855447285	
27366	8	31	1019.61397263203	
21579	3	39	1241.11029783316	
15670	1	14	486.944428909078	
15633	4	28	900.866607027532	
25381	4	44	1389.85486218233	
18853	9	31	1005.76867806063	
15801	6	36	1157.68963342425	
17648	8	42	1336.08336305995	
8242	5	3	142.786857291491	
16305	5	14	482.136841454607	
28837	7	30	978.099941694224	
22617	9	27	889.976797481057	
23108	10	37	1197.02152017365	
8223	4	9	350.081005482972	
26366	1	31	999.937554802716	
13173	4	11	385.556572259197	
9786	1	10	357.251650000574	
14916	2	9	350.483879684696	
18704	10	12	433.957965687829	
10291	1	41	1311.9014660045	
21668	9	6	245.657395164323	
25940	4	50	1594.12459220464	
8339	9	45	1444.66913454452	
13206	7	28	926.142380147307	
21063	10	50	1582.08130161375	
8102	2	11	395.506984216863	
28662	6	18	603.056926821851	
24572	5	28	913.219743572743	
29794	4	28	923.143148516837	
21948	6	43	1385.4771071046	
19056	10	34	1088.33833700434	
24645	9	5	224.874815188756	
28160	7	9	337.160306878928	
9705	10	28	925.826505108656	
27008	6	7	276.724156158382	
23563	3	32	1045.01920897747	
28758	1	34	1092.98087632888	
10521	8	7	271.780914306539	
11904	2	32	1037.13014434889	
23030	5	24	795.731096899012	
12998	2	38	1214.5384584435	
23477	6	3	143.87751567358	
14815	6	42	1329.46146218547	
18316	2	35	1114.11766182357	
21148	9	21	690.95052416015	
22186	3	27	892.634102596265	
22218	5	46	1467.34238879166	
21690	1	40	1272.5380663539	
11058	4	30	989.437466314732	
12069	6	23	750.941577270134	
8406	8	4	176.207047782935	
15549	9	31	1009.06749176284	
25955	5	20	661.364829177672	
25348	8	24	801.547867991751	
12474	3	19	648.278460282962	
25559	1	32	1025.4893804274	
17680	2	44	1396.44116328863	
8228	4	36	1160.80204876177	
26926	6	28	918.785305413783	
14862	2	33	1074.34787796547	
22497	8	14	482.711751238774	
18013	3	9	324.469889851506	
15792	9	14	492.94021454311	
26286	6	10	357.309750186889	
29481	5	31	993.798504450265	
10892	4	25	833.225126505469	
25244	10	19	632.816490602128	
18562	3	9	351.195015064997	
24975	9	3	153.35684932459	
24728	3	49	1554.91834582524	
20350	1	27	892.575695930317	
14915	7	3	165.470735694035	
14596	8	28	913.353735335802	
16942	4	39	1238.22686878882	
24606	8	4	177.363007561007	
24402	4	4	181.779879490742	
13100	6	9	344.663130019169	
10730	3	11	410.551472720947	
23714	6	8	315.191855987158	
22777	7	23	769.447199017483	
13104	3	15	528.164595425206	
12055	5	28	930.518860467951	
10855	2	48	1523.78227725801	
22273	5	6	252.201571246703	
26487	5	40	1289.27005932167	
25024	6	3	159.270845241505	
14703	2	36	1163.50998601108	
15834	3	35	1135.61243888718	
25478	5	10	357.548044825694	
16705	8	26	851.234775730984	
29307	4	39	1248.57804568884	
17903	5	48	1532.17882756711	
24509	2	29	952.995608892755	
21978	8	49	1562.78226638342	
24389	3	11	393.019345660237	
12056	1	30	970.068568591992	
13248	6	39	1250.93730113047	
10104	2	32	1052.15171199858	
14215	1	4	200.319157373309	
25757	8	46	1457.72539765468	
24283	3	9	339.817611994137	
11674	5	37	1196.14737372666	
22074	9	37	1199.18121702931	
15611	7	32	1034.51912048949	
20413	1	46	1458.36588133982	
18062	7	1	90.7363120888995	
27959	3	4	175.713756427036	
27420	5	32	1023.13796038886	
23740	2	21	704.184860430744	
29443	1	16	546.49858079222	
19283	7	23	760.82625040823	
25020	9	33	1065.88969056769	
17114	4	28	925.610192774614	
10126	2	5	229.3381063963	
11047	6	18	626.183282540265	
17324	10	36	1152.19289077082	
29724	8	11	400.687612593494	
9809	6	8	320.738643296407	
14512	7	20	668.039690865222	
29019	7	28	914.527659208759	
11134	7	40	1269.71514049439	
8092	9	34	1097.20405171495	
16090	9	50	1593.6469702393	
22759	5	28	902.122073593606	
27843	5	11	386.340300136404	
24313	8	29	960.396868363208	
23767	7	25	812.47512680128	
10896	7	29	950.571468952378	
10951	1	28	925.20752312858	
29884	4	24	807.294438969015	
22339	7	15	530.842578360272	
29953	1	27	892.511418020591	
10479	3	7	290.232315347638	
26391	7	13	457.466458332476	
13166	4	15	509.629587023347	
29416	5	29	932.017221698545	
26515	9	42	1331.33764343864	
24385	8	17	569.263156768523	
19666	10	11	393.835689906886	
9582	1	40	1278.53374723277	
23428	10	50	1583.55708881447	
18534	9	5	220.372025622228	
27400	1	15	511.427578456433	
27428	4	44	1411.04946403347	
11126	4	3	170.408525322754	
10922	4	7	262.688355121151	
18229	9	20	686.568634792496	
25931	7	24	803.657502496456	
13605	1	31	1016.59898384316	
18991	5	26	840.826454889414	
8734	5	19	649.380955998498	
10034	8	31	1010.19865783406	
27138	10	13	464.112021133356	
27428	4	27	885.791498164549	
9850	7	7	268.010257160296	
13594	8	26	842.613560279186	
12552	5	37	1202.50040348736	
21204	2	10	377.059143435703	
20243	7	22	728.178820353085	
10984	7	17	577.96901297661	
16238	9	27	878.261185287619	
25154	7	25	825.142287474658	
22008	7	4	177.930437260275	
16420	5	47	1496.89042146173	
22372	7	1	95.6560024319477	
18149	8	46	1468.31483238764	
20896	10	26	855.65737522005	
10394	3	16	548.143734442137	
12868	3	41	1319.70851937295	
24769	9	40	1294.16606084172	
12929	1	45	1420.85524733218	
18865	9	45	1431.42445582497	
24354	1	48	1526.90295338952	
16810	9	30	989.505943632455	
11592	1	28	930.97057039429	
20757	5	35	1129.34311487216	
22407	9	20	665.776473258518	
15772	3	7	262.59750620583	
28809	1	25	811.713548270852	
12515	5	5	203.651945015253	
13033	2	10	353.828233570712	
14480	10	1	88.8176243048243	
13756	8	48	1533.97248510922	
27805	10	3	164.381068239166	
22873	5	6	237.913482970518	
20832	3	35	1120.64392052621	
13159	1	15	508.399396887235	
22378	2	31	1004.44081718309	
26816	9	7	269.456201172181	
15759	8	40	1267.01602674416	
19826	5	42	1329.51681821119	
16698	8	32	1034.27850000294	
29075	5	45	1441.08433641544	
23400	7	44	1415.86667693028	
23817	2	14	480.272561945148	
29107	1	25	838.414801339812	
15244	4	2	122.441588361953	
24603	4	18	614.537156994705	
13782	8	44	1395.39346160153	
23044	2	8	302.093692935116	
13749	7	31	1007.0309799011	
10299	5	5	218.424900350359	
22068	9	34	1083.9489831235	
26958	6	41	1322.43292300144	
22360	7	31	1019.97120755723	
18956	3	25	817.956500173526	
24085	2	34	1083.29570444454	
8286	6	33	1074.6060775009	
12128	4	49	1554.82092777026	
27749	9	22	738.667142288139	
11373	4	6	256.837087020668	
11997	1	31	1019.90289728153	
9157	6	36	1165.34559516485	
12296	5	18	604.526875337831	
25655	3	8	304.140779405898	
15019	2	26	869.443560982795	
29999	10	27	891.169802365438	
17254	10	1	93.549369021109	
22081	10	42	1338.97693849121	
11185	7	17	575.012081905739	
8891	2	32	1039.9154355004	
29842	6	46	1451.21655803696	
24137	9	10	358.687533269956	
19113	5	2	132.692492628793	
17348	10	49	1564.64924263053	
26254	7	13	466.576747329243	
16454	4	50	1590.34011940953	
25821	6	4	191.036276459245	
29097	2	17	589.233381687307	
26326	9	4	172.555769054478	
15602	5	34	1086.9015265102	
29932	10	2	131.239316263813	
22895	8	13	467.204044604303	
26406	7	17	589.619855335737	
29912	6	24	796.620965114153	
9349	2	5	215.403333220353	
13139	6	18	604.868641181322	
21482	5	7	291.539562107781	
26226	7	22	744.409860681933	
8578	5	31	1019.95698279699	
10761	1	2	117.348216081666	
14274	8	32	1033.79331938633	
13229	4	32	1049.61988941283	
19739	8	35	1130.78905888404	
28356	8	34	1090.17893972349	
29225	6	11	389.613920929662	
25995	4	46	1468.93290483809	
9859	3	28	916.557461077607	
13154	9	37	1191.72589752438	
9786	1	38	1210.82900096235	
21806	8	49	1547.24499897437	
16129	3	1	108.892219340844	
27661	3	27	875.560218503494	
23440	2	27	900.381379695787	
20306	4	26	862.178257434712	
10062	5	36	1155.81442186414	
19834	4	46	1459.7373670804	
24052	8	32	1031.25649049471	
26808	4	43	1357.78368037091	
18890	4	19	633.39446022799	
11520	5	25	827.616380763993	
28369	3	30	972.259427985297	
14501	10	16	565.372695813595	
24092	7	46	1462.26515871578	
22826	10	39	1251.76561577793	
15520	6	5	205.597770756855	
9767	1	19	632.698852677224	
27876	4	19	655.725739829114	
18013	3	44	1407.90591022368	
19935	2	3	168.737446185545	
19295	4	9	344.574919801473	
19975	10	20	679.630240257657	
12204	2	29	949.139508339176	
26040	3	11	399.019955694219	
27201	6	16	537.663865824073	
15698	10	1	86.1221161140698	
10047	2	14	481.596668624131	
18242	3	25	827.898474385915	
9159	6	19	642.5135529053	
12578	10	39	1255.03532170087	
8643	1	18	597.643842491155	
22252	10	23	753.782658331926	
14549	10	18	599.310378934867	
26505	2	30	978.404380724954	
17735	8	5	225.310770080104	
24555	6	33	1058.00930716936	
21492	3	26	855.679097760319	
18075	5	36	1166.82266490852	
8460	2	42	1327.44159790102	
10288	7	39	1240.80654325001	
20034	8	10	355.665966139951	
19632	2	36	1173.61215068661	
13077	7	15	533.755881736873	
9057	7	4	191.015400453943	
13189	6	7	272.340602032999	
10572	1	22	745.088788096369	
8196	7	16	548.420623572739	
10070	1	37	1187.35473069705	
9582	1	47	1479.02344310611	
18322	1	30	964.581168966639	
18506	3	43	1356.91506825244	
16351	5	27	893.207165008973	
17701	5	34	1108.65155085393	
25879	8	34	1102.98845133883	
12267	1	29	946.25408116088	
15179	7	29	947.614758716717	
26145	9	23	759.752711001668	
22987	9	16	556.540262809275	
12874	10	12	442.717513871713	
8902	8	26	856.056141320642	
23244	6	23	754.217753240009	
23809	2	21	711.838892694488	
8671	6	13	468.74293758941	
12348	1	4	182.748358670039	
19848	5	2	115.750617736834	
21583	8	3	153.833722432067	
17873	4	13	452.94904905043	
16854	10	37	1186.96831508864	
9552	3	41	1316.95438863568	
18360	1	7	273.756308608575	
11694	1	29	949.918672996535	
20364	7	33	1065.87618776871	
20542	6	28	928.28414192809	
24992	6	6	247.099366973666	
25227	7	44	1413.07148004559	
25638	6	23	770.962769114861	
27896	3	5	225.874358520785	
24540	4	25	838.124107885232	
18567	2	5	206.67935366122	
11644	8	44	1392.5750777277	
19142	5	35	1137.70149254133	
24892	4	27	894.241937927083	
14452	3	29	948.875031279807	
25443	1	40	1277.93238393866	
9296	5	47	1498.12025344843	
11522	1	41	1304.43667748218	
18476	6	39	1245.131107478	
19906	8	34	1096.32192759603	
9204	8	2	112.150299564074	
21158	10	27	877.696011363387	
17080	6	10	378.256596167691	
17362	8	10	379.138834951044	
24940	4	24	804.105151036803	
29765	6	16	551.385456580383	
16718	10	17	566.588790010004	
18439	2	39	1243.82707344546	
17282	9	24	784.869213097202	
23594	3	12	431.007523066833	
21669	2	3	155.264782717109	
11020	4	4	198.506879600932	
22634	9	10	372.139739045938	
13795	9	29	961.452308484098	
15114	4	46	1470.40034206137	
12544	9	40	1285.26713449753	
28724	1	1	94.6624959701032	
27990	8	10	371.038880483731	
17600	1	49	1564.92302308088	
12747	3	29	941.552183880262	
19104	1	40	1289.91697129324	
12020	3	6	255.291312046019	
12056	1	24	801.740400195932	
23142	9	48	1521.62860311644	
29001	4	12	429.860909148055	
9401	7	19	650.142436144008	
19627	6	41	1318.35464877931	
12049	4	46	1459.97581531293	
10745	9	43	1362.96386141468	
8063	8	24	790.810553650749	
14053	2	7	284.628105221609	
17753	1	11	411.313940254652	
13769	6	15	508.702614954069	
8979	1	29	956.627121454397	
19226	10	36	1154.81801552457	
26646	3	15	519.25837727229	
24313	8	47	1495.49971244088	
26118	6	19	650.779838045491	
24402	4	9	341.771036731904	
21965	10	13	456.898685347707	
27427	8	40	1280.51057696366	
9462	5	6	249.244406600131	
21109	7	50	1586.09355601766	
15019	2	44	1394.86683545395	
10641	5	23	762.859325168123	
25002	1	1	88.1724740602879	
28459	5	34	1100.43533868177	
21235	10	6	256.249184057233	
19103	10	32	1023.84159586571	
26705	9	39	1263.60789678228	
16212	6	39	1263.26988796856	
21628	6	38	1207.0813729647	
11215	7	42	1339.5136544013	
14399	5	10	383.578923597736	
20820	4	44	1406.40495630279	
23017	5	46	1456.85898751805	
21854	6	3	155.955611167455	
9090	4	13	456.627993051255	
25503	6	49	1549.27792580299	
12724	5	6	233.962714892795	
17551	3	25	833.030807801071	
22413	10	21	706.612974697078	
26487	5	47	1480.86321203078	
10213	6	50	1594.05865944645	
16378	10	5	226.379417845225	
9560	9	42	1343.95084246246	
19067	8	40	1289.80426464686	
24330	5	31	1015.51261759154	
15351	3	44	1406.63429295953	
8538	4	32	1031.14196478908	
19735	9	44	1389.76742205665	
26875	6	32	1043.88265792461	
16479	5	1	109.267843751827	
19415	5	37	1188.02433773318	
10637	8	39	1261.0416069166	
20464	8	35	1120.67256469311	
18001	6	7	269.197756028361	
9204	8	31	1006.87356474198	
14176	2	25	838.769277948313	
29291	2	12	421.688435087767	
27067	8	36	1149.70709746224	
24525	6	35	1142.10546472208	
13535	8	15	516.134219447213	
21906	4	4	179.355964632405	
21534	2	35	1127.54066568219	
8084	5	20	677.546732256909	
28197	1	20	671.800285853353	
12546	6	5	205.123691356333	
24552	3	36	1150.2221651516	
27774	1	41	1297.95902800651	
27580	2	12	443.302766104835	
17902	6	35	1118.87171938963	
18850	4	21	701.501912242501	
17864	5	4	187.808321839109	
24962	1	38	1223.86787754664	
14598	7	19	653.897602266584	
29613	9	10	368.381194569348	
12749	4	50	1592.03489657121	
27013	7	39	1248.48741760873	
15194	2	31	1018.90848270567	
22804	4	11	398.368209413424	
12420	4	3	164.922721090225	
14150	9	13	449.614891097702	
11701	2	50	1592.69963107663	
28973	1	46	1473.84047472563	
16677	5	8	299.387230043945	
21031	6	37	1177.81352921287	
27702	8	5	231.489316668124	
18531	5	22	722.537316681136	
20909	9	10	365.732391609686	
13564	1	40	1267.66123148969	
17963	7	23	749.082046425474	
16904	6	38	1217.85871510294	
14689	9	38	1207.58949071522	
15990	1	20	684.255617430553	
23266	1	40	1290.92534307899	
24990	1	7	270.478755249865	
23276	1	43	1381.50724739838	
25971	3	16	546.517993764262	
11598	3	36	1148.83268558832	
9381	5	23	752.150556609105	
19542	9	36	1164.68057329053	
26373	1	46	1465.29045243994	
17544	1	4	188.675264953019	
19877	1	20	667.839198684245	
25846	5	9	350.89570266702	
10321	4	12	422.380745682111	
19868	4	48	1521.45952191272	
27880	6	49	1564.15646018654	
8734	5	20	687.144004650015	
15770	8	25	832.29137012376	
15611	7	7	277.162859457155	
22302	4	43	1358.38614713325	
15056	6	45	1419.86079524265	
25013	9	1	103.320225674342	
23078	6	33	1064.78437637202	
28491	9	23	772.490573624377	
21473	2	15	523.434588370581	
24077	9	8	305.515489906778	
25550	10	28	908.153435638246	
20086	8	34	1099.73320304404	
29912	6	15	520.310969185229	
28942	4	33	1082.5863746752	
9681	6	26	864.489773541917	
8051	4	1	110.297796516818	
25198	3	40	1294.22071967936	
25911	2	47	1501.01300428669	
24888	8	34	1093.91242152728	
22644	1	34	1103.55270440856	
9069	5	48	1532.94253446764	
23595	7	13	463.41884701672	
17568	2	17	586.87394717097	
10348	10	35	1125.51690280694	
14776	10	4	179.654732020411	
8485	3	9	346.757926096561	
12639	4	25	833.687636122893	
18537	7	8	299.632268650286	
16726	8	9	340.939626144683	
17809	8	31	1004.86043239239	
20781	8	37	1202.94477205861	
27199	9	46	1477.00648436183	
28033	4	39	1256.35400730015	
10553	5	7	267.332856481584	
14306	8	2	115.393312031121	
19347	1	35	1133.44102148593	
25281	7	33	1070.49837203254	
24723	3	30	990.695899292219	
20671	7	44	1397.99791986029	
10900	2	37	1184.26926504088	
8965	3	38	1219.47124105854	
26866	8	18	598.434769454615	
28990	10	42	1347.04416687928	
9818	4	36	1155.9917574916	
19433	1	39	1238.36455812602	
19617	4	2	129.099482544278	
28793	10	8	311.839587423876	
17864	5	3	162.094198615334	
25806	6	20	680.800678898022	
26914	4	3	158.377468436201	
16903	8	30	973.618479004883	
27063	5	13	449.882698380334	
18655	6	28	928.468324154833	
10204	1	14	497.906817504161	
27867	5	2	111.213925718895	
19844	7	8	303.725157633296	
23701	5	9	325.417422952791	
15276	8	23	751.645956650211	
14687	10	39	1258.73141511284	
9102	8	36	1153.10286914609	
28228	1	26	869.632589551449	
26209	5	26	845.152107721731	
9754	8	15	511.550947479695	
22409	7	35	1118.57415597819	
17393	5	21	702.570717848172	
11457	2	32	1031.14695127641	
26728	4	45	1443.37919574388	
20421	2	9	332.978112703645	
22804	4	32	1047.19306264408	
23133	1	42	1331.04875205599	
11432	4	19	639.799424484279	
15714	7	10	383.524820387142	
19610	4	4	183.015084426391	
25008	5	48	1509.6431564864	
10553	5	47	1484.08146335002	
25381	4	31	1014.50776501303	
23040	8	21	716.374680137436	
16234	6	32	1030.88218967937	
23784	3	47	1487.15234468093	
14766	10	2	130.555249476133	
13034	2	2	114.918338672686	
23733	9	23	751.593437507559	
14905	9	38	1218.83158975226	
11590	2	7	262.562157708482	
24764	5	2	111.241953387503	
24388	4	25	833.062073678273	
24007	8	19	628.538160207001	
26818	1	25	838.447189795993	
16384	8	6	236.118930762689	
8568	3	44	1411.66815439782	
11786	2	27	888.023598533135	
9730	3	11	398.852415382328	
28522	3	42	1331.96448417938	
21744	1	9	324.895050714209	
14288	9	11	394.636675489432	
18571	1	13	454.319133336804	
14344	9	3	166.88382197492	
20516	10	8	308.470010901089	
19296	10	15	533.421039643428	
24331	7	7	287.217606849604	
15176	7	7	285.720286800396	
8268	2	50	1578.86147472023	
13229	4	21	714.901135971258	
8726	6	29	949.75192684203	
13732	1	35	1118.57804395192	
13414	5	20	670.093658617741	
24615	10	9	346.867613953942	
13450	2	31	1018.82516766844	
27666	8	18	613.82535415414	
26549	8	21	696.706160705865	
22008	7	37	1187.35047749586	
17324	10	27	894.53523327342	
15017	8	26	864.493611969284	
13188	10	38	1208.17616563671	
25091	7	35	1118.1845304734	
25960	5	4	198.03915204389	
19146	9	38	1226.32051796947	
15125	2	9	328.988789771213	
9705	10	34	1087.33220259069	
22504	8	46	1469.5086441699	
15635	3	14	482.608791069411	
13019	6	20	684.93200594789	
15695	7	4	176.859181940956	
12216	6	39	1235.52490824625	
11986	1	15	523.025153522857	
12610	2	8	320.947009101951	
12481	5	19	651.560336207766	
14518	10	46	1458.12003371218	
17513	1	37	1195.00648099697	
14326	6	34	1109.76233001322	
21878	7	28	927.62394303811	
10178	5	14	487.904669236347	
11663	2	17	577.461150035943	
29392	7	40	1279.93473783132	
21709	3	45	1444.83496267574	
9530	1	2	136.056863952455	
23417	4	2	116.692301536301	
17020	9	9	349.079662910234	
10148	9	22	743.98411375656	
8702	3	32	1041.14829476976	
18070	10	16	566.194459724331	
12874	10	38	1209.71299253856	
15565	6	8	304.621835641853	
21628	6	35	1139.41277005682	
17493	4	8	304.317676901965	
18534	9	50	1593.48836525971	
9681	6	35	1134.35880341304	
29893	7	5	203.788318542665	
27028	8	24	806.710520240809	
24004	6	7	276.597523445542	
26519	3	25	827.998615367337	
26549	8	45	1437.89503220371	
19289	9	25	821.137808310398	
28521	5	20	663.912395473529	
24439	2	44	1404.60881578019	
21436	6	37	1200.78828085251	
9296	5	47	1482.00229277928	
29559	5	33	1079.37622772501	
17675	1	15	506.726773319173	
16444	8	27	877.631034849971	
17200	6	1	98.533322409975	
23695	8	14	488.74758024176	
14354	6	45	1423.81868667147	
22325	2	34	1104.06302414092	
13075	1	43	1369.08221766776	
16454	4	24	779.445808259512	
20370	4	11	397.074083237478	
28629	9	37	1184.55887413796	
11864	9	43	1363.34120296097	
19125	4	33	1062.12766652095	
17413	3	3	161.346850507589	
22756	1	29	957.240855059233	
9235	8	37	1185.00467601465	
20326	6	2	126.183907820929	
14596	8	30	983.314184445568	
21672	6	27	872.895798530847	
14781	10	13	460.310170306037	
28758	1	19	637.446411884132	
29677	7	31	1011.20723134429	
19748	10	15	529.536788263142	
17275	7	24	786.588205688907	
9337	4	15	527.772017665101	
27788	2	22	731.409513471373	
17549	6	31	998.408957551424	
23119	7	10	361.763714645879	
26361	3	34	1089.7289108344	
23697	5	40	1266.76686092595	
20303	3	48	1513.54875456241	
18743	2	46	1475.32592205113	
15210	8	9	324.046681823231	
25381	4	6	254.054571173179	
17881	6	19	637.316073811295	
14724	7	45	1442.35288959106	
29881	1	46	1466.35307890659	
13591	2	32	1022.61497235979	
15071	1	3	157.446879482571	
20154	10	43	1385.89430586709	
22414	10	24	800.558811500929	
26835	6	43	1370.33055238907	
9481	8	35	1124.87186864245	
18239	1	40	1276.41428202224	
25719	10	49	1549.79992927508	
11402	4	12	440.447115581691	
28216	6	42	1344.58285371986	
28834	6	4	195.250672937953	
27680	8	46	1470.7577603081	
28569	2	9	332.890356189055	
23003	2	23	774.953900489469	
27298	5	40	1280.59821102796	
14939	10	18	611.713017249346	
13968	2	25	820.478110546469	
26370	2	28	924.555880895143	
29685	10	3	148.168996380721	
16018	7	50	1577.18998505603	
20376	7	3	171.042829161064	
20428	8	36	1170.76130474487	
24017	3	43	1357.33806677039	
21928	3	14	505.409729120047	
18114	1	25	822.299309495045	
27729	5	10	359.353306833353	
17681	1	34	1112.67894733356	
14489	3	14	483.525328675064	
21169	7	41	1309.23295208683	
10512	10	35	1119.29452113774	
8449	8	27	888.073095347766	
29842	6	35	1124.03077669629	
21059	1	35	1114.88796546817	
22019	5	41	1318.65159710806	
23189	5	21	703.568935461142	
23073	1	28	905.867304962998	
9486	3	34	1087.00149266375	
25929	5	39	1259.75135880511	
20013	3	26	867.115859495064	
29326	1	47	1486.33536270183	
11758	7	26	853.122506240905	
11440	9	25	836.788276413823	
16781	1	3	167.32490208341	
27583	2	30	986.82665975151	
25446	7	27	883.158284613471	
26286	6	14	491.005954337775	
22348	5	25	836.838554645348	
15682	9	17	571.812960436481	
23505	10	8	312.950543534453	
24786	7	29	943.612904801785	
20055	9	34	1103.56857127676	
20442	3	28	929.498690278036	
22598	9	17	569.147077430574	
25020	9	46	1465.16290453503	
19331	10	43	1375.31024974552	
19186	3	46	1451.85366761491	
8184	10	11	400.108812712184	
14879	8	29	960.484576747047	
25792	8	50	1578.25950200588	
29720	5	34	1090.97724555571	
9119	8	1	92.1929213088904	
9354	6	27	872.888953347173	
28115	3	8	320.566977188255	
26374	1	28	921.152594443947	
19115	4	16	536.509758372097	
18833	2	20	671.219896241659	
20575	2	12	435.869794839932	
29177	2	18	614.238759080991	
18043	3	3	151.384965028327	
19732	6	13	454.730906064962	
29147	7	35	1124.71152458559	
9031	2	36	1160.72675174136	
25368	7	2	137.440021400079	
21571	10	6	261.833633678888	
23488	5	24	804.067478815125	
23923	3	29	934.254552747242	
22100	3	34	1083.43640266146	
11941	3	13	450.511407018877	
9772	4	38	1222.25144450658	
15727	4	11	411.29335515727	
15477	4	35	1122.51475218801	
21388	5	18	620.865986897082	
21237	1	6	250.574785140611	
21820	9	13	445.620047285045	
20013	3	1	95.7259498609816	
14954	8	49	1558.57440506973	
27818	9	19	634.88369926572	
17677	10	39	1249.72506093314	
11912	2	49	1543.34134736254	
26705	9	26	851.715267846228	
11599	3	17	585.758492250814	
9081	4	5	206.516915916706	
16745	1	40	1281.49185679922	
23251	9	43	1376.13861393935	
10892	4	46	1474.14244139294	
27936	10	50	1580.23355289373	
12468	3	17	596.221299225567	
21598	2	26	846.172307639463	
27110	6	15	530.316901379412	
12354	7	7	291.938388371811	
20899	2	2	135.136159497842	
13696	5	8	302.599795564357	
18480	9	14	500.427995408153	
26501	1	46	1458.21963746949	
18081	8	45	1418.90138021619	
23130	9	49	1542.8418195354	
24432	1	27	872.058668877957	
23397	2	11	387.313443751686	
26960	7	22	741.095425719905	
23138	6	15	521.055696998283	
9568	3	13	448.41726495345	
24207	9	49	1549.59740569331	
27921	5	42	1338.23313224047	
26564	7	39	1246.96614684861	
26576	4	49	1568.46249336771	
26219	6	33	1071.32693441181	
20545	10	21	702.314168206562	
23317	5	46	1474.94692990321	
23893	4	28	905.426644582966	
25868	7	17	577.935353302367	
9238	10	2	116.336196975939	
26280	6	24	786.144733906791	
22756	1	20	670.897411718451	
25034	10	27	899.669697182099	
13238	5	46	1468.97241381415	
26860	3	31	998.194608668887	
28463	3	47	1479.23489494214	
24826	6	10	361.301407460729	
29059	7	11	387.691192285945	
8455	5	25	823.833925921393	
21552	2	12	418.033253521674	
19548	9	8	317.264095022	
24017	3	48	1520.19450563946	
18306	9	31	1010.31305613476	
20935	6	10	356.157195659428	
8666	6	27	899.914956623649	
29322	1	4	200.437991488929	
14508	2	11	392.35514767112	
24888	8	18	626.718667068853	
11219	5	3	152.88413032558	
13966	9	23	766.515736191774	
15929	8	9	327.570255514034	
10213	6	17	588.629635213236	
22117	5	34	1102.28565036426	
24929	10	14	483.298002892778	
22767	3	19	636.161086557508	
9584	1	13	468.283783676235	
21604	1	2	114.52570995061	
21924	5	44	1407.67612057164	
12386	5	14	482.815506981134	
19910	1	29	957.91938468717	
9744	6	22	721.274369322357	
28716	3	49	1540.7456630565	
11590	2	49	1552.38154807705	
20765	3	6	255.602191395872	
19735	9	29	948.991425591051	
19422	1	38	1231.70238384591	
12515	5	37	1200.75829822605	
23044	2	50	1589.24722365534	
13937	10	14	500.706771547304	
11368	6	3	143.606924593266	
9697	7	17	590.757261417227	
18319	2	50	1599.62225146574	
17650	2	48	1517.26149979851	
19190	1	4	183.022443476609	
14543	5	5	211.15316993145	
23649	8	1	109.402900053841	
15210	8	11	407.920076105706	
27824	10	30	970.808951189187	
24397	6	22	748.54753674406	
29249	3	29	950.888942922879	
23258	9	11	389.959020535443	
9415	3	28	928.228262834357	
26406	7	25	832.542514257386	
18310	8	44	1411.41961711059	
22010	8	44	1388.7659414619	
24591	7	7	277.515098693555	
10387	3	36	1168.61176135419	
27877	9	14	496.371694289321	
14912	2	28	912.81132725664	
29551	2	18	609.910824992652	
22376	6	45	1444.70918499153	
19064	5	16	553.625286889088	
10110	10	47	1504.87568530481	
15255	10	46	1465.91454123422	
19754	5	41	1296.75888419932	
15761	3	10	376.518431965503	
24449	8	49	1567.81295756242	
29717	9	25	834.710864738892	
26857	8	31	1007.16577006838	
8390	3	40	1268.21257277774	
9024	3	18	599.679693262875	
9229	1	11	403.107924015777	
28431	3	5	206.011895521549	
8712	2	1	89.2772057323145	
16744	4	6	255.758474774546	
28809	1	9	327.948004048293	
8476	2	20	671.368135414723	
9544	3	31	999.263206887647	
21657	6	9	352.144832961329	
13385	5	18	606.758186503666	
16814	3	2	140.363707570528	
14559	5	22	743.716758761423	
27058	3	22	739.128583827582	
28165	2	35	1131.92656405825	
18486	4	19	647.960364151728	
28295	10	44	1393.046106488	
11893	3	24	788.203148799112	
22895	8	5	220.961930966453	
20762	6	13	466.836249933967	
16394	2	23	751.476326897497	
20243	7	3	143.090622491711	
12001	4	24	784.386603936733	
10728	10	23	756.435896398703	
28555	8	47	1490.79594655465	
16388	4	8	298.89773960174	
20034	8	2	117.131974528139	
13535	8	4	174.74656616093	
29927	4	2	131.34695856429	
28744	5	14	486.263559277292	
28880	5	45	1434.63473796595	
14480	10	3	141.589942491422	
29520	6	36	1173.20921136681	
10727	7	49	1563.64318112081	
22371	3	33	1080.33496396632	
14846	3	12	431.209249660005	
17135	1	50	1586.85109651967	
28363	8	24	802.216367312808	
10514	7	25	823.265308525071	
25757	8	39	1235.66114233605	
8760	2	35	1140.81793741361	
17561	4	38	1206.14696327883	
16525	7	6	249.348554466548	
9507	7	5	224.226861327992	
13911	5	11	386.053140752974	
29685	10	16	549.547117422124	
20707	7	24	780.992426230103	
21512	7	44	1414.49670306151	
27641	7	13	452.949121246556	
10076	7	27	897.954177082495	
28322	2	47	1503.71277771132	
22186	3	37	1188.31528316639	
16495	4	45	1426.85102659597	
18207	6	13	447.874614804925	
18714	10	9	335.68944317088	
8098	1	38	1205.12195028603	
28670	4	44	1415.29308932614	
28334	5	39	1246.67202761707	
10282	3	8	315.215948966898	
16695	10	44	1390.37946613057	
23645	8	5	218.626500246407	
13365	2	6	233.201437887364	
21209	7	18	620.021176850433	
14707	9	17	592.999647610355	
9572	4	15	517.510094995382	
18486	4	16	545.168244012244	
29268	10	17	567.154496203714	
11904	2	24	780.073577640612	
19784	4	39	1258.79361986126	
17994	4	24	780.71731439825	
16482	2	20	661.109267632062	
14436	2	20	670.829739175192	
10445	5	49	1564.93784027404	
10214	2	17	585.300788630406	
19617	4	28	926.018312520356	
14750	10	36	1145.32936361866	
9476	7	47	1493.74206802516	
18991	5	19	640.159742608741	
10855	2	13	450.382755645729	
24723	3	31	1021.24882913253	
22646	2	35	1117.90531337164	
25322	3	8	302.635271466633	
13391	4	41	1321.79744491437	
19237	6	25	833.392781481795	
26068	2	17	582.550781565975	
26111	4	9	326.319454799555	
17845	1	8	314.738915895456	
17448	10	24	805.33459656189	
8483	2	41	1307.95373794993	
8032	9	46	1475.21301368029	
28728	1	18	615.916160333863	
8574	9	12	420.179068902591	
20450	7	17	567.00041834591	
20156	9	32	1032.8858423945	
19993	5	34	1097.03464208964	
24487	1	30	987.616499526248	
11365	10	20	666.125786428398	
17250	1	39	1256.34890685619	
11406	8	41	1306.71676633261	
27960	1	45	1440.88489674073	
12267	1	50	1582.39262121841	
23377	5	1	80.9188485894906	
9328	4	6	235.703083200242	
28844	3	40	1272.23180684831	
13751	8	8	316.844909450433	
21312	9	28	912.883038536125	
8547	3	38	1223.37744289235	
20413	1	28	921.550237965561	
14690	7	35	1121.85630228457	
21964	10	24	790.360079552215	
8096	3	41	1311.37988226087	
27280	4	26	855.133346717401	
14346	3	27	876.289271971346	
28770	1	27	893.96711983437	
19996	9	9	352.474152758938	
23572	10	48	1515.99122877977	
29650	2	15	511.40399297299	
11183	3	43	1386.62839536864	
8131	2	1	90.4488660443802	
28089	3	7	271.190640195827	
10722	7	8	310.429328116788	
18803	4	43	1361.81989964182	
13046	8	33	1072.11983969068	
16263	2	43	1383.58060618098	
20801	8	6	244.801154064388	
15709	6	8	320.930198729471	
17208	7	4	183.829320829282	
9827	3	18	612.051997879544	
17099	7	34	1088.26614654077	
27436	8	48	1538.40181299411	
28206	7	16	559.203577190267	
17464	5	8	317.393161168971	
19462	9	29	933.442976276131	
13552	8	18	609.497858905	
29292	10	32	1038.85620791412	
11090	1	35	1116.98646478215	
29144	1	3	146.932188266391	
16217	9	2	129.565638066067	
10517	4	17	596.547872031363	
26673	9	40	1269.66774302985	
15956	3	21	702.942011907204	
9854	6	31	993.188677929895	
23672	1	40	1283.47829427732	
28718	9	18	597.593658397716	
28017	10	6	243.833131419417	
24495	5	43	1360.78281361646	
21218	10	35	1143.88979693125	
22544	2	40	1273.03329851154	
18108	1	23	760.411689635558	
11265	8	37	1181.04341330987	
21068	6	16	556.212506553257	
18561	1	27	879.497391059761	
28166	8	39	1245.90004081181	
14472	10	35	1115.52612613678	
19900	7	38	1210.45556862394	
10884	2	8	300.572721576585	
21964	10	18	608.799008898809	
9060	4	13	452.122477019263	
23279	5	34	1107.43065278392	
21678	7	50	1595.91471072096	
8938	2	24	809.053717706843	
15671	10	21	691.325445012807	
8148	10	45	1433.28409142479	
11505	6	37	1183.45448929046	
20309	7	8	311.156502361948	
20122	10	33	1073.9867210919	
16859	10	48	1521.69037044127	
29958	8	9	346.791413066346	
27651	3	46	1455.11091192025	
10733	4	25	835.487687976792	
16732	9	46	1449.05904051338	
22202	10	13	461.838354906923	
17464	5	26	870.080523337275	
19952	2	12	420.781123014531	
12258	7	36	1168.24862828862	
9025	9	28	917.240650186893	
24664	4	3	158.341605364504	
21009	5	16	554.526181292965	
10690	9	38	1219.74747476156	
8346	4	14	484.018340447926	
25036	10	23	777.040401798226	
26606	7	15	510.796022317743	
23185	10	46	1451.64030824399	
13968	2	47	1507.2227332309	
12813	7	33	1062.18930644085	
18215	7	40	1279.70618613051	
11422	7	20	671.493120357158	
27917	1	45	1417.91685013935	
10406	7	31	999.042290281058	
17873	4	25	818.283486337533	
19104	1	17	588.187455883337	
15694	10	40	1294.80971124713	
19208	9	18	622.134985282149	
14776	10	18	600.633161310401	
29945	6	16	540.614025323006	
24225	10	1	91.6165668943974	
10505	10	36	1159.9045865051	
27584	2	4	180.023804986861	
25391	2	10	366.437156035768	
18789	10	23	769.846410327519	
19629	10	45	1439.09244317519	
27810	8	27	877.098383864899	
21399	9	45	1417.92238659129	
12520	8	48	1524.92400165877	
15794	3	42	1331.98437279648	
28149	6	4	174.374151646334	
13754	1	1	89.4168677224856	
24137	9	28	905.118917797282	
27119	6	49	1547.27749784816	
16213	6	10	373.214918437048	
13706	1	5	222.231116212081	
11968	6	2	134.272827605844	
27132	4	25	832.375002257701	
13745	5	21	703.412312335992	
15720	1	27	898.874308922735	
10385	9	10	378.2576953891	
14381	4	25	839.68513676882	
11597	8	48	1526.0613581939	
17344	1	4	201.265182849609	
10832	10	19	631.450316231442	
23279	5	14	482.493600734739	
14205	4	4	183.773520301922	
14391	2	29	947.749122785287	
8982	9	21	716.82742558272	
18638	4	9	327.300232093455	
27877	9	6	234.249329266254	
17301	8	45	1439.70336962477	
27044	4	9	349.447362026874	
18061	6	47	1480.16709769152	
11912	2	36	1156.63206139423	
8048	8	43	1357.33606368179	
27770	9	50	1578.31780037764	
27149	2	7	268.089025257197	
15646	3	15	529.901064434043	
25318	5	19	644.925897272735	
15593	2	47	1499.94201793333	
21147	6	21	692.873635726456	
16951	6	48	1526.71630658522	
9320	2	6	255.238360434416	
10908	3	30	967.815154794517	
28924	8	40	1270.28931840802	
15008	6	43	1366.37420255988	
11300	4	46	1470.63935229119	
16808	8	21	705.82737184401	
27005	2	20	676.052370125452	
15244	4	15	533.914628277493	
25788	10	16	542.434708989428	
16122	5	48	1518.72267294616	
12001	4	41	1301.75885238767	
26785	4	6	242.356329933906	
14603	3	26	851.931430125577	
20767	5	38	1233.8432283112	
29138	2	50	1578.75862213725	
15806	5	42	1334.98683980433	
11783	1	10	367.35280959278	
23374	10	42	1335.31892287327	
16386	2	48	1529.34926107961	
16984	9	24	781.094961008567	
27090	2	40	1277.62376956531	
9177	9	37	1177.73504353023	
23185	10	9	334.670782021559	
14110	9	42	1339.96950569561	
9699	4	32	1024.95182010576	
28571	1	13	470.645436453934	
20470	2	18	615.878854755256	
22076	2	6	243.913315834437	
24555	6	46	1466.18380234865	
18571	1	10	382.473937823658	
23706	9	2	138.486415063258	
25638	6	31	998.932290989408	
25269	4	40	1285.38405966264	
16301	6	28	912.968830183599	
23924	9	42	1350.82299775948	
21684	7	25	833.450028055091	
23246	3	29	961.160997823421	
29638	2	21	716.119398174863	
27492	7	8	313.134168010733	
16754	8	8	321.921750941277	
22672	5	2	120.775055457267	
22740	6	44	1393.38560381596	
10859	10	40	1291.81462027683	
8241	8	48	1520.98069667862	
20166	9	19	647.688509639208	
17268	10	41	1317.81076775762	
18038	9	11	384.700631268649	
12221	8	5	203.492835370588	
28870	3	50	1599.55917824039	
23131	7	15	533.10218545287	
16496	3	6	242.548254841263	
12515	5	28	909.606974399466	
24440	1	50	1570.59275685371	
25538	7	48	1511.77867471789	
23731	3	9	329.092537019911	
12407	5	20	677.503316904187	
13916	10	21	713.144372772958	
27611	9	48	1530.31981271241	
23411	4	12	421.422382454119	
29235	10	33	1079.99391583726	
12362	2	3	169.948517088754	
16019	6	15	512.139054291015	
24952	6	20	667.730825928846	
14647	1	6	239.96077116577	
18890	4	46	1460.2362578829	
19177	1	10	382.826561398258	
19876	10	16	556.972270271262	
25946	9	48	1538.96259994198	
12324	5	47	1483.02023055173	
11470	3	25	825.30859408216	
13851	8	13	453.825841980905	
28304	5	39	1251.23341141792	
17660	1	34	1102.18475486254	
11841	6	40	1287.42751013833	
25400	8	22	740.319905551299	
21122	4	47	1484.23816574935	
10236	3	47	1485.9204232534	
27357	2	11	413.690085342941	
23947	5	23	772.280996056404	
20981	10	41	1307.14105234814	
22651	9	3	165.944805185285	
20874	3	14	492.386019384668	
13583	6	6	244.354137594045	
13803	3	31	1013.08161689578	
15496	9	5	219.925682982395	
16876	10	25	828.879440663792	
23697	5	32	1028.33953413569	
23186	7	43	1373.60538494475	
15070	8	20	663.876293163689	
23452	5	23	753.319680855293	
23863	7	4	200.305655282133	
27628	9	32	1030.84118511101	
20345	9	10	374.697015720744	
16029	5	25	833.140252173478	
26361	3	5	231.973233852523	
10975	8	38	1208.63600116625	
20421	2	24	805.654777887117	
17676	8	35	1131.85384911106	
17017	10	2	140.74443879572	
16577	4	9	344.86194824095	
25160	5	26	840.838497486356	
25353	8	13	445.738031326671	
9525	5	8	320.472604818862	
16242	6	26	854.250584158232	
18317	8	3	159.276343471965	
19398	7	17	591.314843423346	
19980	5	44	1407.42221953693	
29351	5	10	363.16524671538	
10331	10	26	851.45876916659	
12204	2	13	444.854371270563	
29267	2	24	791.582893650785	
12979	6	10	379.454287430017	
24423	1	25	838.038816656004	
12792	10	21	714.28133010598	
13252	1	31	994.049110651971	
15761	3	40	1277.56249770409	
11954	10	9	347.78491669697	
9958	5	39	1254.64920903307	
21928	3	1	100.035088183375	
16351	5	21	711.356817219107	
26400	1	29	954.487027262564	
22636	6	24	783.366885326508	
16304	9	29	955.086306778289	
11829	9	25	809.700549696433	
13951	2	21	705.002938800027	
15801	6	32	1022.98465686989	
20745	6	29	956.536395697173	
18131	5	9	349.044502689058	
28181	9	35	1135.45427628581	
25200	2	35	1131.68390438505	
21375	10	23	758.583387862231	
21344	10	12	434.066574142345	
21682	2	9	352.945646547221	
20588	7	15	507.419047815455	
13863	1	16	546.302554861783	
21963	6	41	1320.20677385861	
28844	3	6	251.913414565806	
18900	3	30	990.103553435813	
17285	7	29	933.805273423812	
26240	6	38	1228.61083955905	
22756	1	31	1021.45722112686	
11621	9	22	745.174287420313	
16049	3	18	602.146615778164	
25362	10	8	299.021921893126	
20052	9	49	1561.73678720451	
18864	4	45	1420.85136785212	
21885	7	7	272.802368455009	
24537	8	39	1260.41568561476	
26366	1	45	1439.09114152151	
27581	6	16	554.410736148437	
20663	1	29	940.851084469283	
27022	9	36	1151.00556885405	
16410	6	34	1111.81876092768	
12821	2	32	1029.38762157661	
18083	4	30	990.374920978385	
15163	5	2	137.471612159848	
14703	2	34	1090.65172454838	
14138	6	34	1110.77205512243	
18865	9	5	229.247645358205	
13326	10	22	736.291686602073	
9113	3	38	1234.77844772617	
25578	5	35	1138.37771684787	
26487	5	25	827.710970429569	
9515	1	41	1319.77486478154	
10539	1	40	1286.27098340833	
25948	6	12	437.516319508439	
19012	3	1	106.508640882796	
21954	10	11	410.619768840549	
14910	1	6	247.978775244196	
28130	2	40	1273.84233679336	
29118	3	34	1105.64908313828	
14910	1	29	957.681363261156	
18661	2	11	400.843935609257	
14508	2	13	471.424248624325	
18789	10	40	1289.89959609224	
19972	6	7	289.312739842251	
23899	1	6	261.220269548344	
20275	9	22	736.064384885162	
21037	9	26	847.963762491925	
14543	5	27	884.151570947911	
21059	1	25	830.182288414884	
25503	6	41	1296.12071008241	
13845	9	15	509.953361167551	
14146	8	20	661.043540137375	
9964	3	7	270.832819915764	
29029	7	38	1207.57781900818	
13887	2	28	922.247813214663	
25196	4	28	923.558024970609	
15402	4	35	1117.04412683707	
12825	10	14	488.830942701935	
25183	5	8	309.555049310231	
9722	5	22	741.141359443376	
8479	7	26	840.855908077609	
25577	2	7	277.513586821739	
24224	6	50	1593.83239183288	
25621	2	47	1483.07950427899	
29152	6	48	1517.46331699074	
9055	4	27	882.371750996621	
8538	4	18	612.750938484795	
12480	10	37	1204.22046769607	
18712	6	44	1394.34272696932	
25550	10	46	1462.18259961446	
15229	3	34	1092.43691037057	
9809	6	6	245.248804728151	
26864	3	32	1048.76165301016	
17857	7	50	1583.16972120813	
21474	8	25	830.161633244791	
26218	8	22	720.394512303357	
22980	1	42	1339.48802548437	
23494	1	24	781.062181136134	
16232	1	46	1476.2513426115	
12789	1	12	434.58733966322	
27746	3	9	342.808292630505	
