idEmpleado	idDepartamento	ventas	importe	
20588	7	10	355.690710300436	
23984	5	44	1389.31131807589	
14807	1	5	222.847962036192	
26961	9	17	571.576912371245	
8565	6	26	865.722632811276	
21220	6	27	890.093893227211	
10933	10	38	1212.78186865746	
28408	7	15	518.417539428183	
27035	5	30	991.915410771927	
26374	1	32	1036.29641711539	
12113	3	49	1559.39728448139	
15994	4	29	959.851242601802	
13652	8	25	828.769705383466	
12057	9	38	1225.31071995632	
23131	7	50	1576.14553431801	
8398	8	21	703.513502284658	
18292	2	28	910.630263178903	
18560	8	4	184.469036545823	
25044	5	14	503.748324263724	
22391	2	28	907.823354950092	
14567	6	30	971.233610925839	
11592	1	26	845.781299791197	
15058	2	36	1173.96333246211	
22775	8	19	632.576131295681	
9082	6	44	1387.53548165203	
19532	7	44	1399.5163898354	
21820	9	19	652.70922784354	
25879	8	17	582.774888250406	
25048	5	31	1017.25182509853	
9407	8	8	310.824135463137	
12747	3	14	476.502113601427	
27775	2	12	424.230750884968	
24102	10	29	955.577818712023	
28181	9	21	716.506966090066	
16338	4	2	116.817223484077	
27242	8	35	1134.37731393351	
23828	2	38	1204.91156511237	
8311	5	37	1202.47078254934	
27831	8	34	1097.00522712292	
12167	3	29	934.840267177131	
9640	4	2	140.157270534037	
21789	5	32	1045.80675121667	
21558	1	6	259.155715861896	
10902	2	28	905.427771408776	
28425	6	35	1125.41878544046	
8542	4	42	1336.65148853168	
8339	9	40	1272.27842926619	
14325	9	23	761.71163326209	
18904	2	31	1012.32296443187	
11001	4	43	1376.84943080733	
10975	8	34	1111.30767959697	
22260	9	41	1318.41225704104	
10188	1	37	1189.14075456054	
25800	3	43	1368.33578262866	
11501	3	45	1444.79381229952	
23391	7	34	1109.90941050924	
9836	9	8	295.347985613788	
24552	3	37	1190.27183074051	
21670	7	24	784.041430719216	
13364	3	33	1066.20624297587	
8758	4	8	317.384665383671	
17325	10	21	710.006980407055	
27959	3	34	1101.16571432965	
24278	1	23	761.091275308789	
23988	8	19	639.794303513968	
19341	1	38	1215.16653359643	
17391	2	1	84.2734238897792	
21222	1	4	192.2627392934	
12412	9	37	1188.49349647225	
27997	7	15	521.768220384497	
13688	5	34	1098.60193717228	
12961	9	41	1308.15948062956	
10851	2	20	687.463809422899	
27831	8	36	1168.90805708659	
14531	9	26	847.666084416055	
13958	6	48	1525.42685970917	
14597	3	20	666.625583929301	
9534	5	9	348.535561053332	
21635	5	34	1107.15734585522	
9009	9	2	130.883993120344	
13447	7	5	207.237960569206	
20607	4	47	1490.99759458145	
26886	9	36	1170.45192381854	
23276	1	39	1240.4023942912	
25357	7	24	799.516455866171	
28385	5	23	758.089856560384	
15641	7	25	835.089996324428	
26411	4	37	1187.24203608336	
22897	4	27	871.713153790549	
9196	8	18	606.907812974838	
11227	3	28	919.029328319723	
10126	2	1	94.6397343718632	
26906	4	14	498.429351830124	
22714	1	2	110.798984147049	
24750	4	21	697.45560179346	
8132	4	32	1030.15029012698	
17324	10	49	1544.64103688702	
28597	3	34	1098.06444055311	
23043	6	9	345.633467894808	
13022	4	48	1510.25225184404	
18349	8	42	1332.3780646419	
22469	2	36	1160.0156899728	
11677	4	36	1173.21813678984	
13121	3	17	570.554744047371	
16801	9	10	358.247493635047	
14202	6	44	1403.1481989674	
29962	4	21	710.948447618144	
25256	7	1	100.232697473947	
8362	8	18	600.669698212608	
18596	9	48	1519.36695259035	
22657	6	15	523.283826579938	
19498	2	49	1546.81242456046	
14241	3	3	163.114484885295	
24496	4	22	733.157437598872	
18913	5	29	938.968282406669	
29438	6	12	426.387070802221	
10528	1	35	1139.55505658852	
19269	6	46	1460.76332003845	
16745	1	49	1561.57481944262	
15565	6	47	1481.70444695358	
9159	6	13	460.076537271997	
9484	8	14	497.031387806419	
28665	2	28	920.549585502851	
12423	7	20	661.585683497407	
8937	6	37	1202.73889206477	
10133	9	34	1083.96220280042	
25032	4	27	889.73012879944	
18796	3	19	656.66482527585	
13121	3	16	551.452455293132	
19372	1	44	1417.51579428907	
11045	10	50	1580.78582282215	
23223	5	36	1168.56114337619	
27666	8	1	82.9020931585236	
21843	2	37	1196.90509401118	
15942	4	11	398.505928478439	
21485	1	19	647.22227059641	
24441	4	11	397.779457791606	
14828	2	20	679.897179771167	
10771	9	30	962.154900656154	
19095	3	31	996.368256898768	
12407	5	2	127.14140894224	
14610	2	25	814.857298850481	
22858	2	20	666.572337870753	
27463	4	29	952.346201200199	
17911	8	3	163.623986394901	
14579	10	30	972.216903759268	
12961	9	48	1531.52524948657	
19181	5	43	1365.27191423125	
14070	6	23	771.83070174038	
8308	3	9	351.06853099124	
12878	10	47	1490.59523353847	
14373	7	3	163.87771684857	
9387	10	35	1136.48962111049	
18444	6	13	463.929020941224	
14828	2	35	1130.17571457204	
26901	7	28	915.346676835486	
18807	5	8	319.466104469945	
17111	2	17	591.632453292437	
10567	5	30	967.815851982597	
27201	6	27	874.285290834627	
28046	10	17	593.418070167963	
16900	6	2	134.283622342294	
22295	3	36	1148.78024218082	
18917	4	24	783.153903923535	
23377	5	48	1538.5811297682	
29139	8	29	954.722683203743	
16165	3	49	1543.91033140193	
11798	4	16	566.209390874118	
23223	5	12	414.651509120432	
19928	6	10	371.746011810259	
17362	8	1	108.607613010615	
18862	8	16	539.65787681735	
25016	5	17	578.608419382297	
28870	3	19	645.20656254385	
28994	3	45	1434.56303801134	
14725	9	39	1245.21923842152	
13582	10	45	1430.45904993567	
29403	6	49	1568.20338430265	
26711	10	17	577.961697102506	
18898	10	8	310.521988305506	
11644	8	36	1152.43695331385	
13462	3	35	1124.45821456819	
25168	5	47	1484.83412353547	
19874	1	7	280.383924301892	
10103	7	48	1526.92056075061	
21725	8	47	1496.90810597358	
14541	4	2	112.071522265706	
25940	4	38	1218.9730722173	
18790	1	3	146.729379439135	
18284	3	33	1083.15925164295	
19388	8	11	407.756166126465	
28901	6	44	1406.14700449917	
11614	3	41	1312.08132778857	
17198	7	3	167.869609821527	
22455	10	14	482.950186730805	
20144	3	50	1592.85778659995	
13689	5	40	1266.07705666967	
9462	5	47	1483.41843394722	
25529	6	31	1013.765071432	
16345	5	24	808.901303191158	
21123	3	32	1028.30657235734	
8019	6	32	1045.31585861245	
15689	4	32	1030.62040511082	
17022	10	14	480.084689930121	
18040	9	8	322.460917980625	
9552	3	32	1030.93735672112	
24717	10	37	1185.26929746627	
14971	3	17	571.283058566639	
15378	2	19	629.365982929881	
26210	7	47	1484.95647615053	
18829	4	34	1084.88762689982	
24331	7	9	351.262720167294	
18046	6	1	93.6707561899306	
14815	6	22	737.293863677091	
24358	3	41	1321.84833752077	
29794	4	33	1068.95985559978	
9933	5	6	249.449498806824	
13092	10	29	948.396317878923	
21137	9	26	856.233343172927	
16875	8	2	121.673023794625	
14416	4	28	922.651160938037	
9782	3	11	404.937259184633	
11408	6	14	499.480011434983	
8146	4	29	931.492257477479	
27831	8	49	1563.98984568379	
15334	7	8	302.460608511446	
22140	10	25	827.576549028781	
29542	8	14	490.73880956077	
17857	7	6	242.256375813045	
29000	10	45	1441.7052514114	
18991	5	50	1579.14218175185	
20805	5	49	1547.04061598845	
12408	4	19	634.438312870654	
19473	3	43	1369.06039391135	
28010	10	27	882.215415948171	
24882	4	4	187.121094701402	
26405	4	4	173.837809457368	
19398	7	34	1084.74943360535	
10454	10	49	1557.92300632127	
13640	3	17	575.983204029493	
17098	7	11	391.638808507304	
20435	9	35	1140.78846369907	
25931	7	20	669.607089287418	
16818	4	6	261.772903288609	
25846	5	50	1598.27162474313	
8241	8	2	136.493445959172	
26866	8	44	1392.47624830924	
25513	1	19	654.787464111479	
28424	3	13	446.021272300752	
22709	4	31	1013.99033113103	
29077	4	45	1423.40828779312	
10819	8	11	397.680738790743	
18744	8	21	707.185090774291	
12541	6	30	972.092047637371	
16427	6	47	1486.25014225312	
18575	3	21	703.369313172702	
22015	10	18	625.835847177466	
8193	4	4	179.12814763334	
12998	2	15	516.094844246327	
26045	8	1	100.000309469178	
26393	2	7	283.360807692334	
25215	5	23	774.530487905503	
18799	1	11	409.026682753594	
29607	9	24	787.660731518483	
23697	5	47	1505.81429439868	
13588	1	35	1137.84701091137	
24285	8	41	1316.82440729664	
23543	10	9	324.610362278582	
26421	10	46	1455.07844772892	
20524	8	38	1214.72724281937	
9395	4	30	975.122046142408	
20056	5	23	764.700065201474	
19465	6	30	990.473311557655	
17065	2	10	360.250139143434	
19434	7	42	1330.03421528732	
25915	9	43	1381.86269723897	
10090	4	42	1335.33016989721	
16504	2	8	317.707108146375	
15653	7	29	933.220632734346	
29059	7	47	1507.49639972462	
25564	3	15	509.984360202208	
24907	1	6	252.789084917302	
13173	4	2	124.717537260017	
22726	2	25	828.266044682016	
26177	7	1	98.2969636182752	
21637	1	39	1261.46144296111	
25769	7	28	919.855525214158	
14040	7	39	1262.34626523328	
15549	9	47	1482.81025165823	
12864	8	6	258.846102775469	
12216	6	36	1161.28524752394	
11790	5	50	1594.70966182403	
20049	7	19	648.654589359022	
25719	10	48	1537.92269685209	
13968	2	10	372.622396337158	
29822	4	38	1217.1083206018	
21064	9	25	811.761780945473	
22079	5	47	1481.94635776894	
16813	2	10	355.958608889933	
9177	9	16	540.424613831762	
13556	4	12	419.669038662533	
26634	5	36	1147.86588603066	
28040	5	24	799.709016382559	
19884	5	25	831.29402948138	
27960	1	2	118.868284988621	
29052	1	22	738.708222591648	
28735	3	31	1007.20742723309	
18476	6	12	426.934951630856	
15114	4	39	1242.05783235005	
25000	1	4	184.387445014151	
8729	1	30	968.039143275488	
20417	6	11	388.128739031092	
23197	4	26	845.907514898995	
26076	8	18	608.598444521706	
24883	3	37	1190.01594926697	
20727	8	2	110.571722775033	
20909	9	22	729.812950645486	
8654	3	37	1180.76063807158	
28907	6	23	769.363767900208	
22544	2	9	324.352851437569	
25123	3	8	297.991485697213	
22723	2	2	134.478142063356	
21402	8	12	441.800110620353	
25722	4	40	1276.23234495345	
22590	4	2	133.441995295436	
14153	5	30	980.41238431838	
12037	10	4	196.045475842452	
13863	1	32	1052.55061470557	
23288	6	50	1587.62774280628	
21620	2	4	192.925894685521	
25864	8	19	650.100916293497	
18969	1	46	1453.38381212828	
20285	1	49	1561.74849925644	
16814	3	13	472.796018902583	
21585	4	36	1167.82736106209	
22967	9	30	962.118474171552	
26471	10	33	1053.08006853474	
17068	9	27	893.423507778637	
15211	5	24	789.397759693394	
18336	5	29	959.588741026627	
18463	2	9	334.254015728018	
23672	1	17	572.920573583301	
15331	5	1	100.288432883233	
18712	6	43	1378.42280664408	
18605	2	27	890.806959499981	
25860	2	26	853.156508492844	
25295	5	25	828.802146925033	
23710	9	2	120.056144837316	
13742	10	12	427.906747585119	
10164	1	9	342.050673562126	
19085	8	17	567.295369956314	
21027	3	38	1231.0011428739	
25058	6	24	792.582589868727	
27927	3	2	111.605757452364	
21283	1	8	322.433128134549	
9252	3	10	365.190896599177	
23664	3	24	786.065775410303	
27880	6	35	1123.47667142911	
21865	9	23	777.852034185944	
17189	3	22	738.455900670241	
26866	8	18	622.662746749196	
9127	2	49	1554.65681252752	
20015	2	12	439.30720882458	
28068	2	35	1129.13193766453	
12632	1	35	1134.28652872065	
19532	7	35	1114.65533114721	
27922	1	12	426.38023977465	
20421	2	13	453.111495996412	
21405	7	32	1040.77108345962	
16407	3	8	307.897475095418	
8162	8	19	657.49165424029	
16881	6	45	1436.38944286685	
26420	2	13	471.362878378184	
25549	6	44	1409.77502687358	
21886	3	50	1590.09883570955	
21320	1	41	1325.07091211391	
25996	1	2	114.189709180123	
11567	3	20	663.377303976276	
28810	9	13	465.425385453471	
26738	9	27	880.285486802592	
26226	7	5	231.610237393347	
26677	7	3	155.989331005136	
25348	8	21	704.643867120447	
25894	3	41	1325.57706924415	
23352	1	38	1225.63052472921	
29220	8	31	1019.0997734196	
24550	10	22	740.801222259552	
16100	10	48	1530.14274180408	
18131	5	5	230.362890768034	
14153	5	27	882.636464462912	
17324	10	6	256.052698761249	
18127	7	48	1529.60339710564	
18853	9	4	195.571473592693	
16086	2	2	130.941859023153	
20471	5	12	416.925994277432	
26957	7	10	379.597203200495	
29820	8	5	213.613364758721	
16638	10	17	571.156495218704	
11558	5	9	324.136277923424	
10536	7	43	1376.15162835277	
25483	1	15	506.776268718194	
13060	4	13	455.690650928621	
24440	1	20	679.285061377699	
11092	8	4	200.009272489701	
13770	10	40	1284.55901932184	
22544	2	22	730.905927089465	
8938	2	25	839.638264495711	
14281	5	30	982.807562995147	
9229	1	2	121.506921742813	
27936	10	18	597.362216020637	
29901	4	9	331.001187419054	
24936	4	5	202.688471434027	
10108	9	22	738.051285975637	
10224	2	47	1497.56654738335	
10963	4	17	586.845663276895	
21677	8	16	546.673415744059	
14858	3	28	930.012945407076	
10030	9	21	713.73013958043	
25466	5	47	1503.50141293532	
13783	1	4	195.186755301052	
8938	2	13	453.854108887657	
14749	4	14	496.237497970572	
29772	3	8	302.748605228378	
13534	9	6	238.134618996705	
24464	2	2	131.844776334169	
18643	4	22	727.888257134654	
28503	1	41	1320.81796927416	
29607	9	12	420.421019355031	
10887	8	33	1072.84903259615	
17932	5	40	1290.50163250906	
12713	9	37	1191.45754735519	
17363	2	35	1143.03321396142	
29187	1	12	419.241026052852	
8250	3	21	689.273757100698	
13862	3	13	453.509218084397	
19018	3	43	1375.91958646473	
9621	9	33	1076.70426962744	
23505	10	17	584.634594630746	
14040	7	2	121.018049922315	
23356	8	17	574.724597639742	
11486	2	6	259.461508923891	
20345	9	43	1357.99365926441	
16565	8	47	1488.63582006126	
29840	5	38	1233.0006747474	
17402	6	19	631.635277043858	
29934	5	2	133.364227327222	
27436	8	27	871.552111129999	
20572	9	8	298.00492620934	
17032	5	36	1144.09619574626	
25602	9	46	1470.25257853337	
17158	4	32	1049.58425779342	
16565	8	34	1099.88322517829	
16373	8	20	667.655082283381	
15324	3	5	208.949522622372	
17023	1	31	1002.29751946512	
15072	5	1	90.5387707476219	
24615	10	6	232.942045700244	
22085	8	15	521.150442380994	
11158	4	3	148.164496155532	
21867	8	19	636.670762187182	
15651	4	31	1010.08795781531	
23327	2	14	499.21724514068	
16492	6	48	1509.958530399	
26219	6	12	431.005289233758	
18426	9	31	1005.90466866545	
28190	6	24	787.967973457634	
21191	10	43	1383.44744538118	
12313	8	2	128.777528874938	
18261	5	35	1124.05732929896	
22372	7	25	810.92607681217	
20966	4	33	1069.96914611662	
21635	5	12	425.378350776331	
21312	9	20	672.712089658115	
16213	6	31	1008.77681529558	
25995	4	48	1535.72524637716	
9704	1	21	695.860449623252	
23119	7	18	607.601677909308	
15895	4	20	669.747930480981	
28917	1	38	1206.49934195285	
13570	6	50	1598.48054900695	
13480	9	46	1456.33614600465	
17052	7	34	1102.81304306482	
9354	6	27	876.324823608773	
23149	9	37	1202.59645406278	
25362	10	8	320.917374715636	
27455	9	4	171.574322176899	
18050	7	16	555.378131678038	
10789	9	7	290.29150343048	
14346	3	40	1286.97623763558	
28781	7	12	442.970447336775	
18306	9	38	1222.97754076448	
18337	9	19	635.553827246443	
28793	10	15	516.470098475213	
13135	7	34	1084.34728773513	
15693	8	36	1164.63663982443	
8681	9	43	1360.24426378321	
15854	9	46	1448.03512886541	
28766	9	35	1137.63053082751	
14870	8	8	307.09600608195	
8995	7	45	1443.66730358622	
19300	8	9	349.916781946047	
15156	5	25	822.774582255061	
28569	2	23	773.947596910385	
10943	3	11	413.170118934088	
25542	6	14	480.28343241675	
20962	1	21	704.205907017089	
26343	6	15	507.171135520177	
27142	10	39	1258.8782669878	
25579	9	7	273.22427624521	
17453	8	11	386.437069841864	
20431	7	33	1082.93709283831	
27430	3	36	1163.19411521926	
28848	1	28	914.651100428147	
22288	3	3	149.683947148586	
10108	9	24	780.334616182528	
25931	7	47	1507.27491475049	
9766	5	38	1222.89242153191	
9980	1	11	387.362076336221	
25032	4	4	190.087914518122	
19770	8	28	914.330346488548	
22167	4	8	312.589841779596	
23644	2	36	1173.1559419507	
10925	10	12	441.801291239355	
16597	10	23	761.08688196218	
15075	1	37	1187.94853604769	
24216	2	15	514.415318870179	
28303	6	48	1508.90825230112	
16597	10	37	1188.36480192298	
8406	8	45	1444.14017547115	
17434	6	6	255.48098259395	
22533	9	26	847.825320757844	
18067	8	33	1069.9711470818	
20950	8	12	442.651924399031	
25088	7	43	1362.83203836662	
28981	2	42	1328.5637670609	
14032	6	21	713.561563749593	
28605	2	11	408.865446154431	
10641	5	16	543.154704674685	
18931	2	24	802.313021646027	
21678	7	38	1216.71146769855	
22076	2	39	1264.40318665672	
11402	4	27	896.499864690239	
15847	2	1	97.0672271852695	
17166	9	30	980.539167793719	
14079	8	29	960.033354498461	
22895	8	2	139.783425545219	
25165	1	41	1320.9027268183	
25975	8	13	446.786151326628	
13523	5	11	384.012671552604	
11862	7	39	1257.36172507394	
27420	5	5	217.351842251304	
19295	4	35	1140.67305252919	
14436	2	32	1027.54261630939	
14098	9	31	992.765659593402	
18944	7	38	1211.07746180663	
10166	8	23	776.760839995351	
15604	5	13	460.973291015706	
8857	6	1	92.8607149482056	
15772	3	25	825.2215828864	
18522	8	49	1565.86811354657	
26866	8	24	795.297654715971	
19402	3	28	918.806333597194	
22360	7	44	1414.73809151665	
11984	7	1	97.7432936512601	
8819	2	35	1138.61174908402	
25018	2	1	92.9659457565127	
10120	5	24	800.542190820231	
15026	6	36	1151.81906206152	
25764	5	12	421.120180087686	
29710	2	3	146.773052432934	
20815	1	37	1178.40946859606	
11841	6	23	759.737716857222	
25545	8	37	1185.04905469019	
23774	7	17	573.376446819574	
12541	6	39	1249.92715983183	
15670	1	31	1016.08997708936	
25115	9	36	1156.08871476543	
27311	6	33	1061.26212344564	
22068	9	44	1401.05352746372	
28126	8	35	1128.16511050247	
17653	6	24	793.512592051883	
21174	1	35	1142.12210097449	
29055	2	27	884.352130370379	
18879	9	7	266.778450397206	
9812	4	2	118.129140342646	
22512	8	41	1307.15226822866	
14336	2	2	122.428530772416	
24064	5	32	1049.88626480563	
10320	8	5	231.754576559996	
8709	2	19	631.802927065549	
23310	10	9	332.588272733888	
14243	4	11	396.004731206226	
29219	4	41	1317.93312178828	
19403	1	25	836.444908099456	
14088	6	14	501.413812982577	
23848	1	12	425.596853059529	
25116	10	33	1081.76177317359	
11368	6	50	1599.32393353401	
21012	6	45	1441.9274187097	
27152	1	29	947.067408741949	
17402	6	29	939.241234724988	
13469	1	6	249.083664756773	
25214	4	1	105.665971238942	
18655	6	8	317.23961911967	
18028	2	3	158.952256477881	
21340	4	33	1057.61412539408	
18742	2	49	1555.62399783899	
29725	3	15	534.166169489811	
15794	3	42	1342.83849976158	
27885	10	7	274.98748471727	
24136	4	38	1220.67212522993	
25718	4	31	999.711167570069	
13696	5	7	291.807187484487	
27274	1	41	1297.05647238393	
16560	9	26	852.355521494688	
20883	5	39	1253.17555374148	
11847	2	2	114.454203226815	
29319	10	38	1227.95964111945	
19282	5	50	1579.61415330861	
21063	10	45	1431.45948085536	
21585	4	50	1570.5374149841	
14390	8	42	1350.6559260146	
13638	4	31	1000.06448550153	
25443	1	44	1389.31725302214	
28973	1	44	1414.18477969905	
21405	7	26	862.404737389835	
10017	5	32	1041.80459506894	
17329	3	12	428.604146590738	
13351	7	3	151.962633836997	
28129	4	28	904.330306772296	
24655	2	48	1534.32820391577	
23528	4	36	1156.76478123142	
16599	6	38	1219.33470473594	
8483	2	15	533.986118721769	
18332	5	7	268.923875777481	
12552	5	18	624.42892729511	
8395	7	35	1116.45612973555	
17916	1	19	647.112511250708	
28011	6	4	187.826193919324	
17066	10	20	660.515014948563	
17574	8	42	1351.52827038967	
20778	3	37	1188.2623612826	
20805	5	41	1307.04776504405	
19445	4	49	1556.76709184273	
16859	10	31	1011.13080183562	
8539	9	29	932.877105163819	
12597	8	4	184.197543721738	
8630	8	1	100.876649404353	
16084	3	50	1584.08938660477	
15225	8	26	848.238259241096	
16546	8	11	391.142649832714	
25975	8	46	1453.80213205414	
27739	1	1	99.7097802253951	
16127	7	1	90.4679378543365	
29510	10	30	976.529993757852	
17286	7	37	1188.58530871039	
10942	1	26	849.019179255245	
21120	9	8	316.348718216805	
17710	3	14	503.054839420624	
13855	2	27	896.547519088046	
21568	2	1	95.8095303251452	
13150	4	38	1207.01985124825	
27019	1	13	462.203535652814	
17806	7	15	518.508192989281	
10540	3	9	340.659280801499	
8273	2	3	143.907343998508	
27354	4	43	1380.37646283413	
24385	8	43	1357.82106876272	
9716	1	34	1108.13259660645	
9803	9	8	307.926594199579	
20417	6	5	216.719424005933	
15056	6	33	1067.34169197611	
24004	6	35	1120.13344720012	
29095	3	31	999.099138360051	
25730	2	3	159.931210465697	
16565	8	13	462.275053701492	
21666	8	2	123.60816097055	
26532	3	32	1043.2973936588	
22823	5	13	458.186451186513	
9601	1	16	561.307674535228	
25765	8	23	758.207193668097	
16786	1	31	1020.92794566458	
12913	5	12	444.51475998597	
23616	5	28	903.724374595901	
15447	4	17	593.187656939583	
14064	4	3	160.526071861631	
11598	3	35	1137.05500100602	
20237	10	38	1208.8667668816	
24509	2	36	1157.45612496392	
17958	9	20	680.338567067095	
21179	5	43	1375.40974803986	
18969	1	27	880.107411518743	
21859	5	5	224.057671830085	
17539	7	27	891.278674831278	
15646	3	19	644.705484623418	
9841	8	5	224.50841914141	
21574	4	24	806.058825629791	
16298	9	26	868.539572054772	
17015	8	41	1296.10781104123	
27764	10	29	947.223457837116	
27702	8	36	1152.50064232969	
21029	6	12	426.37647495902	
28870	3	17	592.744052797902	
26480	4	42	1356.16279240519	
27217	4	21	711.518835235163	
13188	10	28	923.800957856607	
27880	6	11	413.668684854018	
18898	10	21	700.610641865344	
15276	8	48	1530.53672738864	
12305	2	17	594.254940056361	
12955	1	36	1144.97714773984	
11670	5	44	1405.72178559644	
20431	7	46	1458.16226703029	
27651	3	49	1541.7471648854	
17602	3	5	218.34032541995	
22348	5	20	674.881584660561	
14901	4	26	842.505091262285	
29320	10	36	1158.47916105691	
25221	9	48	1525.3205360497	
17390	7	6	260.133208939868	
23948	2	18	606.852342992487	
9482	4	6	251.50969595253	
14175	3	7	280.364943798801	
23252	2	15	507.794029539355	
11108	7	15	532.516846159714	
13248	6	29	936.61201248719	
13808	7	28	923.284020146022	
17306	3	8	308.854772368844	
17464	5	12	434.393653736633	
14939	10	48	1535.42279132429	
15877	9	39	1256.2162280717	
26864	3	26	855.068588915778	
25414	3	42	1347.18958261758	
15317	1	34	1110.9629933494	
13784	3	31	1008.80703220554	
26118	6	11	411.830718709077	
25948	6	15	508.183892866682	
22216	3	21	688.35196758078	
29894	2	7	272.205539360738	
29889	9	40	1269.38669908298	
26406	7	42	1346.85738700761	
23465	8	15	516.444359140678	
29999	10	40	1278.33003949296	
8979	1	19	643.201184907556	
24580	10	35	1135.36141932726	
10232	1	50	1569.68796244342	
24464	2	31	1021.94514448845	
19993	5	7	282.310506944689	
18371	2	23	752.938349411328	
25603	7	50	1569.82389996286	
13704	8	30	982.003327879125	
8761	2	39	1247.57966457288	
26862	3	29	943.219036005074	
26031	3	35	1115.97460210136	
18555	5	12	420.371114844629	
22458	5	30	980.990946377158	
26818	1	5	226.011531160218	
28103	5	3	164.950023258547	
9058	1	28	903.645946245476	
13898	6	43	1374.90682274797	
14085	3	1	80.5169377105855	
22160	3	4	184.813912485174	
20705	9	9	346.216988128711	
26005	7	50	1595.11393606435	
20464	8	29	938.03871198466	
19041	8	10	369.908558824057	
28998	10	2	138.532202978866	
9580	4	12	427.199273680895	
26331	7	18	612.940132679856	
16495	4	44	1406.50960671087	
25604	6	6	246.697691793878	
25017	1	6	234.153123681505	
24716	3	30	966.273621696175	
17325	10	9	335.933836966722	
21122	4	15	513.275821932254	
18966	1	3	170.407983851809	
23142	9	17	573.179656459568	
20125	3	39	1237.16375889125	
15494	4	30	972.432610212095	
29149	7	16	562.828883716291	
9822	5	48	1514.66686799874	
11660	5	22	720.973513201332	
26053	5	36	1155.91642295752	
26087	3	13	464.569753773776	
15228	10	19	633.419463445162	
24998	5	1	88.6365634988232	
24826	6	48	1511.8495529107	
27328	8	8	311.214980516217	
14964	3	23	770.591878504768	
26326	9	1	107.816085828383	
25596	5	7	265.819187548859	
29055	2	12	423.233869608135	
26565	4	43	1384.7060213353	
11222	6	14	497.298716612765	
13940	10	40	1268.86976137239	
19614	1	39	1242.04347452244	
29302	6	6	250.227371011967	
13077	7	40	1283.21610342861	
13991	4	41	1305.1624729229	
28200	5	26	845.452860503203	
24889	1	48	1511.15575946456	
19871	5	20	674.745870807555	
9295	2	40	1269.37037426483	
12520	8	29	946.428742700456	
13585	6	44	1403.12620816898	
15457	5	25	827.85020419762	
20755	10	10	361.306042876703	
17444	5	20	687.285199038351	
17622	7	20	682.698780169105	
15602	5	9	329.96313099282	
28017	10	14	487.81128991759	
21303	6	17	588.847772268973	
17523	8	24	792.517413046452	
13192	8	12	420.817062529184	
19979	8	46	1460.23995474923	
8404	5	29	959.543424509253	
17352	6	19	628.897489527658	
11177	7	47	1481.64723435494	
27971	9	32	1041.69447261919	
20324	10	28	929.402148485837	
15656	2	13	458.059005913352	
27862	5	45	1427.31722246265	
18933	7	39	1256.60739517613	
17534	4	17	585.124046851473	
9260	9	38	1220.69041916201	
20856	6	45	1423.46382218574	
19920	5	13	449.4471023462	
20707	7	16	548.97490508341	
23003	2	20	667.064075594332	
27250	9	27	871.232347409815	
28837	7	48	1520.18061283984	
17263	10	27	889.963553030958	
17186	7	48	1532.00128596835	
26134	2	5	206.979749708893	
29243	6	19	651.673124251735	
21299	6	28	919.920997191184	
24750	4	32	1051.6031389365	
16267	2	7	289.487680257059	
17506	7	20	661.443545604797	
19388	8	44	1405.56925924754	
16989	10	42	1327.33052062212	
22124	4	28	904.564353872353	
17437	9	38	1228.51620034711	
28577	3	15	520.628747511948	
11095	9	38	1220.00479591079	
15245	8	40	1276.97141527989	
20648	8	38	1230.71645656168	
10091	4	32	1043.88895880612	
22793	5	19	637.058761863531	
21278	5	11	389.326336863137	
29337	9	21	693.145984994781	
28863	9	10	368.580136657031	
16211	8	8	321.52163080942	
26407	1	13	455.76032443706	
25795	1	13	467.393854589851	
29064	8	3	163.838537001907	
20774	5	31	1018.13847563143	
18308	9	23	764.246327413361	
18610	9	41	1325.73832353844	
17022	10	50	1579.66238598324	
17918	8	13	458.40310185142	
21393	6	44	1412.33113779329	
9793	6	1	100.221123444019	
26373	1	44	1411.46643275929	
23084	3	11	409.782518152978	
27234	8	37	1197.84773688663	
10417	2	19	656.846486300624	
12526	3	20	665.537663337559	
11764	1	43	1369.14393827745	
22360	7	18	620.31895755805	
19462	9	47	1507.94028557275	
10324	8	12	419.409809270599	
24706	9	27	900.203688750138	
15179	7	39	1236.12521337165	
20677	2	37	1202.07162786372	
19372	1	36	1153.494652041	
23138	6	7	278.801022115537	
24750	4	25	815.978647664179	
9485	4	30	965.11925094068	
16196	5	49	1543.71900388213	
19087	6	7	272.747365624061	
8832	5	31	1005.55814354008	
22025	4	48	1511.91614321988	
20108	1	10	357.737738731195	
24828	3	6	258.086362415034	
15761	3	38	1231.60047618281	
17189	3	19	648.441922221539	
28404	10	36	1156.24096153129	
9381	5	42	1339.58589511904	
13354	4	17	567.834587249828	
23262	7	47	1501.78252155976	
12726	10	10	367.356811523138	
24995	4	16	563.749356718617	
27990	8	20	681.781159621562	
25825	1	32	1027.16615739612	
20723	4	48	1514.99938282883	
27141	8	27	884.343230428334	
9770	8	44	1417.04976758782	
12343	1	4	190.84622935897	
26487	5	1	102.157059024161	
29081	8	21	700.124928979261	
13837	9	19	645.178793224124	
28744	5	40	1274.74502052867	
22149	4	1	96.7398043054807	
28149	6	14	481.386051290383	
12323	8	10	353.736175724182	
20100	8	33	1068.37644790689	
22908	3	20	685.396417437771	
11642	1	26	853.688696573343	
23645	8	28	913.899202548852	
20755	10	47	1485.03751488637	
20006	9	7	282.159827967249	
20506	6	44	1399.12707647268	
15262	10	43	1382.01931965631	
24892	4	43	1386.91502035917	
14826	6	33	1052.84495831134	
14372	2	47	1500.41499457341	
20975	1	42	1342.48338471282	
21283	1	38	1233.38007034426	
20073	10	23	778.182041970166	
14392	2	19	629.405814665093	
23034	3	34	1100.60552476933	
17932	5	28	925.951768218517	
8571	4	27	881.309351027621	
18900	3	22	718.536435998295	
16641	7	38	1220.58347404962	
24217	8	46	1455.66045255198	
27007	6	8	298.422529128577	
8518	9	7	288.959055975526	
14910	1	40	1287.07224503489	
23673	2	9	349.151421612665	
16267	2	13	461.751254527714	
10926	3	21	705.132418305209	
23468	6	29	942.962191916519	
18163	5	28	923.594074902867	
9797	1	38	1227.56857239994	
18332	5	42	1330.81312301141	
9042	2	47	1495.1763389144	
17127	8	46	1476.35168744081	
8011	2	47	1504.35018669085	
14489	3	6	243.224028275918	
27375	9	49	1563.04550478377	
29370	10	10	382.552264957946	
9136	10	15	505.68669257019	
25539	10	20	682.797072363457	
29021	5	41	1299.62269359251	
29001	4	17	568.229735050458	
14337	8	24	781.730037062303	
9105	10	27	894.866139262387	
19083	5	50	1574.32119908478	
16305	5	1	94.5843882554138	
9395	4	35	1141.85984571551	
22965	4	7	263.669697243566	
16106	10	31	1012.6641873888	
20384	6	33	1072.75124435907	
14776	10	37	1199.51940420993	
27691	4	41	1319.22702500561	
15689	4	13	473.435669501049	
8346	4	30	978.203368307186	
23592	7	26	860.802577240766	
26769	1	14	498.075723172201	
10188	1	26	849.953918778316	
12623	4	14	476.437361462245	
8142	4	36	1166.61645153846	
12437	10	19	644.747780936187	
18613	1	34	1103.28626035866	
22540	8	37	1177.02740966204	
13644	6	16	536.164884556162	
8954	8	16	538.425244753447	
20021	6	6	239.346447959238	
29521	10	41	1322.03183529993	
10598	9	1	85.2386556590156	
8443	7	46	1466.13169727201	
14105	9	42	1329.02988365341	
27792	3	18	614.958013694248	
25643	8	20	666.360309881326	
16394	2	24	798.053259811389	
25936	8	14	500.265075648327	
22636	6	7	278.512278664164	
24512	4	31	1018.91374240579	
27716	1	22	732.353738999159	
24321	7	23	753.930415489678	
24497	7	31	1003.55638986619	
16412	3	8	314.637856890745	
21984	9	40	1272.48785677947	
26869	1	24	807.291575897155	
14482	3	7	278.081557284147	
19727	5	40	1292.46823091641	
11763	1	46	1470.21094755745	
23875	10	41	1324.07467069294	
14549	10	47	1508.34154739433	
28068	2	29	937.37745351036	
29279	10	18	596.972970607212	
11745	5	21	695.549110200046	
15826	3	34	1086.27446351865	
13426	10	31	993.270109497602	
11110	10	36	1166.60814332152	
21470	6	25	815.935813419491	
26420	2	46	1460.938911634	
26400	1	37	1179.5108120048	
18549	5	5	202.595283930467	
28497	4	2	112.064850494296	
19363	2	9	323.304792308856	
22751	7	22	735.519691303149	
14290	6	9	332.28936378485	
29526	6	1	89.3457325963982	
8565	6	40	1275.7281484435	
16959	3	15	534.639813590161	
29060	5	14	477.706173694556	
28588	4	14	486.390934477742	
15698	10	14	481.466144398538	
16552	9	27	898.96194935728	
15638	9	7	274.923390836885	
17318	3	49	1559.2896259014	
22651	9	5	208.448838241607	
8103	1	42	1344.14530768252	
8520	9	45	1446.39752891213	
16367	8	6	241.799504571501	
14543	5	47	1494.12859475898	
25389	3	45	1437.45620503903	
12667	2	28	905.20470307451	
26090	1	47	1484.55917874563	
11081	1	20	665.953936998711	
9881	8	25	814.350574060506	
29576	2	9	331.004900564908	
20545	10	13	464.654381789572	
19534	2	34	1088.2656850518	
28837	7	26	850.582587071966	
24552	3	8	322.755420134755	
21287	7	38	1221.68790419665	
27215	10	34	1099.7521665598	
14871	6	50	1582.1174463919	
12799	10	19	639.326164014324	
21709	3	21	699.001466659364	
15242	6	27	896.318458475321	
19371	9	21	700.288888504863	
8124	8	15	510.625623180822	
17753	1	9	348.036698563042	
13608	1	50	1582.34849310589	
19212	3	39	1263.14212418308	
15475	9	35	1131.56342745366	
19816	6	42	1343.44174369399	
21358	9	27	894.762057221849	
18375	4	33	1063.82001307971	
20476	9	28	922.608526294403	
29081	8	21	689.379598037051	
16521	2	22	742.454062673475	
11016	8	19	637.683344705814	
25400	8	17	567.100271958439	
24022	9	42	1342.12915583613	
13445	3	36	1146.87258058548	
14998	8	31	1004.80863875002	
8230	3	28	921.807218660511	
23186	7	1	103.482706594971	
11355	7	10	354.306108930291	
20108	1	8	318.036105184833	
16859	10	32	1046.11091349559	
17112	10	34	1108.95421824835	
23189	5	14	484.514790738241	
28555	8	46	1467.63498199528	
22396	4	18	601.080047544595	
23677	7	14	505.145561371532	
14853	5	7	291.884393455407	
19236	3	26	856.01826949791	
25442	7	30	986.638767917938	
23025	10	14	499.34869800664	
28068	2	9	339.635785342956	
21442	7	37	1175.92192417752	
24110	9	22	742.971167426077	
23869	5	34	1108.15994973674	
19437	8	28	913.5196845017	
14195	9	37	1178.36083034908	
24746	7	6	259.451011465607	
8993	8	8	310.986470575904	
13388	3	11	385.892777585375	
17453	8	36	1161.76295938052	
14185	9	20	669.797121523785	
14853	5	37	1202.133923919	
15702	3	47	1491.7420477661	
19555	2	39	1241.62530252786	
22088	4	41	1322.2003191161	
23311	7	15	530.582340345989	
22831	2	10	363.482315113527	
15442	3	17	580.626264298626	
26236	7	3	154.81532361117	
25532	1	4	174.943527809784	
23783	1	22	740.310227731387	
24870	1	18	615.843457419352	
21013	6	12	424.695357729073	
20232	6	20	658.282353290488	
20097	4	39	1254.17797500928	
23969	5	31	1001.67140493247	
20658	6	46	1463.5219078248	
22413	10	4	194.713511110616	
12685	5	22	742.062076638482	
16829	5	21	706.417866082125	
29386	10	35	1131.55735023858	
8191	6	2	118.74378772394	
24887	2	3	157.181245161771	
27276	10	14	503.259828287763	
9194	9	12	429.743812694095	
17954	8	36	1166.53213849595	
17308	6	47	1494.71217727974	
10927	4	33	1058.94032222169	
14539	4	15	508.609471334428	
17339	3	49	1568.51175023639	
20489	4	25	825.357627284414	
24540	4	21	690.820748084607	
28185	1	41	1317.5899290096	
29514	8	24	792.543149549767	
23192	2	39	1248.23898366105	
15761	3	45	1443.97698957658	
11598	3	38	1217.21217048225	
11035	7	26	842.889488210384	
11862	7	5	225.434662879181	
13574	10	3	150.497707198606	
8828	5	5	221.663246258005	
21123	3	41	1311.25812915678	
19538	3	24	781.20294588674	
18604	10	27	891.695240108154	
11964	5	43	1359.03847027525	
20142	5	41	1323.7923279236	
9517	4	25	831.226566448448	
10224	2	3	164.688814135589	
15190	4	46	1453.98197472747	
15677	3	48	1511.84827956923	
11204	7	41	1314.83892252428	
25353	8	3	144.737500354991	
27214	3	36	1168.92439393742	
24204	2	40	1279.47491150325	
22481	6	1	110.205609141945	
14212	3	19	631.053333799845	
14070	6	35	1124.95267875723	
12410	9	33	1068.48221947834	
26972	10	27	891.881489833762	
8473	7	6	235.668180620143	
9358	5	19	635.870163066252	
15355	3	28	904.541992891832	
18956	3	3	152.016792964198	
24089	8	4	186.303573374778	
17894	4	29	949.58590052537	
20963	1	2	129.48947964678	
28072	8	27	898.253528409756	
19884	5	38	1232.15220817931	
22692	5	31	1010.04336962944	
20383	2	44	1410.2009854327	
21677	8	43	1384.45923445023	
16213	6	21	700.632419614416	
17513	1	49	1569.27884823143	
19887	5	20	671.564369439876	
23541	5	16	564.75461982412	
9445	5	45	1420.2992210818	
28963	9	29	937.5408418372	
29480	1	26	865.486005053616	
16060	9	22	744.221358012511	
13212	9	21	705.951484770491	
14470	8	12	415.305572047506	
16398	10	44	1410.02336314415	
12826	7	38	1204.95834749423	
13688	5	17	596.761191765201	
23800	3	9	333.672827712108	
13923	7	23	760.620126929423	
9868	9	35	1121.89635414718	
8669	3	2	118.115017506348	
24606	8	23	762.337540407822	
26343	6	21	697.185649861202	
20524	8	11	399.02431081935	
18704	10	5	228.729951003906	
17329	3	49	1551.00799837662	
28555	8	50	1589.76648225904	
16211	8	35	1114.62754413235	
8581	5	28	917.121253366173	
8674	6	39	1239.24133619258	
18888	2	20	674.899372511962	
20539	2	49	1542.10933958278	
24077	9	41	1309.54899062847	
15624	6	14	505.538799513848	
24354	1	37	1199.07435826914	
10091	4	23	754.645444506148	
9988	7	2	123.78098929477	
12981	4	5	207.389045119001	
12552	5	21	694.206502909868	
13642	9	4	175.458652123557	
18743	2	17	577.360024497546	
12848	9	24	794.720291679129	
18317	8	7	289.906388060146	
9219	5	40	1293.51249196265	
8734	5	9	339.466673703616	
15467	4	11	404.260861465829	
9235	8	7	265.93000506327	
10084	2	45	1420.36260857264	
16166	8	25	825.846799922104	
15788	1	41	1299.5836453976	
23595	7	36	1155.255601199	
27792	3	46	1452.63074566267	
22965	4	7	268.965773595947	
14858	3	18	607.593125499595	
10374	1	26	860.138510903408	
24490	2	16	549.814667771484	
13594	8	11	392.857719768238	
10232	1	34	1091.17667461335	
13266	6	39	1235.72928344632	
16076	8	23	749.624421237793	
20184	3	50	1579.5123659724	
24561	9	36	1156.93682530752	
26885	9	39	1247.63336645795	
24511	1	6	261.057884889216	
9145	6	9	342.641469325238	
27171	2	28	923.376665470831	
9026	6	32	1034.67236738404	
12348	1	7	280.412685256644	
11907	9	25	816.231213778365	
24698	10	22	735.377918637999	
22544	2	36	1161.17735819946	
25792	8	13	469.3721466462	
20129	2	39	1239.46632480224	
15874	8	20	665.161474805866	
14394	2	18	624.536329649639	
8455	5	28	923.394725827218	
15970	1	16	552.431152347676	
26659	8	31	1003.67315789856	
10015	6	2	139.557637115734	
19075	1	45	1424.46908953808	
8372	5	43	1365.07799331335	
12948	9	6	249.403873686401	
16937	10	10	368.780744210249	
18405	1	38	1217.53760796857	
23131	7	3	163.985734993585	
21685	7	25	822.268626849292	
18001	6	42	1353.14356598684	
23097	6	24	781.955865128877	
8501	3	39	1245.40028861044	
25705	10	22	729.259690497657	
26480	4	12	441.78772473791	
8242	5	19	632.604314681424	
19635	5	17	571.659761672681	
28992	3	49	1544.58208167208	
23335	9	4	195.946286151161	
10174	4	31	1020.42319919002	
13928	5	36	1147.08692522118	
16557	9	1	108.84850317093	
29694	2	32	1030.87102263741	
25197	7	31	1016.09000823278	
20126	10	30	969.58849408179	
14081	6	50	1585.51731980663	
21771	8	20	684.131394794272	
14671	4	3	170.468881284105	
18051	10	5	218.406287198144	
27269	7	23	765.883454552797	
25290	2	8	293.16442086043	
17761	4	37	1203.80429879008	
25801	1	50	1583.05679584996	
26326	9	48	1536.74378507619	
27345	7	50	1597.38351542381	
28274	2	30	989.184561869681	
9898	5	32	1031.61903749761	
11047	6	44	1411.26019390824	
13192	8	30	984.54642792444	
15531	9	44	1410.108492286	
23237	2	26	868.156081097273	
23324	5	1	110.095758489378	
26960	7	4	177.072149895631	
29862	4	35	1120.37284247595	
10148	9	36	1170.23309948399	
14879	8	9	332.716502255162	
19278	1	19	635.012396646204	
16790	3	3	166.971523280708	
11265	8	10	373.590193900089	
9609	8	18	608.573043518035	
22259	7	47	1497.71238497352	
22809	6	40	1294.88424313016	
9335	5	16	549.215188654706	
20934	1	37	1204.11313045961	
25659	2	43	1376.30780060604	
25175	8	15	523.582649176746	
27973	6	50	1572.80213526115	
11057	4	22	723.46762888295	
17535	9	15	534.880595456288	
17269	9	43	1379.56067350673	
28078	10	36	1165.27247889213	
20405	7	7	278.311862926144	
15788	1	33	1079.13132077043	
9893	5	31	998.102280440788	
19996	9	18	609.104205988862	
20150	5	5	229.339267196757	
9535	9	24	798.89906927892	
19227	2	41	1308.65650353425	
27331	4	22	731.876175073849	
14846	3	32	1052.60316286823	
10409	9	37	1200.98527718381	
25741	5	23	760.399567764438	
12200	4	19	640.035653747635	
22533	9	11	385.837793865166	
25654	8	6	232.267118092751	
29386	10	35	1116.9911667318	
13430	2	48	1531.7763532753	
13667	8	48	1510.49818016146	
24859	3	45	1445.85690874879	
19402	3	21	716.871991826627	
9181	10	32	1030.50492316042	
23300	6	18	597.159871513564	
11060	5	44	1396.87868738402	
22878	9	38	1209.83324368011	
25368	7	26	868.171069579279	
20468	10	18	598.280177730266	
28565	4	22	734.589110135375	
25757	8	13	458.943665390342	
18272	10	6	240.435984470153	
26420	2	36	1153.80086624706	
18860	9	31	1016.38242660853	
21643	6	11	388.151408614661	
29689	2	29	956.379598451955	
26328	3	38	1204.98575441771	
16790	3	9	324.836013393866	
17105	9	20	669.844218171129	
23174	1	19	630.964437718952	
22617	9	23	778.969869454843	
11912	2	17	591.268636487084	
19095	3	31	1020.89383228724	
8278	5	35	1133.81743297624	
10242	6	28	926.355893111953	
14243	4	32	1035.09534820686	
16597	10	28	920.987031031859	
27507	3	31	1007.58776633422	
24925	3	25	817.31281720908	
24502	1	22	734.84858938253	
23440	2	6	243.37739478954	
28716	3	32	1051.84601236686	
9434	3	9	339.316633874232	
9763	9	17	591.806295901447	
18331	8	3	142.303955099687	
18486	4	27	877.610720134159	
28577	3	45	1418.00860362966	
17537	3	12	429.055750346303	
22106	5	19	648.112607378565	
19952	2	14	481.433175542128	
21609	6	46	1469.29807709032	
26729	1	5	209.931210861509	
26590	2	1	90.8240282585956	
8822	4	34	1094.75015706138	
28666	5	12	419.955403888577	
23266	1	36	1148.2205190641	
19043	7	37	1178.07530882679	
8999	7	2	116.220736259697	
12792	10	27	892.833868569151	
29484	10	44	1404.01996931248	
13308	9	32	1035.04989932992	
14676	10	3	141.0017804713	
15772	3	36	1162.42289992162	
22552	10	16	566.026729012852	
11984	7	25	832.806483820456	
22868	7	31	999.229543674379	
28277	5	14	504.963076461555	
24940	4	37	1183.05455885038	
11350	10	4	184.14903004847	
29432	6	36	1162.06452330671	
15821	5	16	555.891656352157	
18694	7	7	282.245477345886	
20584	5	2	130.858252370198	
19899	3	46	1463.43158834774	
25745	9	17	571.211715345835	
8145	7	31	1007.09765302348	
17111	2	47	1501.11935059592	
18313	6	19	641.994570345615	
20108	1	29	954.078471508845	
27006	6	34	1110.5406884805	
14116	2	35	1138.37099482229	
29964	2	26	855.930004071412	
13080	3	40	1276.7234060153	
19156	4	7	268.411042629001	
25091	7	23	761.666360628636	
19371	9	19	649.038658593334	
8760	2	17	580.444608228488	
16655	7	48	1526.14367522585	
20506	6	24	793.862029087666	
26406	7	43	1378.13537404786	
27201	6	46	1457.02003938007	
12878	10	27	884.766294772162	
24728	3	4	194.753897765071	
27295	1	31	1013.2928478966	
29468	3	41	1299.79869005261	
28962	3	4	182.37561431824	
13272	5	47	1489.42311244524	
29824	4	43	1373.28990486138	
19154	6	43	1358.99981208099	
21095	7	22	743.074411425309	
24393	9	13	452.647643672604	
11557	4	8	314.954044779276	
25789	6	9	324.906720297833	
15107	5	34	1086.04808407186	
16913	1	48	1525.54151918997	
15153	10	40	1267.05259974443	
9673	5	3	159.072958491311	
28749	7	5	227.392439910859	
20052	9	18	603.538441715547	
13782	8	31	1012.8577508651	
9102	8	39	1247.10116846818	
17996	2	18	616.080738481172	
11653	10	23	762.142264750852	
23594	3	43	1382.29318008865	
27413	8	9	345.648974490188	
11488	4	6	259.119895258509	
29703	5	13	464.278374455999	
23071	9	30	974.01185729262	
26021	2	44	1404.36036838422	
28584	1	7	263.767825227123	
10791	7	14	498.78493544589	
26163	7	17	578.819401235701	
20123	8	13	469.192529762719	
9568	3	11	406.013656000613	
9609	8	41	1305.04448392663	
8299	10	40	1271.12536157999	
23071	9	3	167.491579580815	
9772	4	21	717.565404473602	
16735	4	6	243.632898295127	
18789	10	13	468.836101027595	
19048	4	35	1117.67454057824	
24384	5	5	207.829445734541	
26786	5	27	882.994758264625	
21172	10	7	291.004060083536	
27828	7	22	737.893044807898	
27583	2	28	903.416950043019	
8828	5	18	611.023283773578	
8650	7	7	270.675321943441	
28207	10	9	342.86952343903	
22520	2	34	1094.61376088421	
20276	8	17	569.965700102023	
10186	9	12	433.052168317629	
27760	8	31	1002.60523351031	
22856	3	43	1381.00427822257	
29052	1	5	211.03420557968	
13059	4	28	920.9393008989	
26210	7	5	202.62403002131	
21718	1	11	412.460717676422	
15494	4	22	747.643873406408	
20438	3	35	1120.6787947941	
11798	4	41	1318.09723986224	
23683	9	17	595.411255152622	
24655	2	49	1568.92953647716	
20349	10	37	1175.23198685387	
19511	9	9	324.289475979418	
14325	9	46	1473.8282424369	
16854	10	45	1445.76151501656	
28983	3	48	1518.89306429722	
19854	1	43	1381.00360014523	
23270	5	9	334.416157609977	
11091	3	37	1179.56102016361	
10065	5	32	1041.50755401771	
26453	6	50	1583.75954161573	
28860	4	5	214.702340687952	
22524	10	47	1495.18321028686	
19803	4	35	1119.27172273364	
20363	2	42	1333.08598021655	
27007	6	16	551.138204667316	
24004	6	22	724.400135280751	
29213	8	32	1042.23202444717	
9437	4	39	1248.09661148493	
8440	5	7	273.603052512558	
15847	2	21	711.14233385359	
28541	10	11	389.74660750001	
24592	8	40	1293.8021251251	
21016	8	3	145.732767128261	
26710	3	37	1176.21416772539	
16713	1	21	688.188251540152	
29862	4	7	274.979450420933	
11350	10	13	464.105183027734	
29246	5	36	1148.50133155868	
8234	9	42	1355.03086190439	
27569	9	50	1569.92153106719	
21537	7	22	722.954103501027	
24907	1	23	750.738861165354	
19182	6	18	602.263285425614	
10528	1	6	238.899909257377	
14180	9	41	1307.76277141076	
9705	10	49	1566.71458410412	
27456	3	26	864.064802370996	
17544	1	33	1057.65543502646	
22856	3	21	692.130219476358	
18313	6	14	489.671721798215	
12799	10	1	88.453365829053	
27969	1	48	1515.05274072059	
21235	10	35	1128.45814608431	
9801	7	13	449.292626701897	
15229	3	26	867.902892822355	
11931	10	47	1485.8210679357	
23644	2	21	691.762482846045	
18326	5	37	1187.85332068235	
24199	7	39	1251.48582535399	
20557	9	40	1288.06058239567	
8460	2	41	1305.41184895924	
16397	5	46	1472.58218330917	
10500	7	35	1124.49418734968	
12067	1	47	1484.26892129903	
13410	7	39	1259.18292897715	
25443	1	47	1481.42986172877	
9577	6	6	258.556708851157	
20755	10	10	377.614074711508	
29860	3	25	837.573263476404	
12799	10	41	1323.91361387629	
18752	6	31	996.898417117493	
22705	7	24	785.914826051292	
29823	7	45	1424.53015825922	
11457	2	33	1071.58602295052	
10457	5	29	940.805438114705	
19671	6	33	1063.9634795226	
17239	5	30	972.919924861249	
24989	7	29	960.371813476259	
12236	2	1	105.32320880579	
22565	10	17	584.423620563198	
14891	7	46	1460.33533290976	
22409	7	50	1584.57658942071	
16963	8	19	635.966392008572	
22730	6	43	1383.93133071434	
23714	6	21	702.688968024537	
29805	10	13	474.69386677942	
25260	1	6	245.343979040787	
16620	5	41	1296.44014042636	
23268	2	11	388.31127490304	
24007	8	24	802.367183604449	
28611	2	37	1183.21696757489	
9045	1	27	876.251862345381	
27208	4	47	1497.01550620469	
10188	1	3	146.970279508722	
21551	4	9	344.509682107954	
21507	7	26	850.371920191856	
27269	7	38	1226.24467381567	
11289	6	21	717.994364126583	
15613	1	17	579.716980280223	
8902	8	45	1426.33290968199	
23061	4	44	1388.15787525296	
29813	7	17	566.450727659487	
26839	2	8	300.082171550059	
18114	1	30	968.21660560007	
10069	5	34	1092.77330468072	
