idEmpleado	idDepartamento	ventas	importe	
28733	6	46	1473.32401407572	
24004	6	36	1151.14813567658	
22776	5	4	171.851597769117	
22207	1	17	571.19447604343	
13702	7	19	631.354813497213	
18393	9	39	1245.88637026301	
18249	1	37	1188.13572786196	
11047	6	32	1049.71107524341	
27318	3	29	957.974290548812	
17945	8	22	719.979507736852	
15243	10	5	208.133278176251	
27938	6	15	524.478676004558	
25905	10	28	912.195619583221	
17561	4	1	104.371532213116	
8523	1	14	499.787801923132	
20740	3	35	1134.54814624719	
12574	2	22	742.393049868938	
14725	9	38	1207.58388348277	
22577	3	6	249.768446427662	
21725	8	25	834.807928183492	
23187	2	42	1353.20980805587	
17227	8	17	594.053661503854	
12214	5	23	760.876178984007	
22008	7	21	714.134672877442	
16874	1	14	492.709877049881	
25815	6	22	718.730419203048	
10494	4	37	1194.83967892585	
23245	7	12	432.636702262162	
26870	3	41	1314.1028235639	
18666	3	4	193.232607186415	
12267	1	17	587.393166845382	
14543	5	35	1126.48451492492	
21210	3	29	933.529092098367	
27135	5	40	1292.88912088279	
10793	10	21	707.879441263098	
19858	2	28	927.466340310623	
12653	9	10	380.086931465234	
21592	2	44	1402.24735340208	
17921	1	11	389.86032489215	
13982	5	14	482.789837719309	
8769	8	7	267.364639056551	
29912	6	36	1148.44269344045	
10737	5	17	577.025021024526	
16453	3	19	634.393521544707	
26187	9	36	1163.49448649375	
10556	3	10	373.158500703591	
28861	1	23	750.719271242022	
26400	1	17	573.499312593368	
23449	4	50	1590.44564112576	
10781	6	42	1329.0970529472	
29314	2	47	1506.33487801363	
25348	8	10	360.678700302112	
17584	4	7	266.017623555855	
15298	7	32	1039.6478787808	
10945	8	43	1371.03172682739	
12580	10	29	959.270352571863	
17581	10	13	470.271956692576	
13019	6	33	1057.71692489168	
21324	5	3	158.484598993549	
26919	7	48	1512.62439429417	
24431	5	2	131.046691337156	
9869	9	25	835.499025599798	
12752	9	42	1335.60825167951	
19208	9	26	844.741683362397	
17911	8	5	212.58634089147	
23409	9	20	681.648763251327	
25638	6	37	1190.94958390619	
23750	7	38	1219.30649870043	
11614	3	31	996.492090950018	
14202	6	36	1172.32146161251	
25199	9	25	834.461214781954	
24883	3	29	940.145696466857	
10658	9	27	897.723558590619	
23887	4	43	1366.97860870835	
26769	1	19	647.443289126942	
13607	1	7	284.767114615425	
24829	2	1	97.0286404793284	
26497	1	5	206.4826574393	
28456	6	36	1150.64018638369	
17130	6	4	199.55137634629	
13683	4	49	1568.01114796103	
9584	1	21	701.340366332485	
13524	10	12	442.191061136402	
27722	10	50	1585.0057706167	
24882	4	7	286.897729172789	
16388	4	8	306.71446654327	
19952	2	29	940.466891369068	
11298	2	47	1493.88121331757	
19795	4	48	1521.8573940554	
12387	1	42	1348.60908869124	
25541	3	16	537.194383618047	
29585	1	28	922.370006573559	
18327	10	41	1323.76275440853	
24384	5	14	477.235930597985	
25743	6	12	431.743146382153	
27514	3	32	1031.86561345675	
27925	1	44	1412.83444176094	
21122	4	42	1332.28333766213	
29862	4	14	501.807180653236	
29763	1	16	561.845723242427	
20757	5	24	782.2089167974	
27828	7	35	1131.41277254159	
21142	10	37	1177.00722164335	
29685	10	14	498.124179513252	
13644	6	17	574.635838165244	
9768	8	19	646.189181546769	
25683	9	33	1062.95514171149	
9249	1	14	499.039014847502	
29077	4	13	472.204589653855	
20658	6	36	1166.26461221197	
24592	8	29	942.241712092535	
10927	4	9	343.789299253276	
19735	9	47	1507.07673850799	
18156	1	49	1558.93322264726	
16212	6	49	1544.61324633314	
18913	5	32	1029.70632500467	
19665	9	13	473.307964463396	
25564	3	42	1350.6024810628	
29279	10	19	637.843954189608	
10918	3	47	1505.8718743482	
10498	9	42	1341.18187188226	
28173	5	41	1297.06837058862	
29064	8	41	1297.44910464503	
22895	8	39	1247.88300225878	
12390	2	21	715.127077994462	
20723	4	48	1512.09120820839	
27855	2	38	1216.38294205832	
23102	1	14	500.487627992634	
10475	5	31	1015.2354623262	
11756	5	38	1215.57767567019	
28340	1	13	471.932672854482	
23252	2	10	364.7453028172	
22510	6	41	1304.67547678606	
27379	5	20	668.79446314126	
17809	8	31	1017.34245954889	
25834	2	15	516.598375419433	
16050	9	35	1124.33314468913	
12001	4	49	1544.06688162315	
10521	8	34	1090.36993245146	
18800	9	39	1240.70854762602	
18677	10	26	843.759324831776	
27456	3	15	521.427876521567	
29362	1	34	1101.67662366371	
8331	8	12	435.592781843428	
23120	10	14	486.367376598701	
23783	1	7	273.40508436477	
8102	2	31	1015.29326806557	
11185	7	43	1364.82953176127	
15694	10	15	532.622684264846	
19705	5	31	1002.03682137748	
11567	3	19	638.557648993357	
12813	7	3	142.231960698139	
24661	2	23	774.439383472521	
21120	9	17	595.935306305036	
21167	6	25	820.663851360168	
10159	10	34	1085.14054620878	
26692	6	45	1433.96366789656	
21568	2	48	1529.12421938457	
29866	2	43	1382.99710151879	
16453	3	20	662.544629956849	
27035	5	32	1029.80623948844	
10011	3	19	642.46751371886	
12917	5	34	1083.8035525213	
15725	7	26	856.626913983667	
15798	6	23	774.331939357488	
21700	7	19	657.496409275334	
27705	1	19	639.113822467212	
9252	3	28	918.282275366728	
9384	3	18	621.59076309837	
23435	2	34	1108.01487091371	
14128	10	47	1505.37318031554	
17410	3	15	529.241082840246	
23574	4	9	340.232548611347	
17052	7	31	997.135406563587	
15149	2	22	742.112549516425	
13189	6	27	899.753995360692	
10081	10	7	275.391746924907	
23405	8	29	941.856322801605	
22752	1	26	841.515625660082	
26693	10	15	521.721993629691	
21997	2	17	576.797940142824	
23671	5	46	1451.55341029705	
24757	5	49	1567.86494372779	
22404	6	1	93.1986409487196	
22636	6	19	657.020026676832	
14399	5	11	409.700712156343	
15725	7	37	1190.30591934468	
8103	1	24	788.740170481028	
15847	2	46	1448.13061178109	
28459	5	48	1532.20191334011	
29095	3	20	682.634707522874	
25348	8	37	1195.20892530457	
29166	9	6	241.06978010436	
19174	10	15	507.825302494608	
14205	4	7	290.902308137576	
21552	2	7	281.291811112916	
12640	3	32	1037.62432400027	
15792	9	9	325.049709680048	
8530	10	39	1261.26084248594	
20985	9	45	1428.87096732337	
22658	10	38	1234.29126189756	
23469	10	4	177.010992698842	
19954	7	25	823.238768662903	
14354	6	32	1024.60781335114	
13661	8	34	1096.66364106194	
11893	3	4	189.316566153111	
16239	1	44	1401.99941208679	
16152	5	43	1377.30397690893	
23491	10	46	1453.82275678861	
14053	2	48	1520.90985599948	
28725	8	27	889.748799283872	
11919	2	17	572.107345094954	
19587	8	23	767.608593724486	
15641	7	29	941.275107889099	
23838	8	3	165.746689814025	
13567	7	37	1178.25282919139	
10904	9	20	674.602569991072	
19289	9	33	1070.60491157258	
10854	3	7	279.606887306835	
15057	5	12	444.631227201145	
11300	4	33	1067.19048993066	
14072	6	46	1450.37365198618	
19874	1	33	1070.15166358564	
18066	10	21	689.388849758259	
15069	6	14	505.380163390832	
11829	9	11	390.164255010972	
27855	2	10	368.171302735885	
19190	1	45	1432.40724611674	
29436	7	24	786.233098426011	
9704	1	16	540.820738403509	
14176	2	46	1462.12967136043	
11637	4	49	1550.34203724486	
18067	8	40	1280.59548031566	
10532	5	31	1012.64465833672	
12343	1	27	887.430731732133	
11298	2	14	479.786947443982	
20900	10	21	708.314641634149	
18596	9	18	623.257130376649	
20168	2	17	596.534999886777	
9840	4	16	547.703460523721	
22729	6	18	607.701300069551	
20466	6	44	1413.00194243575	
27013	7	29	934.917413692417	
11368	6	48	1527.22075578162	
22014	9	22	722.453114056239	
24828	3	4	190.52736242792	
26134	2	15	507.60033158008	
20326	6	27	899.794672215262	
11092	8	12	422.078612680584	
24350	5	21	712.649478946184	
28489	7	38	1206.68924112184	
28929	4	49	1567.01941242768	
25879	8	2	125.442822373213	
19295	4	27	896.629615284796	
21147	6	12	441.680477392711	
19345	9	43	1383.91760991137	
27655	7	21	706.859329113205	
25165	1	5	213.849918904644	
14940	7	18	599.227649960307	
15630	10	24	786.499386050971	
27706	2	45	1421.14526341723	
16664	4	49	1569.59216597005	
25745	9	20	671.070878482922	
18743	2	31	993.002018385102	
23261	2	2	138.78018463905	
9695	3	29	939.406762039013	
11964	5	27	891.51186477929	
16352	9	42	1354.96393538777	
20561	8	2	133.844376156965	
21317	1	40	1285.95974237004	
23934	8	16	549.938187557244	
14532	6	2	131.345439614423	
29527	6	16	554.069911685805	
9472	4	42	1331.90342678311	
8179	10	45	1436.92992713159	
15697	5	39	1254.18854749491	
9766	5	17	595.456238293767	
9295	2	35	1142.93090780402	
17324	10	49	1566.93573570202	
11383	10	11	394.852800962912	
25098	2	47	1482.56392343089	
27891	3	33	1068.37663052062	
18480	9	34	1090.32863343615	
18745	1	3	153.583619479827	
27792	3	29	934.131497281665	
27581	6	47	1495.11025893274	
24537	8	47	1504.89921487165	
29436	7	13	463.965865030869	
26917	2	19	650.964180944005	
8990	3	34	1103.51312182076	
17306	3	43	1372.92761833078	
22892	5	17	574.464722729505	
21820	9	1	104.029480416341	
22404	6	44	1410.03561383581	
9515	1	22	726.558197106495	
11265	8	19	638.109134099497	
8827	1	25	821.931063952824	
13043	1	49	1541.91539530732	
20802	3	46	1468.44057114257	
14721	9	43	1383.04635201723	
16275	5	27	899.01549764863	
28407	6	23	752.636396192311	
18712	6	26	845.950296058296	
15030	8	22	736.118870310541	
19832	5	6	242.71129138894	
29660	6	36	1155.34380150742	
28406	3	34	1092.94950074188	
20419	10	11	393.539395590098	
17139	6	33	1059.6996881532	
13863	1	24	787.491929897802	
12600	7	26	868.461371617607	
24805	3	36	1163.92842130918	
12063	2	6	246.914183202625	
26090	1	7	284.374848997395	
16327	5	28	903.935462620079	
12354	7	12	432.768632896602	
26435	8	16	559.263532533899	
22902	8	18	597.487259003095	
19952	2	2	138.870521103437	
27141	8	6	243.669925706307	
29250	4	32	1034.50754716737	
14400	8	15	507.545999748421	
26701	4	24	783.999754443765	
16212	6	19	630.331254336206	
20950	8	48	1513.03212403927	
14003	8	50	1575.47346482774	
18501	6	1	107.315959198082	
14316	3	22	744.034297849999	
23173	1	20	685.34522967662	
29823	7	27	878.820793032097	
28814	8	15	512.257483542085	
8512	8	19	653.540842986452	
21235	10	40	1274.49033666146	
27576	4	7	263.889383684792	
18362	7	34	1095.83730331428	
28942	4	25	809.927527238581	
22510	6	8	302.426334462327	
17287	3	12	434.209763125614	
14596	8	48	1510.87232809089	
20558	4	43	1378.78769577424	
10553	5	14	482.160758190863	
25801	1	37	1191.35981928155	
15965	10	31	1004.26617687767	
19996	9	46	1463.4722510462	
11010	2	8	315.051750203153	
28241	6	7	288.999197021592	
25198	3	11	407.550539526879	
20660	7	45	1419.65463141895	
23906	9	17	586.100151215727	
27872	4	10	373.789564209892	
22911	9	3	158.845601565598	
8048	8	8	304.443804949729	
12632	1	47	1483.04487420388	
10141	10	41	1304.77064543626	
8312	10	12	428.538804849861	
15644	6	13	471.469497900209	
25440	5	49	1568.63664174855	
12735	10	8	295.619041722091	
18091	9	25	823.086746271274	
27812	4	7	267.2378265612	
28844	3	35	1128.02784230934	
8918	2	12	428.91520289188	
11888	2	41	1308.19416591348	
20732	5	6	260.878895121105	
14960	2	10	355.234446355717	
27650	9	8	294.920528631155	
17133	3	47	1489.43808464773	
21748	8	50	1583.02479951783	
10064	5	24	788.537545683113	
25462	1	4	174.007935381498	
14890	3	5	210.342298434275	
25630	9	5	205.053769408285	
24706	9	20	686.614930912207	
19614	1	10	360.082825329193	
26023	9	43	1361.50916751544	
11130	4	45	1443.14772788582	
20489	4	34	1103.27982287075	
19715	7	28	920.527503397561	
19536	2	11	395.279504133053	
11261	10	41	1304.03292701767	
8518	9	39	1247.92292530086	
18337	9	7	287.661327779135	
29334	7	6	237.934146634272	
20489	4	11	391.555665466728	
12587	5	24	799.975191466499	
24989	7	7	287.813678592357	
13689	5	23	770.495968782574	
26919	7	50	1569.7196912252	
11501	3	45	1435.35057883493	
18313	6	21	704.367805414073	
11447	9	26	841.290885490035	
17125	10	1	86.8072927402366	
28851	3	38	1211.12301685434	
24464	2	41	1323.63450152969	
8937	6	9	330.759853464905	
19269	6	2	133.245555298983	
21520	2	47	1483.16565336807	
24644	7	25	823.387281756563	
24590	3	37	1188.23780469049	
26124	1	1	100.131221571998	
29274	7	11	399.561112373863	
25538	7	12	424.525740009046	
21507	7	21	711.117085735834	
17753	1	14	492.092215834228	
16910	6	6	243.447265775617	
27973	6	49	1553.79183215731	
24329	5	38	1217.82887403752	
8650	7	37	1202.96204887468	
8308	3	49	1543.26147792081	
28131	4	17	585.391076964043	
28352	2	30	968.189675029456	
12848	9	22	728.109138350985	
19615	8	47	1500.33953758904	
13562	9	35	1119.0538192536	
10280	1	18	619.31490126034	
29894	2	28	920.366514530204	
12056	1	7	270.981056257608	
8168	4	31	996.638500446751	
23838	8	33	1060.90370365461	
8976	9	3	147.42076776336	
12645	6	35	1124.42455984858	
27189	8	48	1519.71839342253	
9444	1	5	227.674220682901	
12955	1	3	164.16974026904	
12229	10	29	932.717049891463	
19635	5	5	203.535005694039	
10435	1	17	593.930752553945	
16287	6	30	962.98042938252	
17434	6	1	109.322971864288	
13641	8	41	1308.26361221646	
27734	9	49	1559.98207451775	
8568	3	10	359.892541114191	
28182	2	42	1332.28969870707	
26895	9	10	375.148282561055	
14947	3	30	984.471814643811	
15404	1	28	903.397185291814	
25725	2	37	1176.5442420433	
25052	10	42	1345.84193080004	
19816	6	5	228.108399691111	
17247	5	26	846.183359309185	
27635	8	20	669.984804554835	
20654	3	36	1167.53391990789	
11531	6	1	106.458213304383	
24888	8	28	929.959501870889	
18082	4	42	1336.17813038462	
20324	10	4	193.181747139051	
14780	9	4	186.467755151199	
11137	4	4	172.06919760074	
11395	3	24	784.319600269347	
29432	6	31	1010.3933389347	
28520	7	46	1462.26449904138	
29912	6	17	566.527152921319	
25214	4	43	1362.48357810196	
21097	8	35	1120.81703692713	
17698	8	17	575.706661723417	
23349	8	14	479.842718951331	
10100	5	7	276.851519326145	
10235	10	18	626.947345466794	
26210	7	36	1159.37516594277	
13784	3	2	119.912260081578	
17125	10	32	1039.86107960337	
8734	5	9	334.848444655001	
11981	8	36	1173.6390770104	
25363	10	8	314.997865704353	
20129	2	18	625.409002446294	
26808	4	21	688.297133915265	
29868	7	31	995.81943964391	
26818	1	38	1205.19125502798	
12593	6	5	214.582004609789	
29111	2	41	1315.91771596853	
23701	5	42	1343.8222724869	
26710	3	15	525.139125457564	
20595	7	26	848.53010075564	
18752	6	8	294.720344345421	
13403	3	33	1077.43596320852	
12010	6	49	1556.89063994069	
10905	8	47	1493.26018011815	
29228	4	27	897.714718812013	
18595	3	12	427.991609884422	
25450	4	25	819.535302752413	
18965	9	1	97.0672505428396	
26495	6	14	501.861554953205	
29880	5	6	258.660829113173	
11964	5	21	698.929632929587	
10061	3	45	1445.99911317509	
26276	3	33	1073.45492159643	
29140	2	18	597.408963012234	
29292	10	7	291.472661779948	
9181	10	44	1399.44162083764	
25123	3	17	584.629095692481	
26365	3	21	706.54566596567	
9958	5	19	629.596896576507	
21439	9	7	266.466764857279	
25420	5	4	188.196139609533	
25815	6	44	1406.32227970582	
12522	1	12	415.136359899834	
12381	9	50	1593.89484289749	
21753	8	44	1391.46034760003	
11644	8	11	384.550499424595	
23374	10	22	727.880996469353	
17079	7	24	797.362307495141	
22130	7	17	581.276500123216	
14062	8	49	1557.48719299095	
19089	5	33	1068.40188430082	
15944	10	40	1266.5710664478	
25274	2	31	1017.12537358381	
19202	2	41	1317.99705216568	
11666	5	36	1147.76323375654	
15821	5	2	123.381073718602	
25227	7	18	618.816021782726	
25845	9	17	586.582538833182	
9319	4	30	979.136800514132	
24215	5	7	278.955735582372	
16709	6	12	419.839863190353	
19735	9	1	102.845009538739	
20006	9	18	617.999524650164	
22143	3	3	156.187615541829	
9154	6	16	554.70944408081	
18632	7	13	468.998752529267	
25387	7	36	1151.95408084986	
14365	7	3	170.888170903031	
20387	10	24	784.346777863962	
18678	2	44	1405.74963419035	
14086	1	38	1229.95290891731	
10079	9	21	689.372050002856	
22895	8	24	794.225375910395	
28860	4	9	338.672360600285	
16361	8	22	740.333961146108	
10690	9	14	488.398064639605	
12244	5	22	742.299603308691	
21046	2	49	1562.9957970432	
28199	8	4	181.799832518119	
17657	5	17	593.164219387418	
19871	5	41	1300.11061341507	
18108	1	1	102.172995257272	
18704	10	35	1115.79075041962	
10155	8	16	544.374361962254	
23961	9	24	790.258944812351	
29007	3	32	1032.35856648179	
10835	5	15	508.873739591275	
24749	3	42	1355.45786943075	
23720	5	32	1049.6457292557	
13650	9	6	248.091588061346	
29716	7	26	860.625599054911	
10183	9	50	1598.0465568593	
9133	4	42	1327.40886545154	
29248	2	12	430.641160994135	
12578	10	45	1446.62690166693	
17581	10	3	165.351130070794	
15664	10	26	868.322755055652	
19177	1	9	338.948744358005	
8228	4	35	1119.18539881668	
16227	1	31	1002.46159507076	
15349	8	25	832.59641857473	
8398	8	19	636.992825566322	
24896	7	1	93.0155296311786	
13534	9	23	775.52686593287	
24061	9	11	407.534284073643	
9265	5	13	459.029834297965	
16172	4	16	552.345690537405	
18013	3	23	758.453012983526	
27643	1	20	657.66309101957	
21220	6	22	739.365169116932	
8871	4	30	981.081470409912	
29107	1	19	655.820224739527	
12460	5	14	484.782706315062	
9031	2	13	465.972581126714	
22273	5	17	578.845122167303	
24321	7	11	397.666867933081	
11954	10	17	587.054259119115	
21009	5	3	153.625162687909	
8247	6	30	965.928670729477	
10141	10	35	1122.35087759902	
21424	4	49	1560.12501293799	
23123	8	44	1396.49621141911	
25199	9	22	721.242441647333	
14976	5	18	616.255189802616	
18163	5	18	625.124035135435	
21308	8	38	1231.90635205801	
19282	5	30	961.963184551319	
28405	4	12	443.584214916259	
23480	7	14	492.04545893336	
28693	1	19	654.982831075314	
22341	2	38	1220.07530958395	
15664	10	14	483.350858950685	
20856	6	15	523.810398226516	
14241	3	24	779.338237447356	
18128	8	43	1360.56780081269	
16019	6	22	743.117787848747	
23277	8	1	89.1574656260933	
11395	3	12	420.263884486753	
22396	4	5	216.840077888612	
27560	1	11	411.229110514386	
23912	9	16	560.012875944382	
15402	4	42	1350.42072660775	
14894	3	23	777.794778411181	
10279	7	11	390.280560138766	
19666	10	26	867.010117651434	
11694	1	7	284.805374315384	
25391	2	37	1193.26385054424	
25630	9	29	941.436284324823	
29171	2	46	1451.79603882683	
23541	5	35	1128.96003373384	
28209	3	37	1178.29687095168	
14690	7	24	794.697592367743	
16267	2	30	973.020073628528	
20985	9	50	1596.83452121766	
26800	5	32	1042.33658213277	
17363	2	32	1036.10020715562	
19880	3	48	1515.75038391899	
28719	5	33	1076.76033982856	
21837	7	5	230.402830797435	
27875	5	23	775.627932015633	
8942	8	34	1097.06664974665	
14153	5	4	188.761475621146	
12905	4	9	346.407554050166	
28274	2	1	82.6802599442565	
29612	10	35	1119.28985953298	
23937	2	17	577.730611459227	
10811	9	5	212.009826513012	
20896	10	41	1305.44446886771	
23703	8	21	705.404780314027	
8534	7	45	1435.72733431856	
25316	9	11	388.509402306988	
9230	2	6	246.790374632362	
29964	2	48	1536.7850847993	
23683	9	19	634.699560215091	
16099	1	19	642.338001654641	
20660	7	7	289.704286330242	
9865	3	21	698.701433007932	
25596	5	11	410.961881508567	
13016	4	42	1349.24507215118	
29111	2	12	420.318660820051	
14713	5	2	118.642501513773	
28917	1	1	100.526900226496	
17551	3	17	591.788176089427	
10904	9	30	963.085425199515	
20707	7	33	1076.68596012363	
24799	1	14	505.377717216209	
14631	7	34	1110.33078532216	
26187	9	15	526.975877008855	
24461	7	42	1337.00165531458	
9091	8	11	404.467593657071	
9516	1	25	827.367403929759	
23559	9	18	612.397125797531	
9580	4	7	269.861053689318	
24658	4	32	1041.21214587298	
21405	7	28	914.16246076774	
13683	4	13	451.251400323236	
16881	6	34	1084.01317255758	
26313	1	23	775.114518466925	
27405	6	27	870.990700605787	
22596	5	10	369.279506192207	
10984	7	3	152.795547802372	
8994	4	47	1487.81938167653	
22060	1	8	316.031504010796	
20049	7	1	96.068704508277	
23151	3	25	820.450631426857	
25260	1	31	1011.50649631932	
9290	1	26	857.912507568445	
14088	6	12	418.320513413437	
22151	5	32	1034.49651956302	
9455	5	25	832.63229580253	
12412	9	12	417.398774147685	
17609	7	37	1184.78850241042	
12646	9	42	1327.51526767738	
15057	5	44	1410.08416997738	
27960	1	22	736.98543050186	
18394	7	33	1076.53974952015	
17534	4	37	1196.97329953172	
27342	10	30	983.322128850651	
23896	2	18	605.994299820622	
9455	5	21	693.91214231677	
24206	4	33	1067.39982613707	
14389	9	40	1285.03394950416	
9757	9	49	1568.44281355312	
10951	1	10	380.937186656956	
26419	3	21	688.359930388797	
24566	7	43	1376.11227650946	
14481	4	50	1576.92932094304	
19371	9	17	575.572938926319	
9145	6	41	1320.53709944735	
21130	2	7	271.086601331405	
22502	2	24	805.691113772658	
12479	5	48	1523.58691454101	
17589	2	35	1139.97118090278	
24785	10	33	1059.96556595898	
14081	6	9	347.52311301768	
17434	6	5	230.823119837243	
17637	3	43	1384.4953962157	
26532	3	17	575.71947158115	
20285	1	5	222.634793772658	
17775	9	3	145.179463804317	
11909	1	39	1247.46520964776	
24693	10	23	772.01027190872	
20750	9	34	1092.47935744584	
23424	5	17	584.369359512054	
16718	10	50	1587.06881950939	
17301	8	39	1242.57890151934	
25889	9	27	884.881858120152	
26796	9	13	459.776883711934	
23318	3	11	384.226715371118	
19838	4	45	1437.62271124759	
29374	6	26	854.278100791517	
17956	5	4	180.691043706933	
9215	5	6	249.120218646303	
25378	8	6	257.078558289017	
10127	10	28	901.879680055138	
14998	8	13	467.761598298215	
29601	5	48	1519.37656812341	
9705	10	48	1535.09431735384	
24551	4	31	1007.70877411948	
27747	2	32	1044.3383549174	
24840	6	32	1034.57717537627	
25506	5	10	362.339568642126	
15072	5	21	697.783413966086	
26248	10	26	843.409918231615	
10483	6	1	106.941182029872	
15149	2	14	493.811859606678	
16900	6	2	124.817321507641	
17208	7	9	347.549701718404	
20150	5	35	1142.5610569597	
18096	10	17	586.162310664618	
18425	4	40	1292.04435330445	
10185	1	21	701.25382795057	
24439	2	26	840.687335077993	
23723	6	16	540.814836016304	
18153	2	32	1046.44693266901	
25994	3	10	375.389554228349	
24174	5	7	272.554592058321	
17016	9	33	1064.07345404107	
17582	4	11	393.868367147571	
24585	10	32	1045.78102886946	
19456	10	17	571.230418389305	
25821	6	37	1197.15243723111	
19610	4	7	271.346223555201	
13843	2	47	1482.91438819976	
14542	4	31	1016.80850053989	
11103	7	21	705.000070065726	
24003	2	42	1354.4666958947	
12468	3	30	962.892622613764	
24537	8	6	238.085885903838	
29962	4	47	1479.76151471946	
27311	6	8	311.446551713835	
26240	6	46	1449.40107886186	
19593	1	36	1168.01069746167	
19586	9	23	778.296438855257	
11292	3	21	710.602288428043	
8731	3	30	965.125641005638	
23940	1	3	154.226857942635	
16187	10	9	329.069439214221	
12796	2	16	557.428177482182	
26029	9	36	1173.25695990271	
8747	4	37	1197.7615800117	
9127	2	18	617.332156401748	
14138	6	28	917.21582675223	
13880	1	44	1398.0644047065	
22287	5	5	225.578357943137	
28231	10	6	233.024272840947	
15149	2	29	940.003708628939	
8098	1	41	1308.30538263	
13718	6	25	810.631625620011	
23437	8	18	606.490125826788	
26862	3	7	275.207006239894	
14596	8	15	535.30311408234	
27214	3	38	1221.22595020627	
27729	5	49	1561.92774525002	
12457	3	16	553.107936528096	
13803	3	45	1437.42473814517	
27843	5	3	170.993345086925	
29893	7	25	814.869025766323	
17894	4	45	1426.60141769173	
14476	7	31	1001.94111196415	
29392	7	22	739.345163711973	
29746	3	23	761.924698893877	
10043	3	4	189.463815814566	
17896	5	39	1262.79954224024	
16621	5	10	354.715758950783	
27132	4	45	1442.64327444259	
13650	9	35	1133.2431304889	
19864	8	3	142.390896222736	
13944	4	45	1430.21254758826	
20566	5	3	161.321291663368	
29896	10	8	301.162696285715	
12091	6	49	1543.4851528441	
26805	6	17	586.645276558886	
27495	5	25	820.611407244863	
14869	2	46	1448.01944885776	
10978	3	49	1553.89826198756	
20003	1	10	359.936610478878	
27323	8	13	473.2818188487	
26493	10	42	1337.33603025663	
18255	8	26	863.784227698941	
8938	2	43	1364.99636143679	
23720	5	2	126.161313264706	
16267	2	6	232.260996993753	
15033	8	38	1231.59576007705	
11663	2	40	1284.55450847957	
9196	8	43	1376.1434376315	
29818	10	8	308.17512865559	
25864	8	38	1206.08295221165	
28126	8	8	305.188502327161	
29542	8	27	873.177550282878	
19751	4	27	874.132295918713	
16895	8	29	939.357832176312	
28400	4	14	502.468021522494	
8088	4	36	1155.48706551804	
12385	5	15	513.911796190735	
8404	5	15	515.836881117819	
24618	4	15	507.868340587182	
15602	5	39	1254.41628451199	
14126	3	35	1123.34864575572	
20891	5	10	382.935083500545	
12809	2	21	699.781142352047	
11576	3	27	877.612812406203	
11993	2	46	1478.09283504174	
28788	10	22	729.310333956643	
18121	9	11	385.327429541073	
22107	1	9	331.721853395794	
23988	8	49	1548.65783752345	
22428	4	14	480.614542961407	
17493	4	4	193.908296392257	
14404	1	18	599.209674540539	
24609	9	36	1157.48812766629	
28524	10	41	1297.71152623823	
27189	8	33	1077.5329955097	
27215	10	19	642.817189992786	
19437	8	39	1236.94475052736	
18070	10	21	693.183850447267	
14148	9	18	609.663701900124	
20475	5	16	557.868055737516	
28189	5	50	1578.24503376067	
13426	10	17	578.572321319288	
11391	5	38	1214.468145787	
15496	9	48	1527.16017827725	
26118	6	45	1437.20239389558	
21154	3	19	637.034997305383	
20891	5	27	887.188995744655	
12325	8	30	961.804864109403	
22100	3	35	1121.01713132161	
9218	7	32	1031.15821104085	
17864	5	11	386.699611054128	
18307	3	31	1012.18256773994	
13269	5	35	1126.02992140037	
27957	2	21	705.520325966887	
10445	5	29	949.933173092982	
8491	9	32	1034.40094675608	
20431	7	6	244.003085346894	
10174	4	17	567.383549030583	
22755	2	6	248.068478222968	
19331	10	34	1102.95066303711	
12354	7	28	926.268330535976	
26974	2	32	1032.83265508378	
28999	8	45	1427.48560010804	
17757	5	45	1427.56058569418	
23703	8	34	1092.17465581939	
18310	8	41	1305.97882778662	
26213	1	41	1315.68942261659	
19799	3	37	1176.42076968049	
14893	1	46	1461.82483666661	
27159	9	46	1459.65083152971	
24300	8	48	1518.54231499068	
25136	2	45	1420.72794574347	
16367	8	47	1506.17317921769	
20691	5	49	1550.00028484967	
19499	1	40	1276.17125075132	
21436	6	18	624.77632443643	
29763	1	23	768.466937713543	
24467	2	23	772.620964074796	
29746	3	32	1040.41041851063	
29840	5	28	921.057837736354	
9175	9	45	1442.12133821199	
16517	6	32	1023.52256543167	
28752	10	25	810.704722074189	
16599	6	18	597.499626482604	
25828	3	4	173.914931907279	
8654	3	24	781.725728652312	
8956	1	33	1073.17975314016	
26185	10	15	531.9678016994	
13764	10	12	427.778353145243	
28879	6	2	123.132048753617	
14798	7	14	478.814104645892	
8558	10	23	749.561201496777	
15598	5	15	525.115372224299	
16894	3	34	1106.71303886301	
10146	3	38	1231.59972520154	
23261	2	18	625.412378676893	
24224	6	23	751.086721211247	
24306	5	43	1386.90756009282	
15734	7	15	514.985522457857	
24213	9	5	211.223566108953	
14429	4	28	921.345574688793	
13937	10	41	1310.76822606417	
14373	7	34	1099.98002744279	
17905	5	39	1261.3662997919	
8540	5	34	1112.61589605017	
24658	4	16	565.97166531066	
27495	5	34	1106.00938852225	
29678	3	37	1176.02963655071	
20820	4	32	1029.34907521557	
10854	3	11	405.156848656552	
10776	10	9	345.934009042538	
10127	10	33	1071.3821212721	
16766	3	35	1126.97313051996	
20629	3	28	927.010640486614	
25088	7	39	1260.82932482512	
23896	2	47	1502.74576510431	
10092	5	8	302.127933009587	
27215	10	28	909.985973625437	
17644	2	42	1333.6456537869	
27927	3	11	390.448927167081	
23356	8	8	312.799074646458	
10062	5	26	863.721620917191	
20165	9	25	828.642416535245	
12857	9	45	1418.692787913	
13447	7	33	1060.83672688382	
16000	7	26	848.981113493899	
28312	7	30	975.612573519169	
15956	3	14	479.46014035468	
23907	10	11	398.400559648127	
18138	6	22	730.758872074429	
23424	5	46	1473.68960322518	
19470	6	30	981.559377620723	
22644	1	9	337.635441616939	
11846	7	28	909.186852401675	
29346	6	50	1599.71226304756	
25876	10	5	211.35311214782	
22891	3	48	1523.54253798888	
29964	2	36	1149.33842228229	
21490	6	34	1084.88373043243	
25098	2	38	1207.94326659662	
8100	2	40	1275.71634013006	
24487	1	47	1497.15011658946	
17247	5	34	1102.61872648383	
15761	3	1	102.621504488691	
17370	8	43	1377.19803971108	
25800	3	31	1007.43198337379	
23447	7	38	1222.58807097682	
19877	1	37	1198.10473173768	
18604	10	45	1445.88371403789	
28571	1	42	1328.85396009723	
13955	10	11	403.284445667306	
20448	1	45	1441.10074758581	
12429	2	2	133.261906305916	
16726	8	5	204.536595290777	
20590	7	47	1498.4244914625	
29147	7	2	137.623953771602	
26835	6	16	562.125809528924	
18180	10	40	1281.28723952979	
8136	4	7	280.529572908082	
28762	10	9	343.634782556274	
22079	5	37	1190.35909179149	
12066	10	21	706.549248167569	
11909	1	26	857.629076902582	
12112	8	10	378.590203141137	
13016	4	15	531.467245431369	
13220	4	30	964.374631421815	
20468	10	25	813.746679655158	
18184	1	8	297.78627811828	
17258	4	28	927.298377439053	
9126	2	35	1129.4762126773	
17993	4	50	1579.20322711542	
16750	6	23	752.789510727296	
24698	10	45	1425.10224319301	
24119	3	5	205.702387190285	
27542	5	21	714.732587037018	
16642	5	12	415.648958057002	
13100	6	43	1361.10289443336	
14416	4	24	806.020912046554	
9962	5	2	121.494748201917	
21865	9	2	133.404743510021	
27580	2	38	1226.39304251708	
9535	9	43	1377.50784178148	
16403	5	19	633.576426316787	
21643	6	20	669.546599550893	
16786	1	11	407.474426407122	
10665	2	2	112.588855639374	
20539	2	28	928.297471314807	
22635	6	5	213.098846326163	
13376	10	31	1010.76236093918	
15520	6	49	1542.08830927596	
13594	8	39	1249.2273026189	
13309	10	8	322.25529845909	
24786	7	29	948.808849374209	
24705	4	25	821.248947876156	
14646	3	1	97.5841748051272	
20691	5	19	649.167091962493	
23185	10	22	719.521039686874	
18308	9	24	804.028523342697	
23323	1	36	1171.15425905732	
25946	9	14	492.823408289265	
11106	10	7	273.685303718636	
18371	2	31	1004.80179285854	
18524	7	9	350.806354298632	
9145	6	11	396.407501360591	
14237	9	42	1349.65073298181	
13368	1	39	1250.49493494001	
15946	1	1	95.998504392802	
13304	8	48	1527.55951911563	
25901	5	34	1089.80400825376	
22138	5	36	1162.77553340549	
25792	8	10	376.521059338246	
28130	2	42	1356.10489748237	
16845	4	39	1239.79249132787	
13129	6	5	227.124829398061	
26895	9	21	717.241740039197	
16217	9	44	1412.85125001001	
29720	5	3	152.972821850783	
17020	9	7	268.082477351689	
12995	1	50	1571.11577673401	
19504	6	14	498.878389791995	
9772	4	2	116.077160107008	
13192	8	20	680.647833328996	
10114	3	27	887.0239171791	
14053	2	30	985.210068163094	
28369	3	47	1480.24891005841	
13586	2	42	1336.94792865633	
24785	10	44	1403.98066135309	
23317	5	20	683.853295316851	
29386	10	4	188.118212385158	
25661	2	3	145.565495074524	
28834	6	41	1296.12791837013	
23119	7	19	637.074371090659	
22106	5	38	1234.86665298923	
14582	9	38	1228.67133991265	
22911	9	46	1459.71943979138	
12721	2	8	301.591249658536	
15190	4	34	1106.70148748285	
19996	9	8	317.168924956196	
25975	8	28	919.895866569083	
14598	7	23	756.979491467112	
29678	3	1	96.5903512465723	
16298	9	31	1000.73795219918	
11872	4	22	723.294838072404	
11227	3	45	1447.98682753369	
28035	8	39	1245.56724993771	
17367	8	47	1493.12240513653	
22455	10	20	682.462807131215	
11398	7	24	801.684019976148	
10188	1	4	184.007207836959	
23932	1	7	284.73292479512	
11942	5	17	576.194270111711	
28293	6	15	531.438562335185	
15515	3	25	832.912746608682	
26483	3	23	752.275869265327	
29124	2	13	456.746248182257	
8566	4	37	1193.03747038964	
16745	1	4	197.777875679442	
24208	5	30	965.596286135538	
19355	7	15	516.158591302186	
20039	7	1	92.7028043254757	
29958	8	45	1446.51427358692	
24048	1	31	1012.14520907595	
22775	8	45	1419.44130673047	
12272	6	32	1024.23851317923	
25975	8	46	1466.64761503537	
11646	5	42	1339.44668824759	
14164	10	4	201.238244493137	
19383	2	1	91.1211514152219	
20568	2	10	367.405389606676	
25819	4	14	495.650490380661	
26957	7	11	386.149762527156	
11578	5	45	1435.80389689459	
21186	10	29	948.186610782606	
22644	1	27	894.136285266902	
21862	8	14	482.288038545422	
22588	10	21	715.339207907831	
11724	10	49	1557.35299525659	
17285	7	32	1039.03708964541	
9859	3	42	1339.64281822538	
22076	2	50	1587.12650492188	
15743	9	22	734.485121525119	
29334	7	20	682.296641376939	
11128	9	17	579.846087479892	
17139	6	47	1503.38528759004	
19596	1	36	1169.37122496281	
24705	4	26	844.689356034943	
9869	9	44	1404.16162448198	
16783	7	16	562.590783723905	
22839	3	26	851.925091730396	
20323	7	9	346.681969401744	
18859	6	4	183.813373979094	
22356	10	5	221.105201347314	
10945	8	44	1401.01033365401	
19629	10	28	907.193062243607	
14489	3	28	910.46521788019	
15601	8	20	684.445142170622	
17140	10	37	1181.2966454687	
27481	5	41	1299.05632489317	
11651	9	50	1581.33921249832	
26331	7	47	1506.12056169013	
11423	2	43	1371.88416064339	
18466	8	20	671.341655715994	
16952	9	15	514.278630369473	
25638	6	40	1288.3567174563	
22984	10	47	1498.58316226796	
10061	3	22	740.390373217124	
25801	1	37	1183.25195155258	
21620	2	48	1538.77646134178	
23468	6	9	349.987830719905	
23906	9	42	1341.40704027443	
23341	6	39	1235.68447513305	
28398	9	23	758.740786034027	
24180	10	38	1225.95346791016	
23922	2	15	529.032086380307	
26126	10	29	958.217682800357	
29313	7	26	844.217632209983	
28022	9	15	512.299121596058	
27861	6	48	1516.05601914043	
24578	5	46	1454.86728821642	
27611	9	21	701.958259000423	
18790	1	48	1535.28506376561	
27345	7	39	1238.64746076923	
13756	8	25	839.196059684826	
22586	4	1	100.723420204932	
