idEmpleado	idDepartamento	ventas	importe	
28836	2	17	595.947600880613	
25049	10	22	722.659342290209	
28182	2	40	1265.99094580207	
11421	1	14	475.506123451286	
24665	10	37	1202.81552754474	
11235	3	11	408.69955007392	
28062	10	44	1400.45901572353	
22596	5	12	417.735481307719	
13574	10	12	426.514383715817	
15011	2	15	518.155605512744	
13732	1	31	1018.16387805071	
17634	3	36	1152.75067945605	
28062	10	28	926.887134856957	
13690	7	35	1135.37830897392	
21924	5	31	1012.64629478224	
17581	10	37	1193.9604051383	
29267	2	12	420.260133119421	
28160	7	40	1294.45943829345	
9840	4	40	1282.16895524513	
27469	2	16	546.031157591395	
15070	8	15	525.537326729641	
26953	1	30	974.640936821066	
12361	2	11	393.294700269259	
15646	3	33	1058.99491027882	
13531	6	23	758.330884742705	
19979	8	8	305.581708618245	
26864	3	24	805.156081023233	
23645	8	17	588.528763069086	
28306	10	43	1368.44901021963	
18259	2	36	1174.10607269691	
13578	6	44	1387.76258022886	
28173	5	40	1276.04520764018	
24186	9	39	1245.23521429172	
27634	2	49	1567.49491734779	
27199	9	22	725.316987151893	
13075	1	21	711.216874230288	
14769	4	23	758.66805056048	
21244	9	8	312.793610390645	
18056	4	34	1091.20732186884	
10885	6	26	853.540644260841	
13640	3	11	410.481209610813	
8578	5	9	338.939887592075	
20161	6	2	116.864436211467	
16444	8	9	349.39695639042	
8275	5	9	325.479023943413	
23748	4	33	1055.13819888939	
8339	9	10	366.448560192459	
16493	4	45	1431.16647783256	
22831	2	8	296.31982403636	
12552	5	41	1305.7824054853	
22751	7	44	1394.80929655713	
13287	8	48	1517.17813096809	
21436	6	39	1253.67612841245	
12861	7	2	126.826520583977	
29024	4	11	388.30904177777	
23271	3	38	1221.30666405955	
16763	1	11	409.36464202095	
15245	8	7	286.996035523245	
11968	6	41	1317.17523870858	
29075	5	30	977.233818926492	
9136	10	37	1203.54346905069	
25509	6	27	891.930252654445	
16676	9	19	649.286471088085	
19945	2	26	852.40831101891	
24622	7	22	730.393025283885	
16602	9	42	1342.11867041053	
29686	5	47	1507.51546516433	
20542	6	29	959.392217509165	
27258	2	14	490.061321822024	
10759	8	10	381.429420551951	
24216	2	15	515.292354577823	
8761	2	4	187.466522728776	
17637	3	7	283.252116424615	
9907	5	15	508.628310984293	
14705	1	5	215.549947980582	
28070	9	7	266.597439137566	
18081	8	29	937.776500609599	
21873	9	2	123.897743878838	
23243	10	25	813.515886335408	
25789	6	41	1303.19268585331	
13354	4	48	1539.13314842579	
14579	10	30	973.989603190678	
13350	10	10	372.208939032726	
12561	3	3	142.666604734336	
22751	7	43	1379.29677613978	
17648	8	46	1470.58444926077	
12515	5	1	102.369079227731	
15115	5	37	1198.40869370774	
17657	5	39	1259.18587557002	
9699	4	34	1104.01032309235	
11122	3	10	381.852232209338	
13272	5	16	551.672015037235	
29217	9	17	595.618371682064	
10948	3	4	193.973502942349	
8485	3	39	1249.99717521015	
17721	8	35	1118.55095695637	
27119	6	40	1289.65341650399	
25387	7	26	864.456125192557	
14133	4	38	1219.00393110654	
26213	1	17	583.360353532881	
9605	3	36	1147.62273372506	
25846	5	31	1007.05634268329	
9997	8	31	1021.10515601053	
13928	5	48	1514.89040348441	
27062	3	27	870.490050907475	
12579	9	40	1287.34277382835	
23855	8	41	1313.92601454348	
9143	6	25	825.047817428153	
12719	7	48	1511.2765726034	
24107	2	5	201.711602640204	
23666	3	10	363.530163449948	
10569	10	10	365.466898142112	
15821	5	33	1073.48014918784	
23832	7	1	93.9825528552674	
20924	1	32	1038.10067050071	
10188	1	8	309.553865860009	
23921	3	18	599.721313621719	
24436	3	17	586.619866353748	
12057	9	33	1073.11153487913	
17399	7	26	859.808576023117	
28622	6	41	1319.7495911828	
24204	2	11	389.106771456593	
14909	1	41	1300.20634193914	
24542	1	30	986.050998729677	
27734	9	50	1599.57718834261	
16677	5	49	1563.62033954059	
15293	6	37	1191.84815104671	
8539	9	3	169.278613482266	
27919	9	26	858.631135774139	
29024	4	21	696.998991024214	
11939	4	17	576.944022633575	
26075	9	3	153.320375417043	
8825	6	14	504.893812772303	
14556	2	8	310.155532802528	
14780	9	6	235.569952128255	
13722	6	18	612.076805742493	
22014	9	49	1552.88444718015	
27555	2	13	457.318535548317	
12520	8	27	872.176553826861	
8761	2	4	171.954002311432	
9709	7	6	236.658434717291	
25466	5	27	877.321261799578	
15788	1	40	1287.13212110434	
27611	9	35	1137.47427292982	
16664	4	25	820.480159642398	
10548	7	1	96.3853340672261	
13703	1	33	1078.1918658494	
28522	3	17	581.635818826796	
23261	2	23	755.872832441643	
21635	5	31	1020.44330935015	
28171	1	18	598.829643334648	
10288	7	24	783.033550150242	
11752	2	44	1391.34459031343	
12339	3	12	439.195355083419	
25160	5	26	863.61076235008	
17372	7	25	838.515962268466	
10138	8	41	1306.85000074415	
16505	4	2	115.054157280854	
27062	3	48	1515.3132151418	
15040	6	28	906.869711366887	
13502	8	4	175.494622781637	
22260	9	38	1224.64740106121	
18350	9	49	1566.41668165401	
11143	5	27	894.277581579181	
18390	3	38	1224.76758000663	
19920	5	7	290.209788032905	
23885	9	46	1460.57308536981	
25655	3	26	843.324616385309	
25260	1	46	1458.41260072701	
8427	9	15	506.023864758212	
15531	9	10	356.669418679862	
18822	8	5	222.402778073402	
12471	10	41	1314.44331252689	
29686	5	30	981.157532567697	
19114	9	21	703.150141305826	
20874	3	15	522.428329383222	
18463	2	21	701.97465035225	
10117	10	6	242.732069009325	
20781	8	6	245.570839087279	
21037	9	50	1583.19185427539	
14185	9	16	565.42847369119	
23528	4	21	690.212332219916	
16911	2	31	1013.40578104062	
20345	9	45	1438.18782642399	
16621	5	4	178.169347689566	
21031	6	44	1393.91047248333	
20209	5	10	361.975785103615	
10541	1	3	145.698457688884	
22486	4	32	1046.54477045245	
19614	1	31	997.053989859789	
19721	3	28	905.226804998343	
14436	2	48	1517.83028989929	
22504	8	16	542.005320406521	
24682	1	49	1565.30684245997	
13573	10	50	1596.45937952979	
8462	4	18	612.011033656081	
20350	1	28	910.904580145564	
15702	3	13	472.854539525162	
22658	10	48	1512.70669292319	
18021	6	18	610.270371609493	
28307	2	6	235.812248697417	
23573	4	8	314.867249464089	
16642	5	22	723.223218099784	
29313	7	9	329.848967683431	
27121	9	22	743.773890670284	
15073	9	13	456.426865261247	
15291	2	33	1068.59023762336	
22025	4	14	490.18705774573	
21512	7	42	1336.04521377759	
29431	10	12	421.182432966857	
11888	2	5	216.541311916216	
16829	5	36	1144.11793173483	
23290	10	46	1469.48331819358	
11642	1	48	1532.12136086641	
21579	3	12	421.441237675697	
21624	10	34	1085.28229056172	
15806	5	7	291.241620020588	
20484	10	5	208.228855230021	
29094	4	24	796.108233889615	
27815	10	45	1430.8571075233	
8397	3	48	1528.23400292929	
10665	2	44	1394.87462768092	
8184	10	44	1396.77984593286	
17549	6	16	541.358610867224	
8280	8	37	1200.79705975987	
27521	7	12	438.839128780569	
15450	10	40	1280.39745766688	
14964	3	42	1349.13647006691	
22833	7	30	984.698153037903	
23396	8	3	171.139107649745	
17705	8	38	1211.52374923766	
28475	10	8	309.120110827088	
10242	6	9	330.025376086135	
23188	8	39	1235.30046747779	
21669	2	45	1427.37960557797	
10117	10	9	330.561224227101	
29081	8	49	1566.98911412013	
17410	3	23	763.556813357192	
16060	9	23	774.41393575371	
24370	7	41	1321.74248242832	
25506	5	11	405.320234859977	
14591	3	46	1471.78872735789	
19714	1	11	409.653243911291	
23321	2	21	705.36233748559	
13337	1	26	860.512677943573	
16206	10	43	1361.10887326352	
23779	10	2	128.346971705717	
8855	9	18	609.883959540112	
11859	2	38	1223.86560478428	
27800	6	17	591.177088968073	
8825	6	11	400.769413635493	
23324	5	24	782.675724915543	
18228	7	40	1276.74630563555	
21777	3	3	161.849585399893	
12429	2	20	682.036368680204	
11154	4	12	440.937621016492	
14713	5	15	518.087403531227	
27062	3	6	261.86460723256	
13382	3	22	729.051907923562	
11518	1	11	384.934761889714	
25320	4	23	776.029407594367	
8545	5	41	1319.45376755644	
28001	2	34	1105.48890470783	
19358	2	39	1244.90610612785	
9756	10	25	809.658683729199	
28033	4	47	1507.42120108913	
18283	2	27	894.09255564869	
9567	1	8	314.182850715789	
18403	2	4	184.74175528844	
20874	3	3	170.880013448596	
17239	5	35	1118.29317644159	
8103	1	35	1127.6848066634	
28453	6	32	1033.81491947631	
21564	9	33	1074.3657514613	
21586	7	34	1105.53687266332	
24566	7	2	136.445275571405	
11177	7	33	1065.22138376963	
14168	8	23	771.417508447272	
9713	6	40	1280.84593292365	
19957	2	45	1439.68818649635	
13895	4	11	390.492157074852	
9568	3	23	750.513498126768	
24049	8	5	205.270865282636	
24695	8	13	473.52106406983	
18783	7	43	1370.36969401425	
11091	3	15	508.848024322115	
16818	4	19	632.373805191542	
10583	2	6	248.175790686242	
22646	2	19	633.264098797582	
23869	5	33	1066.44198456148	
21436	6	44	1412.47382069587	
11920	7	43	1385.12450688757	
16000	7	2	114.504905433629	
20908	9	13	469.479173863995	
20101	4	18	625.713074833952	
10528	1	20	685.866467303534	
20013	3	13	446.299822650058	
14489	3	23	764.747137783443	
10109	10	47	1495.70365375639	
21692	9	29	953.091476854445	
23922	2	16	547.016317614827	
9176	10	44	1414.16412098993	
19825	8	14	505.142204251672	
20566	5	35	1132.98559133568	
19953	9	33	1072.88391252648	
9157	6	27	873.084606972097	
9389	6	42	1348.86080543923	
24589	2	7	282.38055417425	
26493	10	19	656.312712736573	
21256	10	18	625.591093108799	
8490	10	30	975.716237246858	
11984	7	42	1346.66989508396	
15476	1	17	581.018674308908	
29440	7	27	889.363721427211	
8501	3	50	1594.44260481486	
26343	6	1	105.515909467598	
27022	9	37	1194.18290227381	
19181	5	21	711.967840637997	
17555	8	46	1474.5364121136	
11968	6	10	380.810659407084	
12913	5	29	955.047395897586	
16509	3	22	725.916764962448	
22077	7	40	1280.91875191821	
26187	9	21	718.299770726962	
23167	10	10	358.406192752722	
20042	8	42	1333.16866955402	
22641	2	34	1093.17990122977	
8406	8	19	644.335745612316	
14170	9	15	528.652676627344	
10184	6	14	499.670405359785	
27845	8	40	1290.14545292135	
9673	5	10	380.474245986191	
17888	4	27	875.71385469088	
24551	4	11	407.754456069206	
9088	7	30	972.671868881524	
17189	3	17	576.328036084924	
26757	5	9	325.371293875096	
26710	3	20	672.285273946954	
12771	7	31	1000.63715154335	
20052	9	17	577.285087042155	
21219	2	23	759.987218882883	
11421	1	12	429.993251017292	
11811	8	37	1191.86307794967	
25641	2	1	87.6730056887832	
24785	10	3	170.72574731462	
26328	3	3	145.803925611919	
25827	6	27	884.105832578664	
13898	6	25	825.141184006418	
17630	7	13	475.036569049133	
8124	8	18	600.197165366354	
20431	7	34	1091.68356502973	
15895	4	42	1334.33198201206	
19296	10	27	890.210725669847	
23887	4	37	1194.89299434931	
29720	5	50	1598.04408095686	
11095	9	45	1421.09955265238	
15514	1	5	213.245369071721	
25348	8	43	1386.84243352471	
15255	10	26	854.579398582959	
11317	9	42	1339.71524297246	
28304	5	43	1379.90470574233	
13772	7	24	784.525059826917	
23695	8	42	1353.72787754691	
29771	8	6	236.642307376788	
13040	2	29	935.445640187452	
16138	10	20	675.241991260667	
13082	4	16	550.956040393075	
22552	10	6	253.264218239702	
29650	2	48	1516.69185254569	
23800	3	34	1098.11456872994	
27195	6	43	1380.1446155925	
27028	8	18	601.897628326853	
20363	2	41	1311.33068909465	
14085	3	30	977.251325071441	
15611	7	38	1220.8234405242	
12856	5	18	605.054144880294	
26295	4	35	1134.05368701278	
13706	1	40	1273.24574622942	
23192	2	19	627.574023412342	
27217	4	7	292.602267140803	
20105	7	15	529.062836975354	
29914	5	9	348.038717223349	
28011	6	6	249.299176563182	
26884	5	48	1528.45551126099	
18970	4	31	1007.98684033006	
9950	1	49	1555.81347090929	
17139	6	34	1090.26352031634	
18697	9	40	1280.82086034157	
18877	8	11	409.710375112347	
29825	1	36	1151.57231622914	
14548	1	12	443.082667013203	
16918	1	16	538.528860350386	
15516	6	45	1417.705875364	
13810	4	39	1260.92190857088	
12214	5	24	797.380381299826	
12973	6	50	1575.46215905597	
10928	6	20	676.265373470385	
9204	8	32	1035.22077057288	
13368	1	23	752.227365501331	
9139	8	34	1095.48375605395	
16274	4	37	1194.84788521884	
25729	10	21	710.841614338961	
16072	1	28	908.44933146073	
14869	2	30	976.922000319195	
28981	2	25	820.052549773852	
27555	2	17	569.785936702874	
13944	4	1	103.001292917412	
22124	4	48	1512.95940059841	
28191	5	50	1574.06955382511	
8822	4	33	1072.98993607657	
27051	5	10	367.0458656396	
19398	7	16	539.999622842297	
18595	3	25	839.268410112368	
23120	10	19	641.977131442156	
29730	8	27	890.652405997111	
10896	7	34	1111.86598851898	
18742	2	18	615.225883263734	
17676	8	45	1425.27236628592	
11479	10	25	828.65546704673	
13951	2	30	979.632169278167	
19487	6	37	1184.97847094432	
19035	6	26	870.135180051501	
14831	7	45	1443.55384312736	
29124	2	13	445.119536316544	
10487	4	22	735.031901716735	
12390	2	28	921.615755242117	
18039	8	24	784.191752962857	
23672	1	2	130.408780523766	
16703	8	6	259.870943771615	
19666	10	39	1245.36128146824	
9433	3	48	1528.78877140991	
23366	6	4	178.832916439899	
26254	7	18	601.018380728093	
22415	7	35	1132.09026735839	
16751	7	21	697.754381921959	
21126	2	45	1418.22122263639	
8449	8	32	1039.58938576262	
15176	7	27	872.377176243987	
25645	4	24	788.402961487138	
27612	5	15	518.200903627184	
14164	10	48	1532.81217799187	
19199	10	37	1177.30411971794	
27162	9	41	1306.75130651647	
10238	2	29	936.720439035781	
28070	9	26	864.526450589544	
8973	1	47	1503.08304417091	
10212	6	41	1299.26045023802	
21480	6	26	855.728743921839	
27788	2	13	450.269502573772	
19491	8	40	1285.51439278085	
27507	3	32	1040.23627579223	
22386	5	26	850.993007184469	
9679	3	7	286.565303526151	
26192	3	43	1372.59519622316	
28064	5	48	1510.50528510963	
19434	7	11	404.712705167342	
22103	3	26	867.287771211605	
20144	3	16	543.329795144186	
15682	9	8	321.89009860246	
29465	2	47	1498.43679453173	
29038	7	43	1385.59418374002	
27342	10	50	1572.59251239365	
22598	9	42	1333.08845682679	
25020	9	11	408.70827235687	
17067	4	36	1144.20116466666	
19534	2	7	268.212949199701	
26703	5	48	1538.9812421142	
13391	4	41	1307.17814275398	
27648	7	49	1544.2227495202	
21425	3	33	1072.43118336072	
20767	5	3	152.276602756361	
14246	1	42	1342.84870701975	
23197	4	21	716.869404798778	
22088	4	11	390.454563419546	
29092	8	32	1046.81999128629	
9215	5	1	87.6743512263868	
23967	10	36	1163.38387353503	
17329	3	17	586.833404091575	
19554	6	37	1180.593085727	
13732	1	25	831.948857545829	
15514	1	38	1222.3553050041	
18537	7	48	1528.46300904102	
24989	7	40	1280.13927794999	
21065	7	17	574.35655099077	
28145	9	7	285.125005676004	
16304	9	23	757.79576422544	
19498	2	47	1492.26761291375	
16217	9	25	828.42318450493	
12718	6	38	1221.58498224876	
24008	3	10	373.041676754617	
11578	5	19	630.933451424787	
21538	1	17	576.259590618433	
19158	5	19	630.487077641528	
8275	5	27	889.966166955403	
8694	9	22	732.606719887167	
24681	5	49	1560.21966559823	
28942	4	45	1444.21566289115	
29616	4	30	978.043034159598	
16620	5	44	1392.51927436912	
9312	1	20	676.313501389843	
17052	7	49	1564.1018020567	
29840	5	50	1592.08230748404	
25423	4	28	911.505994401642	
15956	3	30	977.838319213054	
12544	9	38	1213.23779002448	
15244	4	41	1297.38756877249	
26323	4	5	214.12360238569	
11547	7	47	1496.1107401066	
25088	7	11	405.775204936869	
19748	10	47	1502.83093388324	
11495	4	26	841.328831632309	
14844	5	10	360.454367120031	
25538	7	30	962.736709417187	
14639	9	34	1089.94124105663	
20168	2	10	356.081489527636	
17434	6	46	1457.131174699	
17444	5	10	372.453234443652	
20871	4	25	838.731905836022	
14760	8	5	203.583266680866	
19944	1	13	466.405400441217	
27957	2	10	375.945336285953	
25995	4	24	790.558057609274	
19684	8	3	165.593160505217	
22090	3	39	1251.18107276558	
28481	10	15	521.49773193593	
12485	5	37	1176.01701213793	
21744	1	24	792.361629378219	
22295	3	45	1426.90323784338	
20331	3	39	1257.84784353238	
28590	6	34	1086.60032568807	
26406	7	6	243.458688335241	
8296	9	7	265.340839375435	
14644	4	24	794.314129722451	
26749	4	17	584.279584337156	
17127	8	26	867.847055489126	
17584	4	38	1230.27299752006	
13887	2	21	696.957014639376	
28029	5	10	382.30095873694	
11405	1	29	961.118760966285	
15293	6	17	587.737436903518	
12507	9	18	623.67216183975	
12385	5	50	1596.15687280714	
10371	7	14	502.647979568061	
11470	3	41	1318.75404836552	
9564	6	35	1131.71284512231	
20705	9	9	350.479084304757	
19743	2	38	1213.52288120125	
24331	7	35	1140.5458365849	
8339	9	18	613.884677427767	
16067	5	27	875.475545188168	
27008	6	40	1267.76643115457	
23070	8	20	685.483757055124	
16037	6	26	854.459767478732	
29319	10	31	1006.11387392791	
29322	1	10	380.36816510389	
19278	1	26	853.543744447429	
23694	4	47	1506.48914697882	
18686	3	39	1260.32492163606	
10070	1	16	536.340587277124	
28472	1	2	117.220777886557	
8103	1	17	585.025939394266	
13754	1	11	387.220364542315	
24695	8	8	318.262896574225	
25034	10	28	919.174879248801	
29171	2	42	1339.372245548	
14646	3	19	655.987992256874	
22933	7	36	1166.14023739758	
23064	2	13	458.457125080031	
9719	10	8	302.094185567505	
18056	4	22	725.808492007576	
23377	5	26	840.174160059623	
28470	5	50	1590.15227570671	
23956	8	46	1477.61314486974	
13405	1	38	1215.84582977735	
23137	8	45	1442.73323860147	
22089	7	10	379.788463478809	
24048	1	10	367.910078041214	
28658	3	13	446.839112139698	
19571	3	4	199.468227643272	
19954	7	6	251.018647631173	
26972	10	49	1562.49413093668	
13018	1	39	1251.81579279332	
28917	1	27	893.018560415608	
29235	10	13	462.372298344212	
15496	9	45	1418.83389453349	
19828	3	36	1157.97493128012	
23397	2	31	1010.8810718967	
27472	7	44	1388.20025579454	
11286	1	7	283.911419233266	
14706	10	1	94.3033110416975	
18137	7	41	1323.78385054124	
10994	2	32	1036.63209300331	
16203	3	45	1445.96037145982	
8100	2	28	923.897983079729	
12735	10	1	82.711497509252	
24765	6	8	316.451797297435	
13661	8	43	1357.89397623292	
11361	10	37	1183.47310031926	
17847	3	50	1579.38180281752	
29542	8	16	555.724852865434	
13887	2	24	784.338846907177	
25864	8	25	835.065756121215	
11941	3	28	918.451651017392	
10475	5	47	1488.07618542019	
11674	5	2	115.301385128545	
21064	9	40	1277.61415544786	
29712	8	24	807.870612185388	
12018	3	39	1238.61393770138	
24215	5	36	1163.38063532644	
20539	2	1	80.5797016250806	
20778	3	16	565.633666406215	
29471	9	35	1139.65003483912	
23047	3	35	1140.85669399279	
25855	8	10	365.321939645951	
15852	1	3	154.726646949875	
16804	2	29	933.210146600944	
9530	1	34	1094.20180412671	
23480	7	46	1455.89059823001	
18040	9	34	1100.34098471531	
22182	8	6	261.397314267884	
18476	6	39	1245.10692036017	
18178	3	43	1377.93998160304	
8681	9	6	254.545705846765	
23130	9	7	287.790874525807	
19317	1	31	1002.02464146634	
13823	10	44	1403.54206705631	
16012	10	5	224.191904246896	
10114	3	19	633.715161790007	
26362	1	38	1213.1343322681	
16434	1	38	1206.28144130403	
13647	3	18	621.894487245891	
8169	1	24	784.436977721954	
19142	5	13	467.457309322179	
12032	10	39	1243.74337477784	
27971	9	33	1066.679800724	
16494	8	24	807.428374815466	
10282	3	11	413.36414177593	
13784	3	31	1004.94237499542	
12177	8	12	427.070913215667	
14313	2	5	221.219739085631	
25461	3	12	430.104319094729	
29116	9	43	1372.26713419532	
18394	7	8	304.819620468104	
26495	6	7	283.331717608185	
16158	6	35	1128.66964463548	
10923	2	7	264.133815702113	
28183	1	47	1495.77539901052	
15116	3	36	1160.63843181387	
17357	7	26	849.171336129853	
22904	7	23	749.501350908308	
17761	4	25	822.249993170728	
15262	10	47	1502.00337800291	
18665	9	3	163.132115603952	
8632	3	44	1397.98448854963	
26374	1	28	910.617932505262	
16458	5	31	1006.39886530414	
24649	4	20	660.52005027445	
13100	6	21	710.660776491585	
17457	9	16	566.051543953853	
9121	1	8	311.759318072237	
9719	10	35	1133.42225120097	
12755	10	6	254.155450395381	
25160	5	1	105.479605433289	
18345	7	49	1557.09919402241	
28405	4	33	1058.68521437919	
12229	10	43	1381.19668868426	
21250	8	23	752.192725516945	
10540	3	47	1497.11331921495	
22540	8	27	898.642138921955	
25495	1	29	947.298272134409	
23714	6	18	599.846004825014	
28851	3	3	169.25942913129	
21754	10	34	1108.81968501435	
23244	6	29	959.121245629676	
24578	5	45	1431.29299517315	
21748	8	46	1472.83978616485	
17909	10	36	1153.12036113493	
22362	7	50	1571.21398823858	
27420	5	23	759.121229890325	
22662	1	25	817.890825764225	
23907	10	47	1507.76666804578	
20322	10	20	663.553472433031	
17555	8	43	1384.54382566015	
27775	2	16	543.632981359788	
13652	8	13	464.031448133304	
10081	10	22	719.891109242985	
27371	3	21	701.304862118002	
25621	2	20	669.472820772544	
22083	4	11	413.125442272576	
13680	8	2	140.280935419854	
11666	5	5	226.908324541016	
10679	10	41	1302.70336528435	
8096	3	15	518.890831041565	
19601	9	4	195.31159514343	
22650	8	20	687.797487884666	
27788	2	6	255.948868699348	
15311	8	42	1346.78752876203	
15852	1	9	347.720426445697	
26792	1	25	824.646503228995	
12878	10	42	1347.47295595122	
12998	2	34	1111.94109018517	
27382	8	50	1598.66207979557	
16298	9	9	341.99629289191	
12348	1	47	1501.87306399544	
13102	4	5	229.655346083294	
12178	9	22	732.990564039438	
23312	9	13	473.183692988559	
26917	2	24	804.010869974275	
28114	4	49	1566.69149337648	
12809	2	32	1037.77814634041	
10669	10	46	1453.27850416921	
17581	10	21	689.306062035871	
26786	5	49	1551.53954660126	
19197	8	42	1348.16071818963	
25825	1	11	403.992650026452	
14687	10	16	549.868778767934	
23303	2	13	469.611624735227	
11394	5	36	1161.8466240735	
29193	4	36	1173.0677458891	
27055	9	12	418.794105136205	
10795	8	23	759.891826566258	
8098	1	3	162.719904744402	
27922	1	36	1163.98787694238	
12272	6	25	838.361203502101	
23824	6	24	800.389947593394	
25021	3	27	897.142639540668	
24259	7	39	1250.36859808973	
24461	7	31	993.508089870917	
26158	3	9	351.323757745011	
12142	5	39	1255.34412647381	
11909	1	5	206.052257402824	
10011	3	27	885.399934689235	
15983	3	25	826.567485009584	
20170	7	31	1011.6482739391	
29092	8	41	1305.94973557906	
19890	2	48	1509.10458825021	
24877	5	11	401.557179541121	
28862	2	47	1482.67076166471	
26185	10	11	393.977635276493	
29514	8	42	1331.04088409387	
18855	8	9	326.707416254425	
14542	4	47	1497.29399214373	
26332	5	21	702.781327396064	
22902	8	30	975.347295932168	
23378	4	7	287.002431250644	
10728	10	35	1137.60226250515	
20373	4	42	1351.16381868309	
18831	4	23	770.730112851937	
25154	7	44	1391.31894511698	
13351	7	5	217.928709116731	
19456	10	43	1386.33724396412	
25521	8	7	264.940904688528	
19317	1	23	774.652680556594	
18382	7	14	485.85239809279	
17014	1	20	667.581129384963	
8578	5	32	1029.22118544077	
28880	5	15	514.674202853196	
17182	4	34	1103.63508938981	
16602	9	24	781.48311640205	
26032	5	29	932.512706542626	
10318	2	33	1082.62196594971	
20522	5	33	1079.67560311764	
24402	4	15	532.687112229265	
27311	6	11	391.347366902673	
24325	4	28	911.725888937584	
18800	9	19	647.878569479975	
16298	9	46	1462.73857702629	
20419	10	18	619.891272662157	
17329	3	2	122.21098261057	
10321	4	14	494.888061776239	
19999	5	5	228.311599226814	
10821	8	17	586.940863070516	
27640	9	26	847.868988797008	
12857	9	45	1442.02686179524	
20958	6	4	172.08668888178	
10324	8	26	862.597834422531	
17945	8	33	1059.93857734834	
21478	9	7	268.640581010208	
19194	3	19	631.358772251456	
9679	3	39	1262.78768508825	
17571	3	36	1145.97882085758	
22149	4	16	559.638485237788	
14464	4	37	1202.18914475394	
16304	9	5	213.39504862828	
16722	4	46	1469.00688250969	
19274	1	49	1541.1113527143	
28366	10	4	190.747254132641	
24384	5	12	420.715086916795	
15661	4	12	424.06714455414	
27405	6	10	356.728550138291	
19677	7	33	1074.43038539702	
12735	10	27	897.922090151311	
14120	10	24	781.18764526266	
24154	5	33	1061.46492873387	
22782	6	9	328.418918144153	
29601	5	26	847.031813136782	
12530	9	32	1044.60687991446	
21586	7	11	391.43396049339	
11592	1	3	143.621406994584	
21342	2	39	1239.12386177067	
17635	4	40	1274.86368547886	
20011	9	25	811.272546020929	
19665	9	22	728.519130241368	
13586	2	30	976.430883340738	
27208	4	50	1589.61710988992	
13430	2	27	879.396380893605	
15413	1	31	1017.07191589152	
24313	8	29	932.625818761357	
9091	8	11	393.765709211009	
9966	4	44	1404.98329496243	
23616	5	49	1569.28260809243	
9704	1	9	326.033621842989	
9705	10	16	552.276317138354	
21121	10	35	1118.6954313138	
10791	7	43	1386.53388568504	
15041	6	18	602.983480711925	
16676	9	46	1477.4864583637	
12264	7	11	399.292063600985	
23249	8	15	522.340484392988	
11016	8	30	970.614536223288	
21859	5	16	537.131315347334	
27935	3	35	1122.02349010949	
19075	1	7	275.824128108017	
18359	7	43	1365.48243247228	
16094	7	31	1020.45767637922	
19381	3	28	930.389509075503	
10944	3	44	1405.75321780786	
14219	5	43	1386.40406006314	
16927	4	37	1193.60794365108	
22873	5	28	925.054875744998	
24467	2	45	1417.99095450807	
26075	9	22	748.504616854947	
16138	10	5	205.019174015624	
19049	4	31	992.234910480788	
27584	2	50	1587.92399960939	
8857	6	12	414.706274836653	
24049	8	45	1431.11935499642	
24128	3	8	305.758261413201	
28200	5	5	223.777938738362	
8142	4	20	669.610501616081	
8148	10	18	604.039436822776	
20083	10	26	858.121435371284	
16285	5	1	106.949377705785	
21482	5	18	619.083849591708	
10855	2	11	387.445942045863	
29024	4	25	828.396763554028	
23652	6	12	425.645773012957	
9889	6	39	1262.49221394886	
28244	7	40	1274.93104304882	
12203	4	41	1325.43543743223	
19995	1	30	969.545354773079	
13534	9	22	725.314816313477	
12142	5	46	1469.0934761004	
15683	2	23	773.006870771296	
8641	3	24	781.992546423335	
12219	10	6	232.840195369367	
20215	4	18	615.448417912912	
10047	2	30	963.036697769089	
14237	9	49	1555.97320696151	
15980	8	22	739.227600814415	
28597	3	33	1073.64316308575	
28432	1	38	1230.66785582838	
28115	3	42	1339.01787511027	
13948	2	33	1068.71083346601	
9856	1	50	1586.99234045436	
21179	5	27	900.777991237481	
14853	5	4	201.014447827365	
16069	9	36	1160.04140665757	
28541	10	35	1130.77143170441	
26181	1	32	1051.82761084839	
8319	4	23	771.864125715505	
26612	6	39	1251.7281969505	
8561	8	6	255.514124862623	
12630	7	46	1452.72998277691	
18366	5	13	446.575099400512	
9889	6	40	1279.00987997605	
19436	5	34	1095.07411240371	
9770	8	39	1256.74027851631	
16777	8	33	1058.03649042642	
29094	4	7	272.060912825196	
23572	10	17	584.743736062545	
13567	7	5	223.261003858997	
24945	6	4	191.473017014318	
18242	3	46	1468.17250621886	
18592	1	49	1555.50952097192	
17367	8	23	772.676138194593	
9238	10	27	879.411140754545	
23108	10	32	1032.01230324433	
21209	7	7	290.242364057453	
13507	3	45	1435.08380424002	
21287	7	44	1399.25785692374	
13138	10	16	548.082657227331	
12055	5	9	349.785054451686	
15694	10	34	1084.55033792395	
24641	1	37	1195.96733853033	
21696	1	30	973.371580994395	
12429	2	35	1119.10356026101	
15567	7	19	638.238544239774	
12025	8	19	632.091509137345	
26277	3	34	1086.66795080838	
22295	3	21	707.382315726663	
19953	9	26	865.604366355391	
12874	10	5	211.720782244448	
8832	5	8	303.103432200432	
21806	8	19	633.571311716722	
18336	5	41	1317.81715782258	
12568	5	16	549.800691450853	
22064	9	1	96.3634933234954	
21963	6	11	406.431771370783	
24663	2	34	1102.98266644728	
9683	8	22	737.76608296566	
23572	10	29	958.708139396602	
23064	2	47	1505.00020734267	
17905	5	43	1363.91229413632	
16044	6	6	234.48386475187	
9024	3	28	930.382159226752	
27420	5	35	1119.19483881406	
15355	3	46	1470.84536889142	
18507	6	34	1113.20131249409	
9847	2	27	894.31620225977	
12856	5	1	101.366850482936	
17325	10	23	769.002144583036	
9756	10	29	949.799042600113	
9052	1	40	1295.68762746439	
17634	3	39	1252.56975392465	
16444	8	8	303.781468488174	
9836	9	30	981.943142498817	
29095	3	23	770.963786938676	
11551	10	9	336.762644246576	
25479	1	33	1073.20351840612	
24119	3	6	239.906319715039	
22207	1	16	536.835568163933	
17372	7	21	704.648769378964	
8768	6	50	1571.36853961803	
29638	2	36	1164.67859709853	
17189	3	41	1319.13936970715	
25630	9	1	91.540221614549	
8558	10	47	1488.36958481389	
17818	8	28	914.601194502134	
18156	1	8	317.692363149343	
19979	8	8	302.87544674374	
21143	7	26	863.047647431049	
23598	8	21	705.580531873545	
29542	8	24	787.259697610168	
9088	7	23	777.317721274364	
10536	7	15	520.549717527139	
20421	2	19	643.082449884658	
16786	1	17	585.872760315366	
29244	9	28	930.066473172077	
9846	8	9	345.58517930358	
15895	4	46	1454.17674218033	
27408	9	39	1248.25819136959	
26606	7	35	1125.03723174568	
26112	7	42	1337.77530687758	
10922	4	33	1065.30110032545	
12735	10	48	1538.38017114363	
17681	1	48	1515.80532375528	
8100	2	15	516.033154780061	
9064	5	19	650.533678275782	
8142	4	11	409.789843228548	
27492	7	12	415.874015323759	
27035	5	43	1378.83690451218	
16082	7	43	1359.60084907692	
10814	9	29	933.228252964666	
11739	4	29	943.076346732246	
26960	7	7	280.930514801727	
21478	9	9	334.059370017638	
27091	7	48	1533.63166772464	
16005	5	7	279.233697037787	
23391	7	15	515.344495044716	
28735	3	28	918.841937612203	
9367	3	38	1230.82525400018	
12342	7	19	636.244174389282	
17800	5	27	875.508949344749	
11966	2	20	671.44075551603	
21519	10	25	838.319203051887	
18425	4	3	143.421612709491	
18571	1	6	242.539344989946	
13843	2	18	598.369906190024	
25599	6	25	812.020036397511	
20340	6	39	1260.69901860352	
11401	10	14	476.07038218345	
20575	2	45	1440.8973137666	
15606	1	50	1591.177464943	
23303	2	38	1219.02677622578	
10641	5	17	591.648128345445	
29860	3	31	1011.79833641825	
13845	9	30	966.873462501389	
9662	5	17	586.067439292589	
24508	5	38	1226.29842595491	
26185	10	44	1403.33404595188	
26409	3	37	1175.50706683449	
13934	2	28	917.835906538105	
18879	9	17	584.811351273587	
21436	6	47	1501.81834782558	
15026	6	15	524.038542231563	
23667	10	34	1103.44679835413	
9683	8	43	1372.35227890888	
25467	5	45	1444.18335087792	
19311	7	17	576.387206472637	
17215	10	7	266.490347509501	
23474	5	21	709.450782160019	
14116	2	11	386.639063277579	
28768	5	14	494.721978127361	
21068	6	32	1026.74324169138	
22407	9	8	303.351488180157	
18001	6	21	692.014016980312	
12771	7	9	329.528282400932	
12594	4	22	746.334551361545	
23412	2	8	306.981897273558	
22298	7	46	1474.95855843414	
27824	10	42	1353.26597876533	
10908	3	48	1517.66324859004	
9204	8	45	1438.51364187827	
19628	8	23	749.090824625031	
25621	2	49	1539.80363314031	
21595	6	48	1537.93959074558	
10402	1	43	1368.42338413392	
21465	2	41	1314.20147673888	
16086	2	12	431.428218386801	
12572	1	26	869.132178383475	
14972	6	30	967.185907516249	
25326	7	32	1027.56422843205	
16082	7	19	652.935271082882	
27927	3	21	712.01044909284	
20517	1	42	1343.33487077771	
10191	3	11	392.989347462072	
22755	2	2	131.432823115696	
25036	10	30	973.690601519165	
12516	5	5	227.402213284467	
11520	5	42	1334.87240469776	
19979	8	10	371.069333800613	
18314	4	11	398.355994112024	
13702	7	1	101.982699717387	
14282	10	18	625.52968888801	
24215	5	19	631.248236443497	
19044	5	3	169.431318905871	
10577	1	32	1026.17533563924	
15653	7	19	644.434223251619	
21859	5	31	995.675288045628	
15241	9	47	1499.63411136513	
16888	3	23	762.270054017319	
19580	2	8	300.538911139843	
18201	8	10	359.085542019031	
27657	7	42	1351.33986752077	
26703	5	2	130.068067186544	
12905	4	39	1257.84381824445	
14901	4	33	1079.32226465983	
29101	2	45	1435.72052664856	
8451	1	49	1562.01471468528	
19893	9	17	586.098951485985	
27922	1	42	1335.02341422021	
14439	4	2	138.150802169997	
17366	10	34	1092.75513249112	
22729	6	41	1307.25502808916	
15846	4	27	899.304439993251	
8534	7	40	1281.88655372797	
19754	5	42	1333.7037921947	
8108	1	43	1382.71152903452	
15821	5	40	1283.40837091366	
9664	7	48	1510.36214071808	
12047	3	19	640.581193864616	
29846	9	29	955.837680881767	
15587	9	18	598.932338077078	
19234	3	17	572.109492575801	
11542	3	37	1183.88922463352	
29693	9	32	1034.90998465331	
26028	8	47	1495.68054887265	
14634	3	27	892.98395299026	
8641	3	4	197.842588181534	
14167	7	46	1450.37231423444	
9922	10	17	591.764255106339	
21143	7	24	803.989160882304	
20082	10	11	398.526188693254	
15538	8	15	531.794107021668	
29095	3	4	186.862124366156	
25113	9	22	746.646996376406	
18361	4	22	748.478686413019	
18042	10	28	901.595403562112	
23924	9	20	661.942381906296	
15656	2	3	165.491052533263	
17791	6	28	913.667082802238	
28967	6	8	295.71229646714	
26798	1	31	1011.67588683389	
21730	4	39	1241.30326179848	
8545	5	50	1599.84899047755	
12465	3	8	312.918531630616	
23461	6	28	905.600861620904	
25572	8	11	394.727671628225	
8737	10	41	1326.22524889476	
21924	5	29	949.361682715529	
17398	9	12	435.727526711173	
23063	9	39	1243.46380660472	
25450	4	29	961.025852337957	
16384	8	34	1085.31314732754	
21219	2	29	939.052917500517	
17137	9	44	1406.43237313555	
26210	7	41	1301.60657306277	
22511	6	43	1386.97604944323	
19924	6	6	247.450642887247	
13452	3	21	695.158082533236	
19053	10	43	1362.1632693718	
16044	6	7	266.338311669574	
13133	3	41	1317.87793846702	
29471	9	4	191.642400450838	
9438	3	50	1594.33469637965	
21882	1	18	611.034253337902	
19879	7	42	1339.62461347674	
11495	4	19	640.961025469453	
15179	7	37	1200.39290372301	
12470	9	6	232.657443616845	
14585	4	18	613.40786731495	
26225	10	15	512.108388632586	
17712	4	24	800.769147128225	
23078	6	37	1197.9173183804	
10369	8	20	676.695057915847	
28929	4	12	424.868897397476	
12226	7	49	1544.16179404788	
8024	6	29	957.629076278596	
24929	10	17	572.26050209825	
27329	2	29	950.970693002907	
14858	3	5	209.309123032405	
23847	9	37	1180.95287724442	
12826	7	36	1166.7587040955	
9504	5	26	848.480905466006	
24547	10	34	1094.64478752326	
12312	5	29	948.300448501622	
16005	5	45	1442.96330854435	
20595	7	28	913.213041365712	
25107	4	37	1192.74118952115	
14346	3	10	380.429751230604	
9484	8	32	1045.04042331364	
12063	2	29	961.502636969789	
19347	1	22	734.144760674864	
13212	9	49	1566.78429937306	
10766	6	11	403.327783161461	
20283	6	22	727.328771132663	
14156	9	17	577.834358000119	
20723	4	27	900.033486383051	
12429	2	39	1246.96856541884	
21325	2	33	1068.81473713965	
29330	10	17	573.293918153874	
18864	4	9	344.639836151451	
11917	4	24	794.33476790522	
27925	1	36	1173.56780527791	
13445	3	12	415.953815400579	
24542	1	48	1523.61913807859	
19208	9	15	522.694659476492	
11100	7	43	1363.10853395756	
22548	10	14	488.618089411696	
15888	6	17	594.184020103041	
14784	8	46	1462.27057908767	
10350	1	12	423.97749678417	
15077	8	27	894.715547344981	
17660	1	27	896.47994988434	
24877	5	16	565.848959500831	
16472	6	6	261.210392127377	
29337	9	21	699.579607574073	
8065	6	16	549.397033001015	
23689	5	21	696.997612927574	
27605	3	22	726.034247878024	
28408	7	23	768.070944793555	
28343	6	15	506.411572111031	
13173	4	32	1048.2198359483	
15828	2	27	899.963152492402	
18945	3	24	787.617020303205	
24788	7	39	1251.90523034516	
16138	10	43	1377.96362795772	
28163	1	25	833.984847755164	
27181	1	27	874.589535218938	
12805	5	49	1549.36628678318	
19400	7	45	1447.03453939736	
20590	7	22	724.128307664827	
26181	1	41	1310.66051085976	
26628	8	34	1103.4457649586	
24278	1	13	457.676774849033	
24436	3	46	1464.66928688095	
9002	10	13	466.618109339205	
25620	2	50	1593.19089881759	
15641	7	15	512.527090065427	
25123	3	36	1171.02564944468	
18789	10	15	505.605789025131	
14972	6	3	159.854774586789	
26202	10	14	504.594951954016	
16678	2	20	678.55716941811	
22013	6	15	518.15917214293	
21474	8	21	701.06292652947	
24787	6	3	146.787089624809	
20291	9	45	1437.66481079052	
27441	7	33	1080.93533987223	
11090	1	5	222.117391034084	
26953	1	1	107.74916355859	
19645	5	1	108.437324999104	
20417	6	7	283.035873455478	
18003	4	18	600.934317540812	
29694	2	10	380.743792346094	
16239	1	3	146.882346042843	
26055	3	27	896.420000203149	
10402	1	47	1494.37161541282	
13133	3	13	465.950784974709	
27243	9	23	764.048585055419	
28343	6	5	225.655510120865	
26254	7	40	1288.70981172133	
17701	5	17	568.51899873862	
8455	5	16	539.251802628512	
15888	6	22	747.149480705685	
22807	7	25	818.142271422847	
11829	9	21	713.31698592441	
18911	2	44	1391.26978238638	
28403	3	15	518.803175035307	
11720	3	21	701.179672619877	
12149	4	44	1394.59228278817	
12516	5	21	706.388708756486	
8281	8	2	116.869942935589	
18763	4	35	1125.9719634829	
17630	7	8	300.428458852893	
23967	10	21	688.216170206767	
13754	1	1	81.8166201570149	
11614	3	13	449.662666530191	
13337	1	13	461.803980349472	
27377	3	3	166.554093773735	
21068	6	37	1185.11814072035	
12755	10	49	1540.2988171672	
9203	9	42	1353.04950788293	
27895	2	22	732.472144184854	
26118	6	48	1521.61712322459	
26032	5	45	1418.59721439825	
25357	7	15	521.092434209349	
20551	1	24	789.726193318947	
12178	9	24	802.701972612507	
28120	1	11	390.794428806191	
17215	10	19	648.249286677804	
25476	3	17	572.246493926387	
11365	10	38	1207.24011384288	
26076	8	42	1348.47850501001	
20896	10	32	1025.37013932381	
17032	5	25	816.895977303803	
22230	6	37	1191.33577584817	
23600	3	49	1565.3431493255	
13570	6	48	1531.40768871243	
13534	9	41	1300.01690072008	
19871	5	50	1587.74594060506	
21670	7	10	355.517307238428	
24836	5	31	998.861635755217	
8201	9	13	459.755667252352	
24206	4	12	427.525108245912	
22635	6	31	1001.3604548021	
16989	10	50	1591.56738206352	
8857	6	23	757.063909972582	
27612	5	10	380.50585868792	
17956	5	40	1292.52762213933	
13148	8	3	145.065725885828	
28503	1	15	526.757333672958	
25995	4	34	1112.56763506335	
22775	8	10	379.396691200974	
29320	10	37	1178.93044433507	
11654	7	7	285.356692953667	
19087	6	48	1535.66030383839	
21806	8	45	1436.04685455377	
22809	6	18	617.634679403917	
29246	5	28	928.552266307432	
22700	1	10	377.049837213498	
11373	4	48	1523.59079260546	
8476	2	20	668.567809773873	
27246	5	5	208.008746229116	
23910	6	2	132.930385942073	
8956	1	28	902.345788861786	
18393	9	34	1099.14859491361	
20215	4	10	368.391437925581	
10577	1	4	180.601824159083	
29326	1	34	1083.53248154909	
20800	6	34	1096.8803943586	
11933	9	2	116.47347083151	
14290	6	15	518.254977817766	
25070	8	23	761.787079629389	
10547	5	4	178.808153168675	
12504	4	28	909.600833481923	
11103	7	18	621.43718141198	
9699	4	30	973.293840630582	
12579	9	11	384.947035938942	
11235	3	18	600.256668422491	
28463	3	45	1427.02983233474	
20209	5	43	1364.02852423677	
8500	6	14	489.220334631028	
15100	4	34	1110.17435047318	
8778	6	9	325.728702920363	
9980	1	4	201.491953004846	
16937	10	33	1059.67885886304	
16560	9	28	907.843422641905	
24940	4	6	249.548060674941	
19945	2	25	820.013446370146	
18970	4	27	881.23567346541	
13085	8	42	1355.2889212944	
12674	5	32	1027.70846992159	
10716	3	20	682.855422404993	
8169	1	31	1002.96706350658	
10047	2	3	144.155147999597	
26343	6	40	1286.94949746455	
29724	8	27	870.852889526101	
22730	6	11	406.825281310279	
24271	4	35	1125.17931938413	
25495	1	47	1502.2118598885	
16807	10	41	1303.17594413793	
25517	3	19	656.462085813499	
29706	3	27	896.97337713883	
25927	7	7	275.647227780729	
15046	8	1	108.592255054318	
22913	10	1	88.5023558551922	
15689	4	12	430.780555433957	
25957	10	7	280.588538032299	
29367	10	9	349.329610853144	
20820	4	39	1263.91951154169	
27584	2	19	642.36646320781	
20625	7	35	1131.09981861482	
19811	2	1	97.3780109814266	
12389	5	34	1101.5224339727	
29035	2	18	613.021312976732	
15736	7	35	1114.37045797444	
15402	4	36	1158.39345930069	
21120	9	47	1482.28004330875	
17227	8	48	1531.43843293723	
21299	6	45	1442.66692999875	
13822	5	7	271.305172271703	
16238	9	4	198.843377250639	
14274	8	29	960.588377788937	
17876	3	7	282.29680808368	
15763	1	42	1341.5914730642	
11264	8	21	688.765000909923	
9691	2	45	1435.39955541277	
18250	8	43	1358.8200161228	
27878	9	2	114.653005169077	
17052	7	38	1222.65133601737	
14062	8	42	1350.58429188588	
10494	4	19	646.468559320303	
22068	9	26	859.767716554817	
20550	7	21	698.044808533995	
9259	6	5	203.853888196803	
17408	7	24	787.566438423268	
27011	2	37	1192.2469574922	
25963	4	28	914.52712269245	
18945	3	8	297.136447866045	
26819	7	4	192.989597149654	
18589	3	21	708.898303429083	
26548	7	21	707.254884609606	
19671	6	47	1500.2184498218	
8990	3	36	1156.09393482846	
11440	9	8	318.8692102576	
20262	7	8	304.189102679579	
11361	10	31	1010.33045894016	
23689	5	37	1181.3329884323	
29140	2	13	469.945750529853	
26181	1	19	629.784690025162	
23369	6	5	208.556038163861	
19878	5	30	988.572846217348	
18062	7	14	475.386848373053	
13770	10	40	1282.51238938538	
13696	5	41	1310.90668761679	
12108	10	37	1184.3325668873	
29071	1	40	1295.87370802456	
23392	7	21	694.67656905515	
18139	3	15	534.055754716534	
12468	3	31	1019.82725414439	
13290	8	6	253.102800442419	
29880	5	20	671.960539311152	
21312	9	6	245.935532863222	
28149	6	22	726.678274835776	
12555	6	48	1513.33521965581	
9564	6	50	1595.89790388751	
27507	3	9	351.332102060007	
25825	1	31	999.333202447432	
18326	5	30	977.668545775892	
11187	3	45	1425.45487455346	
17100	9	48	1522.12350048224	
20070	8	9	323.866336608243	
24135	10	39	1265.14359544271	
24280	1	45	1418.44883578757	
26453	6	25	813.768626569663	
22124	4	36	1164.0502876621	
28634	8	8	298.624927428842	
27794	5	44	1404.49444296048	
21692	9	49	1563.42759782608	
20154	10	35	1117.40237038462	
17166	9	40	1278.43454196976	
26664	7	9	334.066566980475	
24423	1	30	968.874265592952	
9594	10	34	1084.86831514391	
10236	3	34	1094.09529785351	
27052	10	12	442.011445668531	
23558	5	6	251.08171094725	
19391	10	37	1177.25532716944	
11520	5	30	987.138120917202	
21828	1	18	619.521321309508	
12407	5	34	1091.69273039871	
23679	3	17	577.570388437049	
24174	5	13	460.471367975916	
9126	2	27	877.309193721651	
26587	8	49	1539.88679670723	
24589	2	2	116.937764117931	
13137	8	16	541.319351746384	
9127	2	26	853.540174986022	
23727	7	39	1242.75871517265	
15709	6	8	322.971306370092	
25693	6	49	1552.85700061957	
9812	4	1	90.997256492729	
21318	10	7	283.664442656405	
8327	4	19	644.490875976389	
25215	5	21	707.661189542926	
13544	4	47	1484.68970155562	
23367	8	41	1323.42925077464	
26969	2	19	656.938012585481	
12950	6	16	548.743762815717	
15075	1	5	226.856399954695	
21595	6	30	965.707639458453	
25458	3	47	1491.37926506408	
28794	5	22	731.248971229069	
17364	9	31	1016.65338433192	
27097	5	42	1341.39271217463	
18199	2	48	1519.03623346194	
11081	1	41	1303.0862737182	
26126	10	23	761.067217719307	
16388	4	38	1232.58297698227	
10540	3	36	1151.32377398728	
25844	10	45	1424.81619294026	
24977	8	23	774.07677489057	
22331	5	1	92.1950815302297	
29950	6	12	438.147224466385	
24106	8	11	413.762144154758	
26860	3	32	1024.55311204519	
11155	1	46	1463.39496863233	
17633	6	13	467.834401721058	
10525	1	47	1478.56203908034	
25002	1	23	776.830862451732	
17265	7	21	702.730935915714	
18560	8	32	1045.08475244282	
26126	10	6	241.735727787826	
8758	4	41	1320.45629145599	
9842	5	36	1164.54536976504	
23948	2	40	1267.43728547703	
17994	4	2	130.402124324069	
23327	2	11	404.383389616564	
16478	9	13	457.20712560099	
29484	10	38	1209.40559629789	
23697	5	22	718.582194893892	
18224	9	37	1194.14369836177	
26168	3	21	708.511564353719	
15070	8	26	840.281720962506	
16122	5	39	1253.81368185105	
15788	1	37	1200.31346533462	
26725	2	45	1446.32141720798	
17065	2	32	1043.817983644	
29010	4	35	1135.91648154702	
28509	6	1	100.85056324529	
27869	7	11	413.851490399731	
9171	8	43	1380.25213402708	
19660	1	38	1220.95719800375	
20154	10	4	171.434941185375	
27124	3	14	498.155113429835	
25901	5	26	858.780225729002	
27810	8	50	1598.8021749625	
23616	5	45	1445.51721819002	
14015	9	8	310.728731821631	
24131	10	40	1283.10807749774	
10274	4	1	101.294732923291	
14690	7	29	935.594849053582	
9484	8	23	778.375973505143	
23327	2	43	1371.91290036399	
11575	9	35	1124.12546403898	
10716	3	48	1520.62288701563	
8449	8	42	1329.64353727626	
18676	3	31	1010.79267977308	
12951	2	46	1452.10801456687	
14878	3	3	153.955426697599	
12337	1	46	1468.63410913788	
27812	4	30	978.702884101636	
25243	8	10	383.860092118317	
22891	3	1	103.17738068438	
28705	8	15	512.741579093384	
11501	3	8	310.672494578488	
16501	3	3	145.565210536851	
21526	3	26	851.913360567723	
13302	4	24	784.333542615331	
11584	4	25	813.448678820137	
22219	2	37	1178.23169483721	
14012	7	14	499.576984988328	
9691	2	29	931.917920174039	
21142	10	46	1457.71147583505	
19226	10	12	442.979372052001	
20899	2	28	922.478801888637	
15217	9	45	1424.12755443907	
22309	8	3	150.300786602451	
13869	7	28	902.301178026153	
17558	4	11	385.765144036042	
12348	1	40	1268.63511051453	
22085	8	7	284.884906134049	
27288	5	4	173.654657794933	
13238	5	23	774.099048103252	
12589	7	37	1188.1108633746	
8703	2	43	1382.98734584031	
10531	4	14	495.767724856626	
25679	6	29	936.598663989733	
9662	5	41	1316.15625692352	
14508	2	42	1333.19079483542	
23468	6	46	1470.66992805836	
29248	2	15	515.528737434898	
28665	2	37	1191.70996907712	
28408	7	33	1061.96105484942	
19666	10	6	232.216454107415	
29860	3	32	1035.14860629809	
16458	5	33	1076.39204190876	
14489	3	37	1197.77981731937	
15040	6	39	1258.69336209199	
13274	8	7	267.482618851346	
15430	10	24	793.215015192151	
8406	8	25	826.888814394776	
26860	3	22	741.18367557469	
12312	5	34	1097.28005300149	
12878	10	4	184.876382660529	
16906	8	37	1201.71774793496	
9700	10	1	83.6769288795427	
10282	3	28	920.664497670096	
18730	5	31	1008.93352831199	
23300	6	7	281.646662150345	
24497	7	4	176.495332576565	
10776	10	39	1259.34275067381	
24090	3	4	188.491501746928	
29193	4	36	1146.34287053083	
9738	9	14	485.320316183064	
21643	6	39	1263.74920300383	
15683	2	27	885.048226306703	
29732	9	38	1209.76104401507	
18648	9	15	515.066517309782	
11317	9	22	729.754233253074	
27924	7	44	1414.90476972186	
24555	6	24	808.966546547118	
17130	6	35	1135.7571036442	
18221	2	32	1051.14274777991	
22598	9	29	942.778750761775	
19770	8	22	742.702957402311	
8397	3	28	907.867015911204	
17057	10	46	1469.95686532462	
13644	6	41	1305.49502172763	
25520	10	31	1007.83076575391	
24757	5	45	1446.08675997988	
23327	2	8	306.347737119695	
18665	9	14	491.60742451046	
19799	3	21	714.818559174807	
27582	9	37	1192.55012884389	
24962	1	15	521.746296119758	
17593	9	35	1143.70123055936	
23937	2	20	676.37460479344	
24326	4	20	669.222665442723	
27375	9	50	1586.39311543964	
16504	2	43	1379.31041696077	
9997	8	37	1175.10322718653	
25955	5	48	1527.66513567775	
9582	1	35	1114.50959477318	
16968	1	39	1236.69546225886	
23756	10	7	291.327177384555	
10047	2	11	407.03723568797	
23199	5	2	125.367098546292	
11830	7	19	656.640738666356	
13970	5	17	568.467251103589	
18463	2	5	230.100379991392	
9438	3	46	1466.63099789369	
26181	1	23	762.71330000959	
24996	8	18	608.939128838917	
26248	10	13	452.577849129484	
20917	10	50	1584.24846864503	
21624	10	40	1291.13171075058	
19799	3	40	1290.04092779478	
24412	4	6	234.501302239719	
12330	2	32	1042.17342525822	
8045	2	10	373.850732023758	
21678	7	5	213.720063554924	
27329	2	38	1215.16947594246	
25206	7	1	81.1027625580797	
23785	9	12	435.559902170468	
28035	8	46	1470.14759545687	
21195	3	26	847.735326163348	
26779	10	33	1073.67294257212	
13426	10	49	1553.79274168694	
26576	4	49	1563.57402006331	
9640	4	4	200.047972444467	
22777	7	7	288.673621513263	
27427	8	18	620.538378572342	
11023	8	15	528.673401870147	
9580	4	29	950.443816292306	
9159	6	8	319.801542535332	
15830	7	27	881.30141086937	
9076	2	1	101.247508871019	
23556	5	44	1414.44728552105	
13021	7	22	731.45157337722	
10002	4	12	415.665721714341	
11101	7	26	862.499917364912	
21196	5	27	893.316126658263	
16267	2	25	817.027770624043	
23310	10	26	857.730385762514	
24393	9	50	1579.45576208618	
8778	6	35	1143.6344371101	
23461	6	47	1482.66829567154	
12580	10	9	342.240710045323	
22161	6	38	1208.30166019886	
27555	2	25	830.61458536918	
9113	3	46	1453.66030276458	
13335	7	15	521.873302553721	
13722	6	38	1227.04924018451	
14086	1	40	1292.54238341588	
13772	7	39	1245.59035340584	
22520	2	49	1559.93375124407	
20298	5	48	1526.56237311967	
26823	6	23	758.949692602712	
16552	9	43	1366.54786680199	
26132	3	32	1043.59185122121	
9797	1	29	933.364293115849	
17589	2	4	171.574356859352	
11495	4	21	693.06671860305	
15153	10	13	448.419278659122	
16902	7	49	1541.42675847813	
14246	1	28	926.092619321352	
11538	1	8	314.039898139443	
23367	8	39	1258.49531254661	
23921	3	5	212.776306594152	
20654	3	24	782.947057775663	
19832	5	40	1269.88420187956	
9691	2	46	1475.59364227373	
15252	9	34	1103.0497288625	
19957	2	21	706.507703543877	
10444	7	34	1111.35081465885	
20049	7	28	920.403936896661	
27276	10	14	478.14170531842	
29575	6	25	823.372376795566	
11291	6	13	456.104140084285	
13385	5	11	406.513158346765	
12544	9	30	965.067030491804	
15430	10	25	811.432232526798	
10184	6	12	425.491081488082	
12579	9	25	812.959434694126	
18845	4	9	346.387669679889	
20419	10	43	1366.80031895954	
26892	8	31	993.489138387837	
24497	7	25	836.13101845427	
9843	9	41	1304.85346288646	
24524	4	10	359.867791291265	
18888	2	29	954.739037749702	
29200	1	29	942.297816268307	
11376	4	2	127.899418719066	
12389	5	40	1287.85972215601	
27278	6	33	1082.30142859849	
25281	7	23	770.92556050556	
27306	6	7	280.249408055213	
25726	9	13	448.608491964922	
14528	3	28	916.303627284385	
26463	3	22	733.363142764831	
28145	9	28	909.594538970662	
18520	8	8	304.172983124933	
21425	3	5	209.464403451171	
21038	3	14	505.354602423196	
23067	5	36	1160.73038348962	
23201	2	50	1578.06666049085	
28922	3	31	1018.82357369122	
14381	4	18	600.541536640628	
10500	7	6	261.191568757031	
16907	5	11	405.186416509182	
19327	6	36	1161.79204592565	
12429	2	24	783.189996324102	
14392	2	10	382.845552518426	
16727	7	32	1040.03470845522	
14644	4	3	158.524820729403	
19834	4	5	201.932060589051	
21068	6	42	1346.08327537127	
28749	7	47	1480.10728390892	
15895	4	4	182.031608979232	
29431	10	6	254.626439518587	
13766	5	48	1532.60348093352	
13021	7	33	1077.90887968517	
26443	4	49	1553.64184966015	
15137	1	46	1452.90851530289	
28848	1	45	1428.20802002596	
8819	2	11	407.586385611252	
14757	10	45	1427.69422355466	
29575	6	44	1415.19000670649	
21347	2	38	1224.20627494539	
19812	5	12	420.425254153286	
13080	3	22	720.154528841448	
20540	10	1	109.533213353498	
23224	3	47	1507.06874951118	
16431	4	41	1322.74099731945	
27862	5	34	1096.9186193761	
27067	8	22	740.894047366872	
19300	8	20	681.967829075627	
25656	7	48	1520.13647906489	
21478	9	39	1252.2290512045	
26839	2	10	368.32100918904	
12294	6	12	427.976745268319	
26785	4	13	472.947601747209	
18389	1	19	654.939449697239	
10983	7	30	979.66704637728	
14390	8	24	798.075745365618	
28045	6	6	251.549041425599	
13287	8	19	639.452263749881	
19303	4	20	687.864710263845	
20572	9	38	1209.33490142661	
16281	6	29	960.369368009441	
13326	10	32	1024.84228513429	
25835	3	11	400.142124146289	
29916	8	9	346.576882985689	
24496	4	22	741.677187765798	
12383	4	24	800.759661831316	
14721	9	45	1431.68565928549	
11265	8	9	350.531133464785	
9975	2	10	356.555888148284	
17604	2	20	677.146582397235	
20422	2	25	833.143997878369	
26907	9	5	230.372436936187	
26658	8	37	1203.63356698474	
10972	10	30	976.335261695243	
27772	5	45	1440.76631460375	
20259	10	40	1285.03188766773	
21733	8	35	1132.25883257215	
26945	1	27	876.121246812922	
19945	2	20	660.104555198971	
13191	4	49	1543.11608907912	
26287	1	31	1017.63077336253	
29715	3	35	1119.96423151342	
8169	1	45	1425.94679630638	
18180	10	8	307.878232704419	
19614	1	44	1413.71059979019	
15129	8	45	1426.64969425027	
17288	8	35	1139.65587918631	
12796	2	14	502.969429987934	
20153	3	19	653.974803282868	
10598	9	22	734.83276993727	
27039	8	39	1256.65897860036	
17582	4	43	1368.13412186137	
24420	9	25	819.829513290818	
9430	6	7	285.855105279877	
17248	8	9	343.836906935944	
11423	2	31	995.582969018995	
10097	3	11	400.012404695159	
9725	5	43	1362.95633036781	
10494	4	26	845.391561745383	
17208	7	18	601.981335488139	
11316	5	39	1265.23296009062	
28011	6	13	470.362913902087	
25199	9	11	405.411940927343	
21008	5	28	922.989896667651	
27569	9	14	499.085053326136	
16479	5	5	217.948572252853	
18954	3	25	824.343178283583	
29539	6	34	1096.61234005197	
22161	6	25	814.173135093494	
8560	8	40	1294.63515870955	
28581	1	40	1265.81691279347	
16067	5	30	975.427794612678	
16211	8	50	1579.34770855091	
21806	8	22	744.748621184728	
13046	8	7	271.704128064077	
23828	2	45	1440.40513649602	
20952	10	37	1198.89548882791	
8325	8	4	172.26389144187	
24354	1	15	532.866283195497	
14185	9	28	915.02749351553	
22074	9	39	1261.10378264501	
22914	7	31	1008.71622929755	
23816	7	41	1296.55633018192	
15670	1	38	1221.72311821101	
19979	8	31	1020.48760379687	
24393	9	33	1065.009876017	
21439	9	31	1010.54292364537	
15595	7	31	997.778461704859	
24128	3	21	712.498354759299	
10030	9	15	525.18334558475	
23972	5	30	965.019482972575	
29006	1	43	1369.30250220434	
26400	1	2	110.729685067539	
19532	7	2	138.123219710832	
20262	7	10	357.883128988502	
19194	3	19	627.267859460445	
16619	7	24	794.552290586081	
8397	3	17	582.956899638733	
13102	4	44	1408.79317937828	
15255	10	40	1275.76202753734	
27167	4	20	682.306515966685	
12724	5	2	123.04353913434	
24496	4	40	1288.79629489444	
22106	5	29	959.339644573321	
23192	2	33	1069.0158571438	
11950	5	10	361.231183987684	
22422	3	44	1388.78641331046	
14647	1	3	155.08089210609	
20400	1	1	94.1509772158	
11888	2	14	503.431770439926	
9136	10	44	1396.68748019109	
13588	1	8	307.748513253289	
19878	5	28	910.090047172313	
25960	5	48	1530.36406822985	
28107	9	29	940.87755284313	
26493	10	9	336.516730793061	
23673	2	23	773.806583720169	
9722	5	24	783.68882271633	
17641	9	47	1502.50229287078	
29169	1	32	1034.07517730914	
29409	9	24	807.405648607484	
11512	3	45	1426.56471657872	
19721	3	13	464.113985292667	
15173	9	10	368.989789508744	
18081	8	11	409.615675736971	
14890	3	47	1496.51441058913	
28666	5	29	944.698109545139	
15017	8	48	1521.22448884008	
24271	4	13	466.865492196225	
8615	10	39	1244.43626860363	
10156	2	22	725.852845909937	
8702	3	21	695.938589189173	
27480	1	10	363.470712063588	
24799	1	26	857.104255658157	
13121	3	8	312.720977548846	
12108	10	38	1218.06024351067	
28230	1	41	1319.91993440311	
26559	7	12	417.216685608596	
27019	1	6	232.707261067213	
25322	3	22	739.256419809189	
14999	7	40	1276.22346270654	
24426	6	29	935.462031539279	
18840	7	30	983.627484489059	
9666	9	7	289.066584319373	
11919	2	22	728.495865393661	
22273	5	22	737.270969719287	
17509	9	16	539.212455032027	
13799	2	4	180.365616837687	
19858	2	24	797.245666867702	
20941	4	1	101.366398195441	
28408	7	46	1453.46127574028	
25171	6	1	90.8634678697509	
16434	1	20	680.454606767956	
29320	10	13	454.718002069145	
22800	8	16	548.356378929856	
16869	3	26	855.741799387961	
13837	9	39	1258.92955384167	
21889	9	31	999.806505385696	
12094	6	19	629.72396883635	
18080	9	36	1172.50144655467	
19857	2	31	1016.53307444255	
16196	5	46	1467.56192447038	
25892	10	40	1288.21539990986	
10731	4	13	449.714708612168	
25830	6	43	1377.57892452999	
23910	6	24	780.748891001916	
16425	6	49	1544.2778011897	
25722	4	2	132.985791514155	
17141	2	41	1297.64309068101	
20837	7	41	1322.81730933246	
14219	5	18	616.596796389947	
17329	3	12	436.589898111573	
18319	2	19	630.981561649117	
27456	3	26	843.245873061589	
23694	4	43	1357.8517146026	
28505	6	46	1471.9436170682	
10440	2	15	522.937232089665	
14164	10	6	255.047400973294	
10984	7	39	1240.49392411508	
15146	1	40	1272.34470601768	
10034	8	32	1037.3019555571	
19067	8	26	844.332492707452	
17015	8	24	803.978821972375	
12312	5	13	445.499094000784	
25479	1	44	1390.97499286336	
27456	3	21	714.989378040186	
21888	1	1	95.4839824212175	
11937	1	47	1508.75270999444	
19186	3	11	388.747876728302	
17079	7	33	1056.97917816089	
12504	4	49	1559.130689669	
9498	3	11	400.113429017418	
28079	5	44	1387.49271677225	
10106	5	20	660.205814512542	
28938	2	41	1322.72334536664	
28527	2	44	1408.66153823615	
13544	4	39	1247.24663162941	
12485	5	18	613.912775876891	
23367	8	15	511.487659789383	
16822	10	49	1547.74697439174	
10493	6	24	792.993168529586	
23339	7	14	486.226663517871	
29526	6	14	482.72252615668	
16807	10	33	1074.42835753524	
23185	10	34	1084.76960180549	
18529	2	34	1096.8713776287	
17556	10	33	1059.88190622063	
20011	9	45	1437.20873370637	
18444	6	21	696.866287466542	
16427	6	20	676.412761861651	
13862	3	11	412.804567298295	
14329	10	34	1083.88215286838	
27465	8	43	1359.31258127061	
23647	9	29	957.379262818666	
24600	10	5	215.199490997568	
13433	8	6	252.200581735093	
13823	10	22	743.583102498009	
29292	10	28	922.716305909081	
29880	5	20	658.739715748811	
8045	2	22	742.589546489804	
27051	5	23	765.264908580698	
13154	9	2	115.525091195258	
15687	3	42	1344.23791478585	
23461	6	8	320.663912520122	
17766	6	43	1363.68661966347	
17766	6	8	296.483367372529	
20966	4	19	649.097181339328	
16903	8	50	1570.77574713657	
25565	4	35	1120.52252769495	
9560	9	49	1549.19017636645	
18062	7	8	304.696985438791	
25431	5	48	1509.02445621277	
19832	5	42	1343.55974118391	
12803	4	40	1292.74694972334	
21643	6	16	559.351537488099	
18132	8	19	631.075292039232	
16353	7	12	441.609966550772	
11430	10	42	1329.55046443713	
24698	10	29	960.72949219529	
26991	4	10	374.103615234654	
11602	10	39	1255.10747181955	
14410	6	6	258.275248714851	
14841	8	27	891.886422527901	
9786	1	41	1312.33511486665	
21637	1	22	724.17461086259	
15163	5	16	555.248536800616	
16676	9	19	640.800847746805	
27242	8	15	510.11345395358	
21886	3	15	525.006323514975	
29267	2	36	1150.52276363155	
18304	3	22	745.078435738142	
21118	3	11	404.530325720334	
25269	4	49	1555.17306012808	
18441	1	43	1368.89811329958	
22083	4	26	862.482065811046	
13531	6	23	757.468077334328	
23199	5	22	741.988748732018	
12682	8	6	242.058613636558	
9486	3	41	1310.74173787178	
14365	7	26	868.286234432965	
19839	2	15	527.774196289375	
17987	8	34	1089.10615908406	
14831	7	11	396.686206011421	
21195	3	22	747.676111100091	
10567	5	13	451.71577642286	
9358	5	14	503.780111085521	
25836	3	42	1340.32241168447	
24525	6	3	146.565631547275	
