idEmpleado	idDepartamento	ventas	importe	
20289	5	5	219.229048406346	
26376	9	34	1109.15736115964	
16152	5	39	1259.88672087895	
20772	7	39	1237.35586074989	
28537	4	26	845.054831935584	
18096	10	25	838.712981957343	
13950	9	28	907.089484868147	
27013	7	27	900.001470940188	
26208	9	37	1201.23444441763	
24196	1	22	719.516020640505	
17434	6	4	177.895292610813	
20126	10	10	371.790506565846	
10943	3	49	1567.12915478606	
21965	10	37	1181.05202871424	
12667	2	21	693.280768084005	
14128	10	37	1204.07425213795	
28575	9	1	107.419411292029	
18612	1	18	596.816353144504	
23441	9	15	511.664075977944	
9929	10	36	1172.2867628803	
20067	5	4	194.217908063074	
10917	1	21	701.55628795808	
16138	10	37	1178.31025908622	
25098	2	15	521.955066082047	
20223	5	46	1470.31208725195	
16711	8	42	1354.01969145705	
26236	7	16	558.484021759817	
21744	1	29	948.052477458516	
22641	2	35	1131.09058317313	
18553	9	35	1114.60479739802	
18765	3	10	360.079842638262	
27469	2	8	314.719112922772	
23469	10	27	877.235923147404	
29223	9	18	620.108298463797	
12600	7	48	1510.11397573637	
23440	2	33	1069.58314740545	
17353	2	11	412.862714199751	
9235	8	9	338.896429063238	
22321	8	9	342.576339925908	
24330	5	27	892.013750305406	
24786	7	40	1292.70774864252	
29521	10	10	363.085731884039	
29724	8	5	215.322523105574	
23387	6	19	642.48590249684	
18724	8	23	759.069998245253	
20732	5	50	1576.9952084017	
17680	2	36	1156.73958973807	
13442	9	11	410.453081433872	
17497	2	25	820.205972911886	
22432	5	41	1308.51566517191	
21509	2	45	1419.27258296836	
29998	6	15	506.271938433066	
16384	8	13	468.286016801505	
21470	6	34	1102.85603798128	
24003	2	41	1325.1818910079	
14310	3	35	1117.67276044827	
10731	4	48	1530.84710207342	
13489	3	25	817.931654796904	
16698	8	43	1367.04377349794	
27121	9	34	1091.03514047853	
21485	1	10	360.228960197526	
20804	9	49	1559.03700740963	
13574	10	43	1368.91088776705	
27124	3	3	166.629647019612	
28881	8	12	439.436178002244	
21933	4	46	1463.17617968804	
29717	9	34	1094.55458341844	
11778	6	32	1027.02085632226	
17647	7	40	1270.93805297787	
19665	9	38	1223.69762067855	
10435	1	27	871.211537938198	
8228	4	43	1368.52298222879	
9338	8	9	334.240013218597	
14603	3	38	1219.65032567254	
29335	4	47	1479.57901423777	
28694	3	45	1431.13217617903	
13578	6	16	566.233764852506	
11595	3	18	615.824356589385	
10988	2	43	1362.88506783679	
14676	10	47	1493.31687885025	
24128	3	7	277.280101718977	
27788	2	5	228.030940325945	
15644	6	5	207.84650454663	
26710	3	45	1422.57491800123	
20847	7	40	1295.33221442966	
27142	10	46	1453.8079042052	
20489	4	45	1446.43309612127	
22577	3	43	1374.37988516613	
12184	1	27	894.926407455898	
17054	3	13	472.4412152881	
26087	3	35	1138.73604533204	
28693	1	37	1194.93105940285	
18191	3	17	571.852655565297	
11520	5	26	851.541199447374	
23317	5	18	611.78479010788	
12715	1	42	1333.67074123289	
9059	2	17	594.174844116985	
24086	4	2	128.692876085962	
16942	4	7	283.049724494596	
14274	8	27	895.893818557213	
20705	9	16	562.440624983255	
13017	5	5	209.718733415808	
27651	3	22	739.515028456	
22685	10	37	1196.50835223333	
20100	8	15	517.30412723371	
22965	4	2	130.749600739567	
23152	6	6	252.031925214469	
20345	9	26	848.635691128967	
25653	4	38	1223.2770237435	
12546	6	47	1494.04971482886	
19331	10	19	631.43899559576	
17325	10	31	995.022745484031	
21222	1	33	1055.04658696011	
18360	1	46	1473.72689464769	
27413	8	27	893.755038759557	
19536	2	5	212.19801987158	
24141	3	45	1431.190502863	
8325	8	49	1546.33596976583	
16870	8	13	471.297432589949	
22963	10	17	585.628273797048	
11175	9	1	96.7430835667733	
17141	2	41	1320.17469825231	
16469	5	5	212.094448866367	
17806	7	27	878.496837689773	
8490	10	3	164.961575346515	
20966	4	40	1276.28047853535	
8956	1	27	876.670326663493	
10679	10	33	1082.69881377122	
16812	1	20	687.865535564658	
8168	4	5	225.908273004884	
17183	4	28	916.957332062049	
9404	10	15	517.540888766544	
13948	2	11	412.774632094789	
28571	1	16	546.991249279581	
19125	4	31	1010.876253867	
18191	3	3	147.561368303169	
13390	6	34	1088.51591186994	
10960	8	18	611.338152313297	
22051	7	30	985.270790767516	
12020	3	39	1244.5826136901	
28520	7	40	1281.77597899073	
19945	2	20	677.7974049923	
8228	4	5	231.102861422628	
25726	9	31	1000.87669262703	
12264	7	45	1441.00221969234	
13531	6	5	223.713299848006	
14176	2	5	219.884472442737	
27153	9	21	698.12576091761	
27531	3	49	1557.78616068782	
26429	8	14	479.5867702363	
23683	9	47	1502.48023836989	
12516	5	19	647.838874351158	
29805	10	39	1257.39544349601	
19705	5	41	1297.42145069755	
25975	8	27	879.15073499044	
14138	6	26	842.265926730943	
19799	3	50	1597.62428454944	
25290	2	46	1461.01819076623	
19124	7	34	1111.54677688682	
10927	4	26	841.02364869836	
13364	3	26	854.079274076074	
26794	5	23	769.333111443246	
18480	9	6	240.770155564309	
29712	8	33	1077.36875073862	
15050	6	19	657.092382766815	
20165	9	4	193.898106829216	
21121	10	20	662.248113389242	
24420	9	17	588.055337680529	
17065	2	16	542.850640780689	
23885	9	25	826.193670456388	
28098	9	22	723.682108001635	
17201	3	27	899.852350549704	
10826	10	19	641.065178998311	
20677	2	25	826.714818899853	
9577	6	28	903.852294806322	
27147	1	31	1018.94567857447	
9952	7	36	1169.07183682968	
20276	8	25	811.217756239333	
11292	3	32	1037.49461799743	
25117	3	49	1541.24827549851	
22858	2	35	1136.39600609261	
24723	3	6	258.544565745883	
13371	7	35	1124.91265308341	
25593	9	7	288.278765328358	
14831	7	9	323.428034634994	
25048	5	9	349.118457710891	
26361	3	26	860.145445270532	
8296	9	21	715.353181397241	
13640	3	40	1267.84051428914	
23288	6	6	248.610327136056	
18829	4	3	149.937083753728	
14485	2	38	1227.49772110372	
28405	4	34	1099.79137542648	
28848	1	5	224.247142069157	
21678	7	13	470.503339614022	
10494	4	17	592.44286754748	
8387	3	15	517.027249427991	
26548	7	23	753.73411068401	
15858	7	12	423.784309860218	
24433	5	42	1327.10411286312	
23644	2	36	1161.46518645876	
12877	6	38	1231.82913476221	
27124	3	6	235.275120136922	
24355	10	25	811.592490231429	
9866	8	42	1355.90466223466	
21439	9	20	682.627887820186	
21069	7	1	86.7736953528475	
23245	7	15	510.68062459616	
26991	4	13	473.569155891225	
21283	1	46	1460.20505641597	
18066	10	40	1273.19408990126	
26517	10	26	866.406528310108	
24877	5	14	503.523572768794	
17285	7	36	1170.29850138831	
13739	9	41	1304.62764260575	
29004	10	20	675.534708330191	
23377	5	39	1244.42045835984	
25853	7	49	1552.49139023595	
26912	2	25	833.940716103623	
10376	10	11	387.973925055924	
17523	8	29	933.752661558684	
24573	6	49	1546.894931992	
9948	5	28	920.214823391389	
13968	2	10	374.240313644633	
26062	9	23	756.25658670266	
22771	9	34	1096.18438689792	
12772	10	44	1400.06097512323	
27818	9	14	496.818036929154	
28640	8	12	436.21147928583	
21777	3	11	391.409427258842	
21537	7	17	581.918429146483	
25431	5	14	495.337726145674	
24744	10	13	467.433446379115	
22218	5	41	1310.39050513431	
9641	4	13	459.783089039746	
20870	8	47	1504.56687133041	
26154	10	1	103.269445608961	
12481	5	11	393.320162851978	
16431	4	15	532.374103093694	
13385	5	39	1240.80014681481	
21644	2	9	342.344762358044	
21399	9	12	429.464820674371	
10010	1	8	321.784025506016	
24940	4	44	1407.63545787317	
23035	8	17	575.416237234797	
12361	2	27	883.53055544362	
15515	3	24	803.974148334923	
14559	5	48	1529.49287403817	
26394	9	15	519.619499463411	
27022	9	44	1394.96863128383	
16229	9	29	948.02240918764	
17995	6	16	564.53585919204	
13085	8	48	1519.79339458039	
21494	8	2	115.810384804295	
29535	4	13	473.351451304439	
9754	8	38	1214.57025446676	
29118	3	11	391.614311370819	
24995	4	46	1461.03480649229	
18778	1	2	135.335903528769	
16090	9	9	339.720275336746	
23541	5	27	882.566912696961	
19587	8	37	1189.95565842369	
9119	8	3	154.46914531033	
13350	10	3	162.159728632383	
28182	2	29	958.286627269483	
23437	8	26	857.856363755584	
22986	3	14	478.973081930994	
20232	6	24	793.133067634484	
12648	7	24	790.515412348563	
22941	4	44	1400.06077127534	
13640	3	19	652.26526272123	
23602	1	28	931.100295507861	
9664	7	34	1100.11728714226	
24186	9	37	1193.14056928881	
26532	3	2	125.62916269788	
16937	10	17	584.287840884313	
22162	9	41	1305.11090648599	
21122	4	34	1112.57936551821	
19447	5	44	1398.82407640984	
17695	6	46	1472.72603125904	
21358	9	10	372.210238562995	
29250	4	46	1470.56810108506	
15129	8	50	1577.19853746574	
26869	1	19	641.242848001999	
18127	7	32	1043.3870180712	
21696	1	1	97.3825699544431	
12130	9	17	575.544331565287	
21473	2	12	431.62306157482	
11311	8	28	917.039053829871	
26029	9	26	845.212834572984	
26565	4	37	1192.95255995959	
20431	7	6	242.234639116672	
22331	5	9	337.98425932321	
11584	4	7	272.653827756948	
29753	9	12	438.233234117847	
19517	3	23	752.38910393435	
26495	6	10	354.995675364042	
22103	3	6	239.624296873633	
18529	2	15	529.348830603691	
11933	9	41	1317.55987347921	
17306	3	14	484.557473512626	
15923	1	1	90.841080700439	
12043	1	25	818.977461689607	
10103	7	22	719.558728188071	
25971	3	25	822.703368562601	
25166	4	1	96.9221136797788	
21255	3	33	1064.41857204978	
17483	7	11	406.652825291573	
15149	2	50	1590.18122210641	
25199	9	47	1489.06361042013	
22685	10	48	1509.45934798078	
15516	6	27	879.034945852605	
19527	2	3	142.210730082454	
26961	9	7	262.609872269728	
29823	7	49	1567.51003677375	
8097	1	31	1011.99881161191	
22642	8	38	1212.75712095795	
25613	6	34	1113.22629730833	
14786	4	22	718.772710561181	
12304	4	29	940.90405731504	
10388	9	10	362.312032190297	
25730	2	2	127.350020356174	
21551	4	46	1476.09401380461	
10081	10	49	1545.30257777558	
15324	3	7	287.108211315753	
27182	4	14	490.030623604558	
15641	7	20	673.116036184652	
20082	10	28	907.463459385309	
26219	6	25	834.907335170967	
9934	9	30	973.24005876353	
15137	1	8	309.292165520271	
15587	9	36	1145.48660961235	
28331	7	20	663.230534914523	
27924	7	3	161.264202930622	
20941	4	33	1068.16855774641	
24092	7	10	361.369157862556	
26792	1	22	731.590639395449	
28659	1	29	937.639809277672	
12383	4	45	1418.5394794394	
18714	10	32	1026.46490439142	
17057	10	19	632.96399790466	
16016	2	6	248.891506273715	
24885	6	12	441.441839468406	
23123	8	32	1027.97544340974	
21729	1	29	935.753486592208	
17136	5	11	393.917614106982	
25555	10	4	180.023909034219	
26213	1	3	155.374387053481	
25086	2	8	305.143790983196	
12945	9	32	1026.23442250594	
29225	6	35	1139.6319829764	
12895	3	26	841.769378055711	
26108	4	35	1120.85158631245	
23501	6	37	1188.44477328865	
9407	8	32	1035.24784128892	
18375	4	12	437.207453156452	
29084	7	5	214.747066895825	
17539	7	27	873.674883914029	
15516	6	15	512.450516872318	
26290	5	11	412.672744958043	
9482	4	32	1023.80607749513	
11701	2	6	236.955112664474	
23961	9	36	1171.74549012061	
15440	6	21	696.941163342884	
16894	3	39	1259.77144489985	
25048	5	12	443.972738368424	
16768	8	8	295.804410938082	
13839	1	50	1580.94652715183	
17016	9	24	794.441314523314	
15819	3	40	1286.1408789112	
27380	3	10	360.408172216456	
24326	4	10	355.117311680278	
11677	4	40	1294.68681786893	
18092	6	40	1292.30780616976	
18272	10	11	387.94005941038	
28509	6	4	193.420525916582	
12537	4	40	1285.90818088777	
23652	6	15	528.118570394869	
22288	3	21	689.54909118337	
17595	3	47	1493.19059720877	
14582	9	11	390.006714570339	
19095	3	18	597.74164913117	
9076	2	20	682.319668402113	
9568	3	44	1408.67291266502	
15606	1	45	1433.60807578713	
16069	9	33	1067.52278746456	
23680	3	1	104.6350232999	
18633	7	33	1074.78576162587	
16078	3	22	726.016361641705	
11912	2	21	710.961104589962	
8538	4	5	226.62209096673	
21318	10	46	1457.91575548142	
11783	1	14	505.189292405354	
11407	8	34	1085.86673448135	
23003	2	1	82.6588268962963	
13046	8	14	476.008885240186	
15830	7	20	677.146016153109	
28770	1	42	1344.50067612552	
23552	4	43	1368.20399850989	
16854	10	17	571.780748223784	
17568	2	4	178.113203168899	
20516	10	4	199.077381882387	
14501	10	29	960.933072530168	
28226	7	18	619.002912072001	
16269	6	22	745.826250289486	
23321	2	26	864.514671296121	
8925	1	36	1147.08256018678	
29004	10	45	1428.54378014269	
21377	2	27	880.504713878271	
10081	10	28	921.827315372334	
25822	6	23	751.299272268684	
23685	8	40	1286.62849650096	
14108	5	7	264.125792730658	
29950	6	18	619.259919663547	
28783	3	1	102.666030387704	
10766	6	15	506.064428363957	
19580	2	36	1154.63544426236	
14660	9	43	1363.07257745558	
24698	10	26	863.333087555754	
11505	6	7	272.248657435295	
26187	9	12	419.337715068524	
18466	8	25	821.018649312211	
8162	8	29	934.930165510126	
15854	9	3	163.480209933352	
15073	9	35	1139.51878794447	
22687	3	14	502.492416735037	
26328	3	46	1449.92801927492	
28881	8	7	288.820083387578	
12104	2	40	1289.64897927346	
17993	4	48	1511.93117417019	
19317	1	35	1116.27450976347	
15564	10	49	1541.40750476225	
28322	2	23	759.91457188498	
25302	1	4	197.768342959587	
15373	4	44	1395.07739403987	
8365	1	7	270.929332687952	
20711	10	39	1236.808576601	
19527	2	3	143.316756330112	
26129	9	22	742.846662375539	
12270	8	19	649.09340449101	
18138	6	48	1520.44022727778	
13681	7	7	276.091243157206	
11992	9	7	274.281047747601	
19972	6	44	1404.18904626937	
21347	2	49	1559.66183232128	
11943	4	16	539.993594465774	
20470	2	40	1273.78996275076	
28207	10	47	1485.92937274181	
27006	6	33	1063.20070409365	
19174	10	37	1176.59439853234	
28405	4	28	921.373440977826	
29021	5	28	914.073438697529	
25846	5	16	561.167588569768	
22413	10	37	1175.9553410746	
16774	1	6	232.44303315526	
12646	9	29	957.094553856689	
20723	4	26	864.14721637226	
16413	4	27	877.452862596816	
28861	1	33	1079.48412412754	
21402	8	9	323.333833554449	
8287	1	31	1014.5866520212	
13040	2	29	938.262476799201	
29171	2	5	218.894800869233	
11465	7	30	968.573539708077	
23187	2	44	1405.55280560886	
26124	1	25	809.891767506437	
20899	2	18	606.713924615976	
16736	5	3	146.357449771072	
26969	2	25	824.182525623675	
20660	7	45	1431.73669769975	
24941	3	26	869.255851762954	
21657	6	34	1091.31868793225	
13133	3	21	700.225915080042	
18051	10	8	294.239683064744	
26154	10	9	351.808430157513	
24061	9	5	223.246471911318	
11158	4	18	626.737601564609	
14687	10	35	1130.74111924076	
13950	9	5	203.818377612074	
13191	4	20	679.525193478691	
14215	1	25	828.702453984275	
8141	5	49	1563.99864653312	
10977	1	25	825.619379293928	
17525	5	4	193.054580741122	
9265	5	20	670.557733192368	
12715	1	7	282.201071065944	
16786	1	33	1060.23991619248	
13784	3	37	1183.95923081038	
23161	9	49	1565.32530980433	
17312	3	15	517.982840183183	
9612	4	31	1006.78211631569	
18040	9	12	439.355714004187	
15677	3	20	663.832632202577	
24116	9	14	499.51282882109	
15298	7	38	1234.50675246981	
28321	10	20	662.177750478581	
23967	10	2	137.196442287972	
28149	6	28	905.707508039525	
18816	4	50	1598.63624066051	
16465	10	25	829.77006481484	
26606	7	48	1533.2796698498	
29081	8	38	1207.43251297969	
8443	7	22	741.746847118133	
20845	8	38	1231.4640063939	
18748	6	11	387.338546769385	
12772	10	45	1430.05475304558	
9319	4	8	293.847523617487	
29171	2	9	346.927905505024	
26340	8	28	904.146910917082	
24206	4	1	89.1965612439423	
21677	8	11	410.35695229208	
24658	4	42	1333.4060971315	
14972	6	23	753.634484984742	
18564	2	14	479.958930648844	
25682	4	34	1094.63137957017	
27747	2	32	1050.58800548808	
10296	9	4	192.643097505273	
14901	4	1	105.840220128112	
17244	9	10	378.015806515709	
22408	4	37	1203.35173454292	
9029	6	42	1349.65185131396	
19641	9	32	1022.75469380559	
12284	9	4	181.032139966745	
21999	2	11	386.199685440492	
27935	3	14	504.95458138406	
18339	7	15	509.900137758767	
17023	1	15	507.486055729671	
29220	8	7	280.713086258952	
16493	4	20	659.732930594931	
21216	4	40	1289.63067967893	
16695	10	3	166.050029623345	
21123	3	41	1321.03009352508	
12485	5	35	1132.10487858025	
29539	6	30	974.048312797234	
17963	7	22	746.245523628893	
12843	2	38	1221.26994100458	
11783	1	28	902.251799414983	
16403	5	37	1194.15537290003	
9534	5	44	1405.71603397174	
16270	1	26	840.502980146791	
15315	5	50	1588.35354744846	
26957	7	24	793.312010687456	
28963	9	10	359.812319893303	
25371	4	49	1556.12874856038	
19827	9	4	187.625887891103	
23041	4	40	1273.37601918419	
28366	10	40	1285.72122901944	
22868	7	7	263.873701553733	
12945	9	31	1004.88144925091	
19039	3	7	263.918746981732	
15944	10	16	549.534652973309	
18748	6	2	111.356222159861	
28020	4	18	607.691701523816	
20129	2	14	475.284506117592	
22079	5	33	1080.11821350088	
10669	10	17	590.524976044206	
13287	8	34	1106.40037301295	
14192	5	12	435.547161677641	
9622	6	24	806.509425009838	
28897	8	46	1477.43840901062	
9328	4	31	1002.56869731591	
8954	8	1	93.1344373585351	
10100	5	40	1287.19497491009	
24417	1	38	1214.51623123815	
24301	3	48	1523.1465316206	
10689	7	21	689.326858766995	
19407	7	7	281.301218551258	
14218	10	43	1379.58617218751	
15638	9	42	1333.71340701995	
8560	8	46	1473.36143856559	
21854	6	5	228.336206073098	
20166	9	18	598.487724605244	
10909	8	8	300.124186156375	
15695	7	35	1137.51282636892	
19782	7	38	1214.99818709446	
29421	1	19	636.339840626502	
27800	6	22	742.942373912289	
18307	3	5	224.903391406361	
9666	9	7	278.573797549388	
10100	5	25	831.578562199873	
19293	9	25	824.178908739322	
21703	3	9	323.612354175938	
15759	8	27	875.831637008037	
24119	3	14	475.814183613199	
22992	10	25	820.096026705623	
18336	5	2	134.693807463485	
9387	10	24	793.338392001269	
17559	7	22	736.820372462655	
24216	2	47	1493.93009929635	
8460	2	6	235.720547584687	
23668	2	4	194.869567991639	
28929	4	16	546.704637737342	
16413	4	13	467.645947890191	
22028	7	48	1528.27762496112	
14096	1	45	1437.93428283089	
25363	10	50	1575.21911008992	
28740	5	34	1106.11703577736	
9224	8	22	745.296088655151	
27774	1	2	112.982216939787	
29914	5	34	1098.29902912411	
12221	8	33	1072.07480063293	
29638	2	47	1506.13505683194	
26812	5	15	530.160294533782	
14725	9	35	1131.52001068532	
13353	3	2	115.582540908634	
23134	4	49	1551.04692836806	
27260	8	44	1411.23203600349	
23376	6	33	1070.1788751549	
23859	3	26	860.286319023131	
9290	1	15	523.77837287438	
27022	9	45	1447.58260213192	
29499	10	29	961.496981606585	
28509	6	6	236.973364128253	
24158	5	50	1574.93086280996	
15934	7	22	733.259500271296	
26677	7	23	758.956343139967	
25160	5	25	817.302800350498	
24258	9	27	891.380791296894	
18736	5	13	474.420204532528	
18632	7	46	1468.45272415711	
9758	6	47	1495.98846676573	
17477	1	36	1144.4808460886	
10908	3	47	1485.65607289116	
12799	10	37	1177.99285943526	
16076	8	43	1358.49187057395	
18592	1	40	1281.63156833576	
24888	8	5	210.841776715052	
9534	5	10	371.846561195257	
25604	6	41	1299.57854353803	
8885	10	39	1239.77907700454	
10296	9	35	1130.22280484914	
17794	1	50	1597.64628525714	
28999	8	4	191.921174466573	
16090	9	24	780.27476842528	
18955	1	43	1359.50376156694	
8318	6	28	918.043851907385	
24208	5	44	1393.45205964216	
29548	9	42	1344.31162632271	
22378	2	12	440.231642704565	
8325	8	26	869.049098337558	
11899	2	9	323.461771459999	
12383	4	41	1323.15951684637	
21460	2	46	1476.53405343952	
10540	3	32	1050.15172642197	
21429	4	11	388.137945452769	
25630	9	25	833.372586385055	
19181	5	11	389.731273609088	
19339	10	14	492.715085080226	
11514	8	27	875.018124689822	
8236	6	23	758.977939690919	
25116	10	25	837.916309739424	
8749	10	8	294.736244480468	
27469	2	9	350.875884122623	
19009	7	6	244.529492782675	
21492	3	37	1202.31056235838	
20952	10	48	1527.59395454433	
12599	7	1	100.47898394078	
10819	8	29	952.167435098517	
27575	2	43	1373.02814011137	
27063	5	12	433.950972572878	
22079	5	45	1420.20515165301	
10291	1	35	1119.38547480823	
10369	8	43	1370.60033161687	
8017	9	38	1220.50724201859	
28410	4	31	993.555568025241	
29021	5	46	1449.93631687478	
13718	6	26	849.575807140011	
9712	9	33	1056.69859570297	
25175	8	8	295.427101243021	
22781	7	44	1415.21564836391	
8216	2	30	965.504283497811	
28169	8	33	1072.99117402779	
9601	1	15	531.149148592329	
21095	7	38	1205.37110619497	
14096	1	38	1224.99095269711	
21474	8	6	252.828949919356	
28752	10	40	1267.94679264908	
19371	9	15	515.504346469186	
11888	2	26	869.854913982495	
21350	4	18	605.119284188896	
19014	7	30	971.900294726668	
9324	7	41	1318.12669163483	
25826	7	34	1096.82843650544	
13368	1	18	620.600603847113	
25154	7	14	481.862767265114	
14631	7	28	915.486560368671	
16504	2	42	1326.77040113451	
17875	4	49	1547.3916816839	
25503	6	37	1177.9642060669	
28407	6	45	1431.90980702262	
20755	10	27	897.564867966606	
19085	8	15	521.284624543639	
9022	6	50	1571.28348621134	
12700	6	1	86.2806701316874	
11394	5	32	1048.84394668454	
21692	9	24	804.076296651771	
8630	8	49	1552.5591852295	
8460	2	9	336.02681142093	
19751	4	2	136.59615839673	
12881	2	16	538.201628577989	
29334	7	50	1583.79677924504	
24870	1	29	933.032677906115	
23792	4	7	277.287983837206	
23807	1	33	1059.80247632591	
15073	9	44	1393.47365619311	
15773	1	43	1364.92513571164	
19038	6	43	1363.58709588814	
28605	2	22	745.504777927652	
8501	3	18	619.538540085563	
22809	6	32	1029.48161243903	
23907	10	9	339.647161895245	
13669	8	37	1184.97463747159	
10960	8	3	162.312521116022	
28169	8	26	847.908855922478	
13161	2	33	1062.05067784621	
11963	10	4	182.078460018187	
22895	8	1	102.557038302793	
26588	8	25	829.999727769755	
19214	3	25	818.644474753479	
25487	6	3	158.069007656569	
18224	9	5	203.165915740265	
15903	10	28	902.184125456114	
8680	3	47	1478.73438963608	
18605	2	13	463.517294220402	
19363	2	18	597.650780397305	
26112	7	15	524.219658954171	
27051	5	34	1101.70768781645	
8479	7	15	524.868478460642	
29866	2	6	236.527159510426	
28852	7	14	500.914656045341	
27863	6	8	300.269764689854	
28400	4	31	1011.91998122815	
29901	4	13	458.908188072456	
11350	10	11	411.653285404506	
20772	7	18	621.322504943853	
11261	10	2	118.867616820553	
15852	1	35	1120.83870779762	
17128	5	2	117.025960179524	
16407	3	25	827.126947654005	
11495	4	21	716.937631553476	
18308	9	36	1151.89946448053	
23670	10	20	661.265623206862	
14916	2	31	1007.85314159834	
15741	1	5	228.482593627871	
24929	10	36	1172.26264512737	
12648	7	41	1312.59023049501	
28053	6	12	438.972103427617	
10761	1	24	803.374630288861	
16858	9	18	624.229992285478	
29945	6	29	946.765486666358	
26328	3	24	781.519258348979	
29611	2	24	802.559457459747	
9260	9	35	1117.38233666745	
27111	6	50	1578.52715074016	
9435	7	12	415.035712837724	
29436	7	23	761.61265378893	
14982	8	33	1054.29828827004	
22565	10	44	1413.7706896168	
21509	2	16	542.151695928607	
22717	4	29	949.253997238937	
24301	3	9	343.217447895192	
11388	1	28	918.718617427497	
26362	1	17	588.977618417226	
19274	1	4	198.623884040222	
15225	8	24	809.211847749172	
26248	10	28	927.727180667094	
10186	9	24	806.066449399137	
20123	8	42	1350.65923571152	
13531	6	8	306.586350978625	
22692	5	32	1023.18306102566	
14170	9	20	661.239752220567	
25274	2	50	1585.53107812327	
8116	5	1	82.87278011575	
21870	7	4	181.706843200003	
21820	9	18	606.169543176037	
14579	10	35	1141.9002925334	
21870	7	47	1494.33098385778	
14531	9	42	1330.25179600821	
11447	9	27	891.254649093028	
23934	8	27	885.060549902292	
26226	7	3	165.247555526554	
17559	7	10	378.333057527585	
24940	4	47	1500.63848617516	
18366	5	27	889.761672844068	
26533	6	41	1319.39539769636	
9675	1	34	1097.71030723011	
8275	5	47	1494.5376445607	
27853	4	14	480.381037332295	
12423	7	50	1596.61757256678	
27581	6	46	1459.70985115492	
23651	3	20	664.569328550514	
24792	4	41	1307.06801818082	
28160	7	37	1174.87426425092	
26926	6	46	1477.87295041507	
21008	5	13	453.720183658283	
14807	1	8	313.180847053035	
11108	7	3	152.288004789636	
19089	5	27	889.229257558114	
23573	4	31	1019.2707458787	
9217	10	9	324.53546446028	
9472	4	17	586.523781095875	
20858	3	21	688.312867716101	
23767	7	17	576.788279310236	
9069	5	37	1201.04693125982	
12159	6	10	365.525734445791	
16678	2	24	795.98818022571	
12479	5	24	799.686677343998	
28400	4	31	1015.67549346745	
17676	8	32	1052.35760756412	
18853	9	27	873.13542030432	
26466	9	26	867.281669931152	
13823	10	41	1324.04649226183	
20223	5	18	602.516040523777	
29288	8	39	1257.09114602631	
27057	1	26	864.006441712383	
28917	1	49	1564.88439036761	
14512	7	31	1018.08013125233	
18388	5	41	1299.21594557316	
29624	3	14	479.228486343859	
20521	4	41	1311.50154051906	
16582	4	32	1033.1895361064	
24146	4	11	405.685412066842	
11184	4	42	1354.04166314473	
13916	10	13	446.876499823703	
27240	9	12	438.613732475142	
14390	8	29	954.171734039752	
24109	3	14	490.656813872353	
19398	7	5	204.999829700682	
28240	10	42	1327.98665954172	
29520	6	10	372.988696123002	
12214	5	33	1069.61228774377	
13702	7	20	685.101726299665	
22202	10	11	390.981050129505	
13189	6	19	646.719184632748	
18448	4	10	378.536768806417	
23397	2	33	1076.93468781045	
23689	5	44	1401.54477821735	
24540	4	10	379.591554915342	
28810	9	18	604.235938398277	
17391	2	18	603.407217470653	
12429	2	10	378.023629886109	
26507	8	16	558.862151093251	
15604	5	32	1028.02342976817	
13966	9	24	803.482152262461	
17080	6	20	672.428181223771	
25630	9	29	940.522836288681	
9865	3	24	784.551977657039	
11033	7	48	1517.7831182246	
17269	9	21	693.866508702685	
28605	2	14	488.835793290676	
19481	3	27	895.100715800701	
12236	2	13	453.072059216477	
29370	10	14	490.000771214255	
25055	7	41	1307.76920535963	
24972	2	27	891.345928353884	
28640	8	6	260.838369029033	
23271	3	29	934.271204571366	
13661	8	5	209.911779486533	
13059	4	26	842.43319878468	
23670	10	31	1011.35400040604	
19645	5	11	385.331366353357	
29509	8	20	674.686847643315	
15061	9	40	1287.68883392573	
10631	5	23	759.368911441122	
26659	8	44	1403.52313256055	
17067	4	6	262.179943631487	
14325	9	31	1013.06544213233	
24224	6	49	1555.79685589103	
10998	3	29	958.554377219898	
27032	3	43	1387.07175390193	
8561	8	6	243.339612150257	
20985	9	22	718.488576336991	
29619	1	23	774.980007174881	
19234	3	46	1475.82126887321	
20340	6	31	1013.47791063296	
14237	9	16	554.327385013144	
15929	8	30	977.661982298671	
19517	3	19	630.559510882273	
29060	5	43	1374.44831859993	
28572	8	34	1098.09089618646	
17550	9	6	249.619756382713	
8491	9	17	572.873695647751	
22428	4	34	1111.133320998	
25295	5	28	919.150866251043	
17135	1	33	1077.8879803223	
15736	7	21	696.540228527291	
12563	7	7	275.10095508541	
23061	4	20	683.211844769871	
18793	3	42	1355.37325627886	
18955	1	4	197.698399777384	
21465	2	5	222.663483239088	
23792	4	40	1271.63299873082	
8437	2	35	1137.15835613066	
14336	2	37	1192.88193799224	
22028	7	8	298.075851117296	
17847	3	41	1303.33678224279	
22360	7	27	871.173317167523	
21196	5	9	348.654518327049	
20125	3	31	999.959019701909	
23817	2	14	490.248237592284	
9725	5	48	1527.45739415635	
25378	8	25	828.75512176601	
25302	1	19	639.228741004704	
29998	6	28	906.794754800757	
23468	6	9	325.496181140419	
23984	5	6	256.61213946371	
13405	1	40	1278.0920520416	
29217	9	18	614.179502341049	
15217	9	10	374.291294726679	
18122	4	12	417.01854334074	
16301	6	27	883.176386730362	
8584	4	10	383.711693689093	
22908	3	12	435.463460886601	
14784	8	42	1344.34230259822	
26666	2	26	841.734244023326	
17676	8	44	1412.45767070561	
8198	7	36	1163.55352664532	
24299	2	13	448.537967674685	
14916	2	40	1281.48093111882	
13038	1	24	786.982904033262	
11622	5	50	1587.07898854608	
25764	5	11	409.853597362458	
23685	8	7	280.423599612165	
28785	7	26	840.855977442514	
16686	3	39	1244.40827066284	
12929	1	17	571.706613419441	
16931	7	37	1181.33022020633	
12528	3	37	1182.09806918264	
8547	3	39	1257.74541775591	
22516	9	41	1310.14112839016	
27404	5	40	1283.15406784562	
24350	5	21	709.007463971622	
11407	8	38	1230.60049118036	
11592	1	30	964.200081007648	
18774	10	36	1170.63350203011	
16203	3	31	1020.8646346167	
27640	9	48	1533.64495464305	
11954	10	7	284.33856619724	
11047	6	20	673.654685110624	
24572	5	28	901.275840858592	
23303	2	31	1018.4481764857	
23119	7	39	1260.92145274436	
11592	1	11	388.920550043192	
21467	7	31	1018.35471293812	
10540	3	28	914.522013047022	
18357	5	45	1438.95178955	
21637	1	28	916.169537844215	
10097	3	44	1392.81605353244	
17127	8	12	431.147693968912	
29039	2	14	485.61818041169	
12067	1	5	219.783255597476	
11764	1	14	502.635349492838	
24811	9	20	667.173587208229	
8331	8	8	292.976115668647	
27090	2	14	503.169249046207	
18507	6	37	1197.60379679389	
23238	9	19	628.331522153845	
25420	5	44	1398.37276356219	
20935	6	39	1262.38648413792	
20413	1	42	1353.78956772098	
20958	6	20	675.281919257381	
15638	9	4	175.993982858953	
16425	6	29	956.434084585139	
10977	1	20	664.150166336517	
27152	1	22	733.864475495119	
23017	5	6	254.16892275874	
29514	8	23	753.111202508729	
23044	2	33	1071.26337987895	
19779	1	6	253.70880056811	
14335	3	45	1420.86960940662	
27374	3	47	1478.81271606256	
9895	5	29	959.214960448078	
20338	5	43	1374.88328256406	
26340	8	13	460.205090260229	
28190	6	43	1368.53472754757	
11201	3	11	406.157535801715	
28216	6	1	100.933047319266	
19887	5	26	862.068886674041	
23339	7	48	1526.33396439549	
17483	7	44	1405.45648111285	
15143	7	39	1255.53707557523	
18332	5	44	1388.51416667388	
12981	4	25	830.95037521373	
8099	1	26	852.12723734422	
25941	6	36	1170.35787279269	
10897	7	26	860.518718352783	
29144	1	2	121.833876763393	
12851	8	31	1017.62437551172	
26953	1	16	541.030831961441	
9026	6	50	1573.02970523621	
20589	8	13	472.533112462858	
18516	6	5	215.272191080857	
25012	1	18	621.952082059324	
28886	7	28	919.865117389646	
26991	4	8	305.993921601211	
24664	4	28	922.454193626742	
13585	6	11	384.487368159223	
29059	7	41	1324.77038370667	
15116	3	10	364.490237443005	
16874	1	22	740.353090288282	
28661	6	23	765.840587041267	
11385	10	45	1444.90615796526	
11394	5	38	1219.10725296433	
27855	2	18	610.27808456229	
23807	1	18	606.805464349131	
17794	1	26	860.568295149397	
27638	9	22	727.752066928778	
18284	3	7	286.968496948	
13766	5	15	524.44138812108	
15013	6	4	177.011713244492	
26040	3	37	1176.67074947463	
8628	9	43	1366.2626354798	
28673	4	46	1472.0387991667	
19186	3	46	1456.93000302507	
19755	4	4	178.252492145753	
26062	9	27	886.767752583496	
18900	3	29	945.043607645223	
17052	7	4	184.306847240919	
14647	1	34	1093.79229354383	
13358	9	46	1473.34575714234	
21724	6	5	212.335045995347	
8910	5	42	1335.48682699701	
22019	5	18	610.232547917512	
11092	8	7	280.679095331896	
28760	7	32	1028.33649694376	
25996	1	42	1343.5405249817	
8017	9	12	417.262878388755	
14310	3	15	535.018165174414	
8136	4	6	234.211168659018	
20561	8	15	526.080533920825	
24646	1	1	101.670167642492	
15291	2	10	376.16266361259	
16619	7	17	577.578649231036	
10213	6	26	865.98087410721	
9704	1	22	719.615894071579	
13215	6	44	1410.63091760996	
27638	9	6	249.406913709551	
18531	5	8	300.672290651441	
12799	10	9	325.321772995089	
25217	8	11	389.789577643289	
22630	7	5	212.766651424005	
16037	6	45	1434.86537981539	
9338	8	17	573.182987390637	
22906	7	12	444.019118716949	
15649	7	14	476.358955761585	
29866	2	21	706.270476983055	
14400	8	9	343.23339191416	
28661	6	23	765.022079034253	
22714	1	25	821.612625243893	
16974	9	31	1019.22616901771	
8332	5	50	1577.41058598152	
24077	9	7	280.180520918304	
24313	8	8	310.978090162844	
15019	2	14	491.144480300669	
21347	2	18	608.018044292935	
15229	3	32	1030.35376004426	
28527	2	28	914.673610047751	
29484	10	31	1018.42815763244	
24135	10	37	1181.94158761852	
13272	5	26	863.264939367429	
13934	2	15	523.305416760643	
16822	10	7	272.733901754363	
27526	1	2	132.757328288982	
17457	9	50	1598.36085420026	
10972	10	3	155.341545602	
25197	7	27	880.508085862039	
29073	6	26	868.683986248767	
14075	9	20	686.057925059487	
22833	7	25	817.314108953492	
11989	8	10	367.62157453579	
18062	7	21	717.360838873946	
18942	9	22	724.371316993782	
29021	5	46	1458.98507424583	
28967	6	24	784.002715900542	
13704	8	42	1340.57910571833	
9021	8	10	377.469666179954	
25168	5	26	842.303839606374	
23669	7	6	246.213429200562	
21933	4	44	1404.32013957031	
11954	10	11	402.06601996071	
18546	1	33	1080.30713306754	
10374	1	39	1252.2407993545	
28755	1	41	1313.40553993052	
20696	3	25	814.984999641303	
16384	8	16	548.669947939306	
27523	4	45	1421.48964672419	
27728	4	3	145.184573449746	
16822	10	3	166.434168930368	
14081	6	9	337.962829814275	
18127	7	40	1289.26213402732	
25742	3	17	575.957307562212	
15826	3	25	830.978756077112	
29243	6	22	718.730703032916	
28640	8	33	1062.05683362766	
24744	10	46	1466.48416088265	
24431	5	49	1540.03274966964	
21399	9	43	1382.10805152641	
20935	6	17	574.822133190381	
8729	1	10	368.677573114949	
25051	3	37	1195.85086989955	
23719	10	45	1437.58649073429	
9519	10	39	1257.17546685467	
22081	10	49	1547.70797008076	
13570	6	15	533.991050708103	
8136	4	10	381.865330143769	
10963	4	29	933.039268987737	
29607	9	12	421.195446672475	
15377	1	35	1126.9753742623	
8132	4	23	750.565374582338	
27583	2	8	310.548378112981	
26748	3	7	268.049920437881	
22427	4	22	748.460180847189	
20215	4	38	1214.10801806213	
14901	4	26	859.875567657815	
8166	1	43	1382.95780629989	
16067	5	27	871.064617406141	
19743	2	16	559.328361823842	
26931	1	28	917.772328647679	
15189	3	35	1129.69090626095	
9960	6	9	333.851898877812	
25051	3	25	815.323512412293	
11385	10	24	782.249817318399	
10826	10	12	428.095095245212	
24280	1	35	1128.05197492617	
22026	7	44	1391.66426697358	
16054	1	47	1486.38208279683	
25214	4	1	85.6406139608662	
14091	2	14	476.928240618169	
15832	8	28	917.518555017895	
12832	8	44	1400.54635604869	
22026	7	17	595.361614653543	
9694	6	9	347.481706415993	
28755	1	46	1477.53585608561	
10482	1	7	288.469269670765	
20039	7	16	564.479529226422	
17319	10	45	1423.13166621287	
12843	2	41	1304.53282927374	
25758	9	26	859.414489222418	
22730	6	15	513.119669497534	
16732	9	38	1215.63067895157	
28029	5	33	1080.29420005171	
18067	8	18	618.209199187443	
8339	9	31	1015.86879434803	
24102	10	1	107.414451701294	
26725	2	34	1101.21221358944	
21489	1	45	1427.49712671502	
11185	7	38	1216.87073801498	
12721	2	46	1458.8551353751	
8632	3	40	1279.09902732777	
29024	4	20	675.419543476505	
22016	2	33	1060.7043878458	
11576	3	16	544.335722878732	
8067	9	32	1045.13122692943	
21204	2	2	114.825674237137	
20175	2	13	460.527357487254	
17561	4	22	735.336673415888	
23972	5	28	909.080371609461	
17945	8	14	499.655995154593	
23327	2	22	742.326783734526	
19587	8	14	495.483247346935	
28962	3	28	927.398655026871	
25042	2	49	1544.26720605431	
11966	2	7	289.456819244407	
12715	1	29	950.019018533648	
25302	1	41	1315.18676345944	
13955	10	48	1520.56821402189	
25177	1	27	870.924324761575	
18433	9	31	1005.63874839136	
14204	7	10	375.396038431393	
18195	2	49	1559.82614008702	
16018	7	36	1166.5317881324	
28938	2	41	1299.91387260142	
11548	9	14	484.652659150144	
14687	10	48	1514.06022730938	
24674	3	26	853.5576988261	
24052	8	7	277.114313224849	
27387	10	43	1366.38102297037	
21149	2	11	400.680643543918	
13215	6	1	106.839761336725	
20419	10	49	1564.16714025855	
19386	2	9	349.511344781849	
24206	4	5	226.785478585765	
27580	2	24	797.829213290396	
12623	4	8	322.09901154139	
17289	6	12	419.84196820289	
9869	9	2	131.025891774812	
18092	6	28	902.350479486562	
19834	4	45	1442.71018184848	
10482	1	45	1427.94191218351	
26373	1	45	1429.14285581053	
18596	9	17	594.051294603409	
8312	10	27	884.876834119147	
26999	7	4	197.087705487892	
14939	10	1	97.636422150599	
21677	8	10	368.232023924697	
21122	4	35	1136.02699399741	
26031	3	11	408.752379943036	
26666	2	3	145.849775814381	
11326	2	11	392.227688241856	
14721	9	37	1180.64399956756	
22928	8	19	636.572801953448	
14884	10	7	291.231989623621	
24819	5	36	1163.45909694371	
8072	9	41	1319.27288724076	
15298	7	34	1108.8877553441	
12504	4	43	1360.79051524438	
14880	2	2	139.683063728587	
18954	3	35	1131.07099962005	
10271	1	26	861.267975411037	
27052	10	7	263.413044262404	
24293	3	30	968.955650445519	
14680	7	17	588.399728065543	
24026	3	13	472.816233817868	
26906	4	23	778.159643475972	
19800	8	5	225.971902565086	
21186	10	24	780.613176441106	
14017	5	25	826.43799276391	
13535	8	49	1567.35780770302	
18350	9	18	610.177050330759	
8709	2	39	1264.16087168463	
22752	1	21	698.217734535326	
27878	9	32	1028.2141429131	
13033	2	37	1177.69683620785	
15741	1	16	546.253182620859	
14329	10	32	1045.77484548361	
21729	1	10	361.654954013254	
14647	1	37	1182.82616711353	
24026	3	13	467.016236999545	
29134	3	38	1225.82820338468	
9091	8	41	1317.53070482869	
15602	5	46	1468.36193328181	
17875	4	41	1300.53124715599	
23277	8	1	88.452955302062	
15602	5	15	526.19576176917	
21828	1	31	1007.59433830511	
19344	5	2	138.279355158228	
28640	8	20	663.326381642058	
14706	10	33	1078.55632604964	
25745	9	25	813.211256197287	
9654	6	20	659.051452958515	
23289	6	50	1591.34282804622	
21507	7	43	1371.27947986651	
21342	2	20	661.44220643744	
28412	9	39	1244.52886792111	
17128	5	16	540.187205365015	
17838	9	1	85.6515665378662	
26196	4	14	492.060600301279	
10394	3	31	1018.92806201192	
14346	3	46	1471.66451958551	
29934	5	37	1187.61884748359	
17013	7	11	389.589001233498	
10282	3	12	441.394572240019	
26842	1	35	1135.67272548362	
8468	4	22	728.06681655723	
19154	6	16	562.426265032229	
20400	1	38	1208.35865904035	
17903	5	21	713.535153415769	
9797	1	21	697.205914322848	
29177	2	9	353.498041757149	
17017	10	25	827.23280133085	
17183	4	6	257.964348130843	
24069	3	40	1272.66682672904	
17951	8	47	1505.24279623537	
19684	8	35	1143.73727058234	
23934	8	11	395.05111098059	
16910	6	40	1268.42440328953	
24757	5	17	579.946772763481	
12719	7	49	1546.6204720487	
13434	9	43	1370.56530517087	
10493	6	3	167.692547406858	
21996	4	4	197.286794799048	
20781	8	42	1347.88166671427	
26170	10	25	834.146551505731	
12313	8	49	1551.12559737224	
24109	3	40	1272.8180436384	
17638	5	28	926.938254668814	
26901	7	13	446.771936475659	
21372	9	48	1533.16796828675	
28046	10	1	86.0659772558445	
17390	7	32	1040.12327894574	
20762	6	46	1469.59435371197	
21932	2	6	243.898105101612	
29893	7	17	595.351717414033	
8460	2	2	118.209355901093	
28668	5	31	1007.94170359519	
22085	8	34	1106.9673610418	
14321	6	6	244.858521672365	
25764	5	29	960.386138744832	
9259	6	49	1563.76949673694	
24136	4	44	1399.23567926476	
26886	9	32	1024.74420174246	
19562	5	49	1566.12046731921	
9484	8	24	805.05828429249	
19608	10	50	1585.97845486644	
24110	9	14	481.087104827672	
25387	7	11	398.676001317183	
13332	2	46	1466.03668363115	
11465	7	35	1117.70493585509	
24811	9	28	929.477756940517	
17154	6	27	871.762802075484	
23245	7	34	1105.70479377439	
29084	7	16	545.440128252581	
10945	8	39	1248.36275684105	
21031	6	43	1383.97197217865	
15970	1	33	1070.33205268454	
8072	9	19	641.707334519228	
8191	6	38	1207.24802073429	
20382	3	37	1184.54712811138	
23041	4	33	1055.24877291883	
27877	9	39	1235.48801036342	
13510	2	26	841.586722564691	
28113	1	24	780.367185129024	
22528	6	21	691.139937067004	
13480	9	28	913.374762811407	
29100	7	29	957.638447618875	
19587	8	1	94.0662430292304	
17820	8	23	757.315109315009	
29553	5	46	1467.03344033427	
26107	4	5	215.795566987151	
27011	2	27	888.083749938795	
24561	9	34	1103.56588161716	
26224	7	38	1219.56063401865	
29454	10	50	1582.85097531176	
8970	3	50	1571.32962590611	
22016	2	22	742.948345664399	
28842	8	5	231.166327479839	
22826	10	18	622.82338242178	
8050	3	26	848.168096639294	
13920	5	36	1150.03849254457	
27308	1	29	954.142042321219	
25889	9	33	1060.90157103767	
25729	10	28	929.067000620564	
21237	1	20	683.690211346229	
23671	5	25	814.30317518036	
17753	1	48	1534.41848517136	
24490	2	31	1004.15422545939	
10367	10	17	595.535348260559	
18041	3	25	811.379745235378	
14354	6	19	647.877303216549	
18813	3	13	446.234369075966	
19147	5	47	1499.71934030751	
18752	6	20	660.311393560987	
24020	2	47	1505.137365826	
24831	7	11	408.281486373526	
21612	9	19	637.648956700065	
12589	7	9	324.377016613435	
18028	2	29	954.980530252205	
18752	6	47	1491.68352148108	
8561	8	21	708.340007247562	
20201	6	13	467.020861798441	
23417	4	39	1241.36089200217	
17691	3	50	1599.00324329687	
24496	4	30	981.909368867944	
23534	10	2	121.394007001721	
16000	7	43	1368.19692045832	
25513	1	47	1486.14415975574	
8126	1	16	562.589152940823	
27583	2	40	1277.03313093494	
20789	2	22	721.023626514256	
11651	9	28	919.165725204705	
13364	3	1	98.8839520974476	
22606	2	12	439.079924094994	
18149	8	2	114.508635566807	
21789	5	4	181.106730597609	
12929	1	6	254.586439325747	
14598	7	48	1512.51972194413	
11746	2	4	176.676973782795	
12325	8	46	1476.83676188664	
28929	4	30	978.95627764005	
15457	5	49	1553.48422215948	
11971	6	34	1098.53089476867	
15945	3	49	1545.93536407963	
20168	2	27	899.156137117723	
20981	10	43	1369.56119791118	
15739	7	30	988.364409631288	
13674	3	15	523.254488056178	
29323	2	41	1314.42326819264	
23656	1	39	1254.56948893823	
28131	4	31	1013.68066920605	
29621	6	14	498.571329050963	
17366	10	27	876.185797227633	
10109	10	22	731.139860940697	
22992	10	5	219.828089391733	
14300	4	23	763.017630746131	
22642	8	41	1312.78115031905	
18070	10	33	1061.89832774079	
27032	3	49	1547.15763175262	
10084	2	19	642.296204344507	
27053	5	32	1046.10625472204	
21097	8	2	128.27432541562	
17357	7	15	521.565072518571	
22897	4	28	918.502217325616	
21612	9	3	170.356118721122	
8557	10	42	1328.71157801184	
21235	10	12	427.350416978519	
23324	5	35	1140.63941621251	
21220	6	18	625.80275799418	
18242	3	44	1404.03063522839	
15262	10	6	233.695047047779	
8207	8	22	725.129234755938	
27381	2	5	227.70004283064	
28662	6	33	1078.14376836556	
21718	1	17	592.727243841033	
14798	7	23	754.855785088081	
15709	6	30	968.48996702977	
8024	6	40	1295.42552792254	
18365	7	24	779.847106179151	
26677	7	38	1212.34817095676	
21612	9	22	733.029597370433	
23680	3	28	924.942432402141	
14290	6	6	251.720891563092	
10637	8	28	908.019664002592	
28749	7	9	343.352461728897	
25357	7	8	302.452297463292	
15011	2	2	122.979927977072	
24119	3	30	967.744091156751	
26724	4	8	299.251834703261	
16701	8	29	951.491004820676	
21113	4	13	468.325580278563	
8643	1	24	792.688111584954	
21132	3	49	1565.36209019151	
10590	4	35	1134.38076943829	
24110	9	15	510.730507164602	
28783	3	28	930.681952224431	
29754	10	34	1111.91914964091	
8198	7	6	260.028677443056	
29083	6	46	1455.57924535851	
12861	7	36	1170.44455910588	
26515	9	31	1022.21078093267	
18077	1	45	1447.72499341877	
20122	10	47	1497.451730062	
25688	1	48	1510.39263296425	
8993	8	34	1100.87444189045	
25448	7	10	368.551434450108	
26219	6	9	350.871286220323	
29246	5	44	1398.04202886207	
27867	5	5	218.412617099664	
21029	6	33	1064.97230430365	
8134	4	44	1394.52766371636	
21828	1	1	97.3556223965043	
25466	5	10	362.051221561642	
12499	5	12	414.809460795861	
19085	8	48	1509.26660697407	
19381	3	4	201.163822319901	
17315	5	46	1476.55343385253	
10781	6	38	1213.54540851598	
11597	8	19	655.149755596719	
15630	10	46	1467.90382125783	
25195	5	40	1285.73165003477	
12627	1	33	1059.60632582177	
8051	4	28	921.387581509253	
24782	8	40	1274.3117531735	
10769	4	31	1015.70505494983	
26170	10	32	1041.00693546282	
27005	2	23	759.767144564431	
27920	1	21	693.319273392353	
11796	5	19	647.413261200959	
10665	2	39	1262.0452916166	
18452	2	39	1242.93663544717	
22634	9	24	788.461289586714	
16054	1	45	1439.84628256403	
26210	7	38	1209.40254707327	
16476	4	7	270.137390024093	
9113	3	27	885.304603951659	
27628	9	32	1027.49070234014	
26991	4	9	341.328258598842	
13487	7	44	1407.14522211214	
19013	9	50	1574.80102727879	
27960	1	49	1551.58101124297	
20338	5	9	324.937899115001	
26658	8	25	829.331474057087	
25334	5	25	834.279530399609	
27843	5	36	1156.96334110432	
21420	6	13	450.969957882059	
19754	5	15	510.636890023312	
19739	8	38	1230.55262939565	
24877	5	38	1225.11416246421	
20100	8	11	389.566684844702	
18259	2	33	1054.1285183719	
19289	9	47	1498.37374112493	
16492	6	38	1204.87892184634	
25168	5	50	1587.67542410068	
24995	4	47	1484.71290907111	
20283	6	49	1562.6044551109	
13950	9	18	606.337411909521	
16766	3	8	303.139976888495	
17288	8	17	574.687578014418	
18202	1	2	139.867506427629	
11154	4	38	1208.78428988568	
27792	3	39	1257.55201282797	
23520	3	25	830.628767661112	
25902	2	16	556.367325483061	
18248	2	45	1422.03566885648	
17447	2	20	686.066374129647	
12460	5	6	257.509339832472	
17509	9	23	752.64867448837	
19834	4	5	224.672070771769	
19358	2	21	703.962003022415	
13769	6	23	773.673119979758	
17325	10	38	1215.22517525369	
18313	6	44	1406.40018640384	
23559	9	20	680.34872831793	
18172	2	48	1516.32281001486	
19536	2	32	1040.79375091977	
27097	5	8	310.27485176468	
27354	4	3	167.108051109644	
10669	10	4	197.348412069189	
18572	2	19	644.735097067773	
21394	1	18	610.370045439512	
29746	3	35	1129.21451516879	
22752	1	33	1068.20511092814	
9763	9	9	337.846576356258	
24207	9	7	287.9167732447	
21951	7	42	1344.56289432224	
29337	9	37	1183.58236774038	
10348	10	46	1452.17085846335	
24363	6	41	1324.68963800217	
21148	9	8	307.532934913194	
23269	8	10	358.967192042138	
11261	10	24	804.350725451648	
8990	3	43	1366.64068058442	
24388	4	42	1347.27771568451	
14561	8	13	446.016737393111	
9869	9	10	374.028998414999	
21016	8	34	1094.30913145389	
14145	7	9	352.964148574026	
19296	10	31	1012.24386154313	
26192	3	16	550.896966974669	
27273	9	7	273.460618049587	
20214	7	43	1357.98821553494	
16763	1	34	1085.88055862388	
27738	7	18	601.152159441799	
16818	4	38	1215.89356486494	
21283	1	45	1438.90334311822	
21978	8	4	171.97355472109	
17098	7	18	604.530193528407	
20057	7	3	151.35261408582	
14231	4	15	523.919158151336	
23909	7	42	1332.32960334622	
22748	8	15	519.229360799878	
15619	3	4	185.791564819306	
28481	10	48	1529.95248094665	
9224	8	35	1129.49746098812	
21596	2	3	159.569774716892	
24280	1	7	269.346901899831	
9637	4	17	572.782191304854	
8910	5	9	348.450552238361	
15320	8	3	157.472774534241	
27130	9	34	1102.48400638927	
18988	1	11	405.33848136912	
8511	8	32	1027.9590364862	
14442	9	48	1517.13913585857	
22458	5	12	424.994810980277	
9537	3	49	1569.32239452811	
12325	8	46	1448.58449466926	
13382	3	2	139.122470719331	
28181	9	8	314.331990924818	
23701	5	38	1222.29381159986	
17791	6	49	1546.48461946588	
21106	1	49	1557.31070319065	
21456	5	23	754.864189566516	
16275	5	39	1246.45144509452	
29901	4	13	451.274479018186	
16888	3	26	852.38182990457	
8332	5	2	123.333956544909	
11450	7	16	547.05295148634	
17114	4	22	721.953011491314	
12868	3	13	449.013430126483	
20070	8	39	1252.58933960115	
24847	7	20	659.05217421197	
19599	8	43	1380.81824437753	
24091	6	27	880.77047985083	
8460	2	17	575.203331566976	
9026	6	45	1439.73783124226	
23783	1	21	698.559160632342	
14831	7	45	1436.68819963778	
15146	1	8	297.780254696394	
15903	10	10	366.446962676219	
25656	7	4	184.682096515168	
13594	8	18	601.526940149035	
13237	5	1	84.5135963356651	
12325	8	29	934.771087008887	
12685	5	32	1048.4129605854	
14998	8	46	1468.12213668047	
22117	5	11	410.029179048738	
19828	3	36	1168.7414227653	
9432	3	6	256.157348461522	
13573	10	39	1246.57117033683	
29655	5	50	1590.31884844895	
23061	4	2	112.851084001759	
29244	9	10	370.198202603589	
13586	2	15	529.058802485959	
26729	1	17	577.434538685453	
22220	4	43	1375.01890015556	
17582	4	43	1364.36517123336	
27342	10	16	539.340119724786	
22646	2	36	1158.67800192846	
12976	7	10	357.115631083546	
22535	5	2	116.235818171984	
9381	5	41	1322.29395041349	
13923	7	46	1450.82917981354	
10737	5	47	1499.43712211188	
11966	2	14	504.88343493309	
13117	8	15	523.4318321773	
10766	6	18	624.520236991588	
29350	7	5	227.188556635374	
21142	10	31	1021.9358042916	
23710	9	17	585.256979738016	
8184	10	29	950.763233895769	
14484	7	1	91.8962950314844	
22611	7	45	1441.34221602294	
29615	4	49	1547.8850282486	
12973	6	35	1117.61171508469	
29038	7	32	1024.95767931685	
24302	2	49	1552.79710685499	
14316	3	45	1420.09310255763	
25638	6	7	278.038484509121	
19403	1	17	583.15234233772	
