idEmpleado	idDepartamento	ventas	importe	
24638	9	34	1093.98981577437	
11422	7	11	393.803763647472	
14400	8	36	1144.94796564102	
12576	6	41	1318.0276343031	
26192	3	41	1299.44072113346	
23303	2	32	1029.21422276144	
23227	2	16	541.181537127673	
28284	6	32	1023.21556343847	
21070	9	16	548.769463928775	
24682	1	46	1472.61274987488	
23321	2	30	964.478263298272	
11785	7	32	1039.02494654014	
27599	7	15	519.234979357214	
10062	5	3	157.42889415353	
19048	4	1	85.8757312623205	
23494	1	41	1319.51190454863	
25902	2	42	1354.1208792823	
18090	1	47	1480.5206647704	
26706	3	47	1490.58727639289	
15773	1	31	994.436440744641	
8089	6	25	834.044883788584	
12124	6	11	393.5877903521	
14270	8	15	508.19749405058	
13086	5	3	140.900410740124	
16208	8	27	884.056044856113	
13652	8	26	853.361360045784	
14676	10	42	1335.3633418937	
14096	1	11	397.861804551381	
8398	8	41	1321.37261459668	
12468	3	4	181.122481385769	
22070	2	21	700.936280368332	
21245	9	48	1535.46247583603	
20154	10	33	1080.34204697252	
26740	10	2	133.645137498921	
17641	9	38	1224.01767743007	
16695	10	15	507.266416003586	
18036	7	28	918.442276138087	
21460	2	5	230.449273432814	
29539	6	37	1175.42455090928	
27493	7	2	127.993902213869	
14329	10	23	770.12768714229	
26870	3	6	249.328723889463	
25091	7	43	1368.90847202805	
8455	5	27	872.275056947151	
15725	7	24	784.179597824896	
18242	3	23	751.116276323384	
28481	10	48	1526.54720273174	
20506	6	26	866.335431405499	
27379	5	33	1066.90527205677	
12916	4	6	261.544535617132	
10505	10	1	86.3305371284161	
15242	6	36	1158.00492310804	
16032	2	13	466.548310549254	
26222	6	38	1206.23964894854	
13248	6	12	421.020489270343	
25504	10	24	780.402025422268	
29093	10	47	1485.60626959689	
19996	9	34	1084.04755490089	
9507	7	15	513.971589446986	
19569	8	15	526.07936108768	
25291	10	40	1293.85088086773	
29374	6	5	223.319732576292	
18092	6	41	1301.84294884179	
13203	9	13	447.646982543006	
26323	4	26	851.676469506545	
14288	9	32	1029.01578746225	
22336	3	49	1558.68289956762	
15538	8	13	465.589841858293	
28661	6	15	533.411216723458	
27889	10	37	1178.60931525873	
26321	4	14	481.069628410539	
10010	1	37	1203.67160584949	
25994	3	11	385.096113861118	
15739	7	45	1442.59337417902	
11637	4	8	304.308753602351	
28197	1	20	664.716159899121	
23798	3	18	624.679318324048	
17215	10	39	1235.92243710343	
25016	5	29	956.720812915229	
24207	9	5	212.939768532729	
12201	4	28	926.814157314046	
10884	2	16	549.027910488205	
14542	4	28	930.95653249461	
28522	3	35	1139.82807897955	
20442	3	4	174.791944257352	
29678	3	35	1142.9313572603	
22371	3	36	1148.91416528677	
24645	9	46	1474.10239802399	
14399	5	41	1312.62464822858	
28957	7	15	523.615652007803	
8032	9	18	621.660146406693	
17847	3	45	1434.39472123719	
14971	3	41	1316.47768398583	
12715	1	22	729.345189821601	
8236	6	12	434.143021346136	
18546	1	18	626.807954565998	
22883	5	16	547.485775047674	
24116	9	31	1001.26148948505	
9121	1	1	100.598587440606	
23683	9	42	1355.16381036265	
13607	1	24	792.433376755767	
25826	7	35	1140.95736087344	
24048	1	11	412.924214682041	
20177	5	47	1488.29595679804	
25478	5	43	1380.47490720659	
9304	9	14	482.658931278931	
15465	9	26	852.908809246919	
15595	7	18	623.954936370233	
11108	7	30	981.930895346185	
16813	2	42	1356.30432937122	
25478	5	6	235.722707098221	
25378	8	9	329.683832493463	
26280	6	5	207.326741985663	
9859	3	10	381.031820914257	
15357	6	37	1199.26520377363	
23832	7	25	824.822970379527	
14118	3	27	892.363200081682	
20453	7	6	242.014869862243	
16084	3	9	352.855038285654	
18382	7	41	1308.74511224625	
15013	6	47	1480.10162217547	
23538	2	3	164.580501543628	
8402	8	23	752.965193629714	
11486	2	1	89.7955647156553	
29010	4	19	636.949168852041	
14096	1	19	646.674907173344	
12420	4	47	1487.19392186366	
16152	5	39	1255.75092403952	
12499	5	34	1088.45035283288	
27398	6	40	1277.50079903635	
20868	10	4	197.230384851447	
8320	2	38	1223.417828839	
28151	1	38	1215.32384966282	
25000	1	37	1201.55700255258	
22486	4	31	1020.50639177696	
21889	9	43	1385.8567964406	
11666	5	5	216.103695806164	
12474	3	32	1042.66057569657	
18700	1	43	1359.35317177295	
19294	4	40	1292.13301297842	
9512	7	10	370.022548013377	
10851	2	18	604.95922891654	
26584	5	17	572.171502677804	
28922	3	49	1556.32031885736	
28465	1	10	367.892944909582	
14776	10	10	371.97631391323	
16709	6	41	1307.06797925153	
23870	5	31	1015.44586307157	
23422	6	35	1130.07998604797	
17130	6	38	1209.32005096661	
18785	1	42	1334.44475448432	
18855	8	11	385.470905185431	
10838	2	22	728.406451199393	
11340	6	11	391.853475194356	
18287	2	46	1475.06218818718	
23585	8	21	707.852875212139	
14145	7	13	467.99216724373	
18308	9	11	403.128649966386	
19437	8	29	931.346787945994	
29186	4	25	813.800000033248	
18520	8	17	595.465009415273	
13188	10	37	1197.1578852074	
9186	5	35	1135.50458353735	
29528	10	41	1304.43009630983	
27490	2	39	1239.07394451977	
17800	5	18	612.30487825922	
15114	4	21	714.35998283064	
18564	2	18	605.769739433085	
26893	10	29	960.525429137296	
26561	7	44	1413.40840733303	
19115	4	21	688.719274573363	
21505	6	46	1449.70262438511	
20524	8	14	482.661698089289	
26176	7	20	660.722025307232	
12153	5	31	1018.72256423287	
22432	5	29	955.142393258932	
21470	6	37	1192.40899886582	
20756	1	24	796.644874772357	
23339	7	41	1321.90261980607	
23229	9	9	344.972854938811	
14972	6	29	939.606927921812	
15664	10	16	551.748058792086	
26103	8	5	205.670937991548	
25960	5	47	1479.13030186628	
19876	10	49	1543.05604455204	
17186	7	44	1411.75947966602	
23702	8	17	575.011377639608	
17116	10	28	903.470374468467	
23817	2	42	1326.4948143654	
15877	9	11	392.653516564823	
19782	7	31	997.864629196871	
24723	3	44	1412.97504583978	
18368	7	4	191.31378775058	
12130	9	18	625.553171739705	
16529	9	23	776.668003563149	
20289	5	23	772.864662805975	
13679	2	33	1069.45464537919	
28941	6	26	867.741406367971	
22921	10	11	397.246374337583	
26429	8	42	1355.58806665036	
27969	1	39	1257.61633108259	
28629	9	24	781.298239818447	
18090	1	2	134.920433934275	
10835	5	41	1316.67157871494	
19190	1	18	600.600776393246	
23756	10	47	1484.74213009921	
23875	10	47	1502.80920709614	
22414	10	3	147.684425892161	
17890	6	30	973.130910961484	
27635	8	18	599.919794928245	
18178	3	35	1115.44387634631	
25509	6	40	1271.34729247137	
17032	5	20	681.226030160313	
23968	6	20	666.373933007184	
29551	2	46	1474.19307211144	
20800	6	2	123.716950623187	
10548	7	33	1071.48694721585	
25117	3	39	1256.37428167107	
29860	3	43	1361.3740517578	
29708	4	45	1427.31446485376	
22650	8	2	117.293500619611	
15852	1	44	1410.88960836217	
22124	4	27	879.274925067683	
11045	10	19	647.871912572473	
20057	7	14	495.54377813616	
17571	3	27	875.744228733584	
14878	3	42	1338.38883663453	
25788	10	46	1457.10852634958	
17139	6	47	1484.05402174408	
8311	5	9	325.857901426897	
19635	5	47	1485.68774787974	
8402	8	11	404.667592497853	
9549	7	14	479.398500434774	
20047	5	49	1566.31455315571	
18170	8	20	687.356523856221	
14717	2	6	238.308688103365	
10767	8	14	496.827624857811	
27861	6	14	488.999359276611	
17564	2	29	958.529525473029	
25049	10	2	138.313914452826	
13940	10	48	1508.95027256988	
15524	1	15	507.326951747447	
10693	1	48	1530.33946350698	
11447	9	24	806.575019437156	
9549	7	27	877.209640218508	
11184	4	42	1326.5173367255	
8099	1	25	811.749015679466	
17213	9	35	1124.9398547434	
25487	6	23	751.36009962827	
12952	6	22	732.951052939962	
16807	10	41	1301.37771559012	
27746	3	44	1413.08036370812	
13805	4	34	1106.36735461017	
28777	1	17	569.931909483826	
28396	7	41	1318.29456603075	
11473	10	45	1446.72672272042	
29319	10	47	1502.02331475076	
15851	8	34	1087.0485213618	
22395	8	28	901.127800578777	
10938	9	41	1324.85654765966	
14474	10	5	226.353293464684	
21109	7	2	125.700680746558	
26858	3	7	263.630404148079	
13564	1	22	727.273009534587	
18131	5	21	714.232047048505	
15146	1	24	790.776283848461	
8661	5	27	871.948792036599	
13772	7	21	714.911477004602	
28343	6	50	1579.01740915096	
22571	7	41	1315.88438400807	
15129	8	38	1226.88932576538	
23080	10	20	662.487587939244	
16410	6	10	377.844756198043	
9082	6	41	1303.06013730497	
27558	10	48	1518.36419228388	
27026	10	38	1209.96654887216	
24799	1	47	1480.55014485519	
26805	6	3	152.699905630527	
11572	7	43	1370.66227235396	
26369	5	23	769.026441410662	
16486	10	3	143.995213054118	
13930	6	8	293.44898189113	
9193	9	24	785.748426721314	
26862	3	25	831.102968804121	
15494	4	18	624.480185836777	
27118	9	3	152.60738417162	
14430	10	27	898.300237887679	
13895	4	48	1509.46659095095	
9312	1	9	328.019987124959	
28735	3	26	840.629801135804	
16386	2	9	336.285373352601	
9881	8	31	1009.77910349601	
21219	2	37	1187.87155869783	
16642	5	38	1233.67297781337	
28300	3	48	1511.96062098814	
20595	7	46	1463.24959182332	
21196	5	9	323.696547599368	
23707	9	27	883.066453972397	
25855	8	4	172.342972388651	
9327	7	3	166.433356370047	
16908	7	15	534.568544688899	
26945	1	4	176.837538674864	
23669	7	36	1145.92244559243	
16482	2	32	1035.4757156202	
24090	3	34	1106.06172717459	
25197	7	22	718.890127650877	
24542	1	35	1115.23560751008	
25206	7	44	1403.3072173052	
26131	8	19	651.567717199944	
25993	3	4	188.328017158587	
16813	2	49	1566.17657786523	
22634	9	45	1429.32340912024	
11888	2	41	1316.38624900784	
26276	3	5	212.101359168115	
13191	4	39	1260.86133460554	
12390	2	48	1532.90431157355	
15644	6	29	939.952254025243	
28962	3	32	1032.52743534396	
10850	6	4	182.79282369781	
9195	8	19	641.624662876886	
17698	8	47	1492.47604596078	
28296	7	30	962.482201085651	
15252	9	13	466.891489879643	
26375	10	25	818.387608015159	
22442	10	33	1059.59901065547	
8976	9	8	297.110222269367	
28398	9	33	1074.61602924141	
9364	6	22	744.171778384676	
18605	2	44	1391.09951631683	
14382	10	2	135.114600460564	
23261	2	30	966.270001272797	
15331	5	20	677.483690882793	
20382	3	50	1580.35693324188	
20800	6	40	1284.22891598392	
23859	3	8	314.457896721763	
9818	4	49	1567.15767437925	
16881	6	22	747.526536298695	
11227	3	42	1350.27271110112	
17446	7	41	1325.04124162953	
25143	9	47	1505.5900581859	
14039	7	19	637.371776661543	
9311	3	34	1094.99302058248	
22883	5	29	937.898873751005	
9101	5	5	219.691969966372	
23695	8	27	874.453223270575	
20526	4	15	506.961964232364	
10301	4	40	1293.39285448817	
24887	2	33	1055.77019952972	
22395	8	50	1572.81164320782	
28182	2	50	1579.05630941459	
17182	4	18	603.297337798075	
13599	10	27	891.16911225541	
23783	1	24	780.273630274587	
8952	3	35	1130.71830951177	
12058	4	7	273.957310409265	
9090	4	36	1172.08634360325	
23387	6	41	1309.94604879522	
15682	9	11	407.534837577275	
11068	10	50	1575.87670496473	
20696	3	27	888.95150490522	
8102	2	39	1244.27409840947	
19041	8	13	451.063829125401	
19854	1	1	92.2077009883745	
28154	6	17	596.45311673938	
25165	1	25	822.05801588579	
14766	10	30	968.692886982436	
18239	1	46	1448.96647587836	
24892	4	2	112.157333023919	
13432	6	47	1497.64346244635	
22705	7	40	1293.70366022629	
21142	10	26	865.377775274859	
26769	1	37	1189.67954292413	
20105	7	41	1307.48619371442	
9731	4	7	277.202765511909	
14281	5	1	84.2528862153426	
23347	2	14	477.483025378307	
10249	10	1	104.583327334646	
18813	3	9	327.199519913271	
13951	2	49	1543.93438474458	
18050	7	19	632.637046423106	
10011	3	18	603.717367781195	
17200	6	1	98.8458297116895	
28938	2	23	771.360135176852	
27552	7	44	1412.04320690224	
12333	1	35	1131.81726266249	
28332	4	3	155.100889017387	
15801	6	47	1497.21006060821	
18859	6	15	529.638623730111	
16749	6	34	1090.27160557465	
10262	3	22	742.371553118514	
22751	7	9	337.211625584034	
11993	2	12	419.99169872142	
12043	1	43	1374.39600613639	
11660	5	15	516.089736724314	
20242	2	9	341.315959776433	
9609	8	7	266.307947536142	
19340	2	33	1082.7853195941	
24325	4	12	421.445757011625	
15315	5	31	997.633954080583	
8166	1	47	1505.76033628814	
24682	1	20	657.995488354003	
18717	3	39	1261.23552146425	
26673	9	36	1158.12673708337	
24370	7	10	359.107982981535	
29689	2	24	793.678534139729	
8483	2	31	1013.61779487395	
23887	4	37	1183.68291854099	
22458	5	17	583.070864762678	
23347	2	35	1126.46542329642	
12980	7	44	1396.47428503096	
27265	7	36	1147.5030162686	
15832	8	33	1062.74652888195	
9171	8	13	463.600452832692	
13148	8	32	1023.23965854162	
21209	7	10	365.234137124025	
18956	3	38	1225.42826869778	
15738	7	40	1279.70369394855	
17208	7	7	280.164494086134	
16338	4	33	1064.63585407689	
15646	3	22	746.957126868403	
27791	2	33	1071.48282637423	
18127	7	31	999.32785214825	
29279	10	18	621.885727449267	
10351	8	25	835.271909327839	
26796	9	32	1036.49203464226	
20566	5	15	525.386076553439	
22308	7	44	1415.28353678774	
18610	9	27	871.39645699011	
11971	6	48	1535.88680573548	
25603	7	45	1417.9449386792	
12945	9	31	994.697705784206	
29055	2	40	1283.13757032302	
18128	8	28	929.565565832688	
15688	6	2	118.174048456444	
17315	5	50	1574.6415580691	
9002	10	29	942.481846316942	
16358	10	16	540.719092628322	
14703	2	14	492.252152195318	
21574	4	21	698.364672762512	
18306	9	4	198.199467788543	
9481	8	17	571.417970476401	
15280	5	31	994.139195845527	
19295	4	31	1003.17320043369	
19671	6	40	1293.79732054369	
24788	7	37	1194.86853684991	
9758	6	27	874.465096702084	
28930	3	49	1556.39124588873	
12874	10	12	431.156347594762	
16554	8	5	230.855599600289	
21372	9	21	715.887691078655	
16420	5	17	586.604253587594	
18239	1	27	882.620825507967	
28972	2	29	956.809902934735	
19889	2	9	330.676827212179	
12646	9	15	514.277509913909	
20589	8	39	1258.66763620575	
8273	2	22	719.349794014986	
25946	9	11	402.854827755529	
18697	9	28	922.61594833928	
17120	3	9	348.292457586291	
29004	10	37	1198.3342580862	
13932	1	11	392.286461550876	
10583	2	19	647.184059027202	
23270	5	41	1308.52048461722	
29829	7	14	481.776579246752	
15736	7	46	1464.36544594558	
24302	2	5	213.180963049261	
21612	9	12	425.426404376247	
22140	10	32	1048.59810047252	
13353	3	32	1022.75229080708	
11841	6	23	764.709176069456	
18308	9	26	867.45154175323	
19186	3	37	1181.79982132362	
19721	3	29	946.436386288347	
9544	3	6	255.539156392002	
23493	7	3	157.343630528703	
24861	7	50	1596.15465171456	
12001	4	28	928.088406905573	
20398	7	39	1240.40337247793	
22936	10	6	242.026937940171	
16479	5	17	568.994830664711	
26778	7	33	1064.12718919298	
14310	3	22	720.540857389821	
17932	5	27	899.99911465682	
28165	2	28	911.340685091606	
13675	9	4	192.076880276239	
21777	3	11	406.327667388286	
9059	2	20	678.888738620509	
26176	7	37	1203.89653854254	
29585	1	11	395.97392186335	
24648	5	8	303.132052301956	
16713	1	5	217.864264872793	
29542	8	36	1169.63620385604	
8241	8	12	430.072215176221	
21933	4	18	599.86520970234	
15667	5	6	259.131508925525	
11421	1	12	426.955136818325	
26974	2	40	1294.65271581647	
8855	9	27	892.020741296942	
8965	3	42	1330.50309090433	
9709	7	22	741.284133652823	
22072	2	38	1210.96484151248	
15256	8	30	982.558247122242	
21670	7	24	808.103308793205	
21612	9	49	1551.1785150092	
10528	1	41	1319.15271183436	
11303	1	41	1300.82100418435	
19105	3	1	90.3735166463878	
14015	9	3	155.137670820177	
22765	8	12	436.933879385206	
25661	2	39	1262.51298449119	
9363	6	44	1391.26138710941	
9387	10	23	762.451455277601	
19876	10	23	760.589010399109	
14703	2	43	1379.29762692158	
12654	8	5	214.207068893224	
17133	3	40	1271.74560416105	
21806	8	42	1347.18494437038	
17038	10	14	477.179799525617	
22120	1	10	369.699698970513	
24807	1	35	1138.0377785573	
23731	3	35	1134.29222442875	
21963	6	25	821.529865833712	
21585	4	22	732.62417860917	
18112	4	24	799.620238505127	
22096	2	18	626.844911196663	
24307	2	41	1297.81533789719	
21158	10	25	831.727606147401	
26672	10	12	426.571176586007	
27403	4	50	1596.40764746648	
22010	8	42	1330.38849371038	
23381	1	10	381.501935898094	
15695	7	2	116.067665608631	
19083	5	48	1509.9002815736	
21323	3	34	1100.74280428735	
21235	10	29	958.029989152229	
9591	3	3	161.568942070738	
21097	8	48	1512.43754859662	
16397	5	29	948.820599647621	
28169	8	37	1192.18797325724	
10722	7	14	491.255876091894	
25458	3	11	395.954150741899	
26286	6	18	603.751067800331	
9249	1	26	846.96265915733	
11715	4	22	733.460937372158	
13117	8	15	511.870665192544	
26882	1	33	1055.41280959519	
19095	3	14	489.047193456929	
29005	9	19	650.774588254641	
9893	5	13	465.658140809116	
11566	1	17	587.385904764471	
17028	10	20	679.770192447943	
14383	3	27	897.47291629085	
23321	2	18	602.321042326428	
22060	1	7	272.465312347033	
19751	4	38	1206.99190922407	
17203	5	13	469.434975678769	
16038	2	9	329.934068513072	
15208	1	1	88.4830702880784	
11663	2	31	1004.33360381254	
26554	4	1	101.337373937172	
14721	9	16	549.093398036944	
17437	9	39	1263.80234006038	
25044	5	3	158.730023353701	
28098	9	21	706.545385674827	
29953	1	29	961.011048593098	
29152	6	42	1355.19372150078	
11070	7	26	852.551173704002	
20148	5	39	1259.84620611176	
15404	1	14	501.267637769351	
12515	5	2	132.638126822486	
27469	2	43	1359.30805556444	
17032	5	14	478.364344722761	
18484	6	27	884.991826268375	
21412	4	47	1478.44382287862	
23702	8	25	822.083627815397	
29907	6	18	610.541156628421	
14871	6	50	1574.56720667638	
16215	9	50	1599.16324123701	
26712	6	10	367.749573312583	
15496	9	36	1171.43210160147	
15158	9	27	888.768144440264	
29815	7	6	260.95301789276	
14288	9	49	1560.91303577689	
25506	5	34	1089.02174270201	
9487	8	22	730.618301262436	
13335	7	34	1084.02901960724	
29577	3	35	1113.7466232822	
24374	8	41	1317.43496922657	
23809	2	47	1493.75089506328	
23311	7	17	568.59501347346	
14006	5	45	1431.63487355767	
10200	8	47	1503.95447830854	
9250	10	49	1544.48699583508	
24885	6	36	1170.85059932007	
10034	8	49	1542.16247805495	
22421	5	22	732.151810681518	
14006	5	15	525.021044446631	
18843	7	5	220.417273482502	
25448	7	43	1372.44988877906	
23974	2	23	756.676943691763	
23071	9	7	282.861635891191	
23919	5	25	829.200987345167	
25513	1	5	229.50695048529	
24271	4	11	413.02001398663	
20848	4	25	828.077849200032	
23501	6	7	281.405847725182	
16060	9	1	92.481090022475	
14638	7	22	723.877219447809	
24842	3	32	1050.38168453164	
23435	2	20	676.450752595649	
15619	3	14	494.867769002387	
25559	1	9	330.77082727606	
17568	2	41	1320.7334969755	
14906	3	45	1432.90150221107	
29769	7	25	812.569229496908	
8511	8	10	368.140380144185	
22124	4	41	1302.88930428349	
12288	5	20	669.708280651694	
22992	10	50	1575.92708441239	
20830	5	46	1476.98202898585	
18149	8	8	321.447098218578	
9132	1	35	1135.11620447744	
9199	5	43	1366.09531104848	
11599	3	48	1532.67262429589	
21418	3	8	301.00325326482	
17897	7	46	1455.3535772559	
15778	9	15	533.877348887677	
8500	6	41	1314.1412269483	
14030	5	48	1536.28134482367	
25997	7	3	169.931817133879	
22412	9	3	165.52011218179	
29754	10	45	1434.14993319388	
28957	7	8	306.713352457952	
15593	2	38	1211.07262962082	
10235	10	30	968.57046571028	
10672	3	2	139.567157095097	
19889	2	2	111.446067407469	
24826	6	38	1227.89302179026	
13173	4	9	340.943893501975	
13308	9	15	529.212453537254	
13017	5	33	1071.54792958477	
26778	7	13	469.869403834394	
21113	4	9	347.053284694931	
14724	7	27	897.300142467627	
19388	8	3	153.727244471073	
27746	3	37	1180.86404628161	
19481	3	7	263.220981333042	
23528	4	4	191.585493624017	
26620	3	12	438.281369823162	
13944	4	39	1254.02209791076	
29012	5	32	1029.26250639803	
8729	1	46	1455.31276379494	
12600	7	6	244.49018907011	
18841	7	47	1495.46785979321	
26769	1	15	515.229845473184	
11756	5	22	747.745431413756	
14040	7	33	1063.10567629668	
19730	1	8	296.8343261894	
27011	2	4	192.01676072181	
27828	7	30	972.72427194413	
26757	5	42	1347.5284988375	
26735	9	10	378.33986307417	
29130	3	24	787.595874624139	
28098	9	29	960.449867397756	
20052	9	17	590.930640413859	
8045	2	20	660.717835808507	
28590	6	1	104.057474818107	
16371	8	4	189.660867354675	
17245	9	16	544.331036500787	
24962	1	23	753.002072401811	
24547	10	9	336.694312736715	
29844	3	3	154.996282493228	
26486	5	11	408.76438714972	
28565	4	35	1126.71463087514	
24250	10	14	485.434099401084	
12555	6	46	1451.57769438418	
20035	2	26	868.062919782504	
9879	4	16	548.795168580858	
19480	3	46	1458.94537982482	
29521	10	22	720.139206983214	
26055	3	40	1272.13259592286	
22348	5	12	422.29185526366	
21456	5	29	955.859857125143	
25795	1	10	362.259246912906	
26627	6	22	740.66931073585	
25827	6	8	310.207348386854	
20110	4	40	1269.65974412377	
25400	8	11	411.245492664746	
27388	9	23	775.842784147636	
12042	7	8	300.825034296524	
27214	3	20	676.461480798415	
24836	5	44	1414.61174121807	
22432	5	35	1115.87626106845	
28541	10	30	968.219621557845	
13022	4	24	781.683954699749	
23237	2	23	773.208066510599	
11052	10	40	1282.27352921026	
9716	1	30	986.603417297175	
22687	3	11	386.369502053768	
25901	5	34	1093.00940866257	
12945	9	36	1156.8065714635	
16120	1	3	153.560113978367	
25506	5	39	1247.25445712323	
18308	9	40	1285.27929742135	
8615	10	31	997.327785174049	
9958	5	29	954.266223904801	
18059	10	35	1126.54837664522	
21866	4	21	717.775558194972	
24615	10	34	1090.03376039212	
12125	7	20	663.652151089	
28245	4	47	1479.68251163125	
21596	2	17	594.310507715824	
20908	9	12	437.888946364582	
25643	8	33	1071.8775537386	
9654	6	41	1300.59167602127	
17158	4	31	1005.23664357385	
21485	1	32	1022.48000594903	
8524	1	14	505.336627711233	
22767	3	8	299.780556661906	
13365	2	10	360.723292027006	
13081	9	30	991.058091684737	
8671	6	40	1292.81198215336	
8501	3	31	1013.81808320704	
11228	8	9	323.506002204263	
10722	7	3	156.540591603397	
10708	6	15	522.082571518646	
9572	4	19	639.120021424778	
12284	9	32	1040.54476559188	
25259	3	12	425.030676175389	
17052	7	41	1312.22603289048	
27388	9	6	249.304165173929	
22207	1	47	1481.45950248533	
19339	10	6	242.42566652709	
19124	7	13	445.935971162252	
11222	6	36	1163.33263551972	
19684	8	37	1198.57248194449	
21932	2	23	775.037398140429	
26112	7	40	1270.58055970379	
25914	6	30	964.931461738856	
25895	1	43	1386.40308683105	
19743	2	24	783.658971741637	
16208	8	19	631.884185928797	
12056	1	28	921.211732272623	
19326	1	4	192.190633058637	
29927	4	12	421.142522665273	
10126	2	3	162.15097308259	
27612	5	33	1056.72279485349	
23742	10	2	123.998707329854	
22672	5	40	1267.62794553657	
29901	4	43	1376.4473111259	
16236	2	42	1350.72806056157	
15276	8	26	856.936901499022	
11111	6	23	766.822860635269	
17750	7	1	105.646210026763	
10238	2	4	181.951316977828	
21612	9	46	1463.99458931014	
16060	9	22	739.742030771329	
10672	3	31	1003.74845491897	
20314	6	38	1208.73870581795	
28930	3	16	555.245213655403	
10571	5	11	395.146202480023	
16705	8	3	166.003611053342	
16388	4	10	372.744882019584	
12950	6	43	1377.80772750164	
12076	8	14	494.34798591507	
14971	3	50	1598.22300914592	
14596	8	12	431.884841188735	
29033	5	50	1591.95297520233	
8193	4	47	1508.54491821888	
16895	8	4	182.019194076778	
12153	5	8	310.199245433416	
25057	4	42	1351.89944624524	
12951	2	35	1140.40516597238	
28710	3	15	513.377469830856	
23461	6	37	1177.06432028537	
16094	7	12	439.17390575594	
14870	8	13	451.600249880739	
23187	2	28	901.627450148401	
22535	5	47	1502.36347953899	
8518	9	50	1594.38961852081	
24105	10	33	1065.35977666516	
12952	6	17	595.121314094924	
11225	7	43	1372.9168200553	
9014	3	19	648.583365049485	
12079	4	49	1561.49797232891	
27581	6	31	992.367263674907	
16158	6	24	794.63664185006	
29033	5	5	216.779456500327	
12574	2	9	343.984654184424	
22013	6	41	1299.33804620958	
19006	2	16	538.830451173163	
14647	1	43	1371.28894322146	
29422	6	3	141.841853885838	
29500	7	14	489.686248083453	
16435	2	33	1071.25688435103	
22967	9	21	697.655360688295	
24661	2	9	339.139303909214	
19146	9	35	1143.40400477098	
8088	4	41	1297.84264714357	
12254	8	12	422.91951351935	
18064	1	42	1330.26613189386	
20846	1	33	1064.76981965116	
10642	6	5	215.453789110972	
20168	2	36	1165.6087514598	
26453	6	36	1146.24806569249	
20943	2	50	1598.82861431634	
9948	5	41	1316.53173552665	
14499	1	9	333.445390804413	
27057	1	15	528.581889741394	
26819	7	42	1342.77741122189	
20524	8	34	1092.3943394294	
20188	8	45	1438.11458062293	
8694	9	34	1101.38497537998	
23465	8	38	1214.34908729715	
28122	5	34	1089.88543699025	
26632	4	44	1400.0248883851	
27805	10	11	393.086790998041	
21885	7	41	1324.1615169701	
8976	9	44	1416.30975517272	
10369	8	34	1101.98072224016	
13388	3	27	883.586367295862	
11398	7	8	295.105384688408	
17023	1	42	1327.96832101791	
20057	7	7	289.206872009303	
14512	7	39	1243.18874290361	
17207	7	16	538.910302211954	
19137	7	40	1290.0575923594	
24749	3	22	730.718917888924	
18046	6	32	1042.12058547983	
13669	8	16	559.408959597074	
24137	9	4	180.034601846726	
26823	6	28	908.196245109754	
10593	2	37	1203.78480300484	
10593	2	36	1159.44396601964	
23104	10	9	344.123486626951	
9438	3	1	80.589957014001	
15442	3	13	459.667524983952	
23366	6	7	287.308068595504	
14290	6	34	1102.335299357	
29962	4	49	1562.66935801258	
23339	7	40	1275.83552814826	
16312	9	16	541.191251045648	
23197	4	40	1288.19756675893	
21843	2	18	601.207242962535	
25600	5	7	286.94370678018	
26785	4	21	700.715870550236	
28040	5	9	349.903967841484	
17753	1	15	527.49276658869	
8325	8	31	999.800811093208	
20350	1	40	1271.23199596593	
11033	7	11	384.568569690254	
16453	3	18	614.977786939115	
9922	10	42	1327.09424959826	
12704	8	7	275.861924903403	
12330	2	35	1139.33314622349	
26537	4	35	1115.16074720545	
26770	4	42	1336.80149863325	
23636	7	48	1526.24691710167	
23063	9	48	1522.42000855618	
26226	7	20	687.337763480534	
28577	3	11	388.771021956937	
26895	9	20	665.812817637721	
9149	10	27	891.324805324583	
10781	6	49	1569.17293014432	
11111	6	39	1242.74280937516	
18311	6	7	264.198094319644	
13564	1	8	314.329777618092	
12058	4	49	1541.94100936034	
15040	6	29	950.225600670197	
20813	4	34	1089.29547997624	
19115	4	31	1020.35736340115	
21095	7	4	185.778722402537	
16959	3	8	301.826217613102	
10159	10	46	1453.64039716015	
14879	8	45	1426.1451940919	
17391	2	12	422.395116250215	
15808	7	18	606.907817929475	
28962	3	24	806.761078055371	
23400	7	1	82.2631652291227	
14725	9	18	622.472872353379	
19334	10	7	269.006334370471	
14596	8	26	842.564825770708	
17140	10	42	1330.91810679572	
29361	4	43	1370.8885895139	
9215	5	6	254.84038990682	
8017	9	36	1165.05681490761	
29191	7	37	1181.10199551149	
25545	8	31	1007.92287810143	
26021	2	1	100.110819796152	
8032	9	25	828.962739421503	
18371	2	9	343.78845838075	
17996	2	15	533.420607882282	
20751	7	10	364.888060039323	
26878	4	14	494.997535876463	
9504	5	39	1253.89833605564	
14238	7	21	690.02271051054	
29002	8	39	1249.86644572107	
26565	4	41	1319.02463661461	
15983	3	29	958.464433587372	
28115	3	1	102.745612460536	
17905	5	13	466.386092932143	
23611	1	11	407.962958481146	
9691	2	37	1177.26716591849	
23505	10	48	1510.50533111696	
28078	10	9	330.874632564781	
18172	2	7	278.789847287717	
17881	6	11	393.151569326013	
24603	4	46	1473.45385243811	
25660	4	13	449.716730811501	
11651	9	24	796.938029973273	
20129	2	17	588.252929275973	
20123	8	18	610.04042057788	
26587	8	48	1523.98375187255	
23189	5	30	979.947136202803	
27135	5	14	498.331429110063	
27374	3	36	1146.20619618623	
22643	2	29	934.894710842005	
17911	8	35	1120.43621581068	
21320	1	44	1394.3325402375	
15153	10	3	157.685994467552	
25487	6	20	683.096098808151	
9479	1	28	906.40689951666	
14869	2	48	1521.83018956419	
13390	6	4	201.262861248694	
23528	4	25	825.507021595494	
13825	3	17	566.936755518865	
18360	1	45	1420.89066236321	
12094	6	44	1406.82868173664	
27749	9	7	279.742061104505	
13588	1	25	816.122483581362	
22524	10	23	772.52867052915	
9843	9	27	887.883181314861	
29660	6	46	1448.296644468	
17203	5	50	1579.51755276859	
9865	3	6	236.086779421236	
21095	7	46	1461.04337588933	
20781	8	39	1265.29765985222	
10113	10	45	1420.41277567875	
26248	10	35	1120.01395694912	
21429	4	50	1576.0505426191	
26862	3	26	851.905245581598	
26031	3	41	1307.64814307338	
11674	5	19	638.206147289931	
17110	8	28	903.172789822879	
22326	2	8	320.70981014553	
25722	4	42	1333.74803780287	
21393	6	18	609.436856009735	
13287	8	30	984.94092383652	
20934	1	50	1596.6661067664	
14891	7	4	187.692139869412	
29330	10	42	1355.12799966853	
25160	5	5	209.430229910384	
20049	7	48	1524.69209637711	
11578	5	27	880.778439119821	
23371	4	31	1019.64951365239	
8965	3	36	1159.97919341548	
10232	1	14	486.132768916959	
26701	4	33	1056.0043046698	
27094	6	23	764.998309521469	
14717	2	43	1363.93787704592	
17695	6	13	457.899184924503	
8642	8	17	586.322887589374	
17265	7	40	1273.71179133361	
14439	4	38	1233.59424723014	
23792	4	1	104.409359444123	
12945	9	41	1300.36974796111	
21325	2	23	761.743776109882	
15298	7	49	1544.46619910396	
17140	10	25	823.860356781567	
11158	4	19	637.288053220738	
27863	6	47	1480.90853633401	
11637	4	35	1114.48193516325	
26370	2	1	80.4222588615596	
13682	9	45	1418.2819976184	
26032	5	28	905.780748885954	
24884	7	30	975.447955734771	
26377	5	9	348.200752226729	
12597	8	21	698.657399741307	
27560	1	47	1480.55305110316	
12249	6	34	1091.75898379262	
24764	5	49	1557.49989950913	
28848	1	15	515.949738526693	
19439	9	44	1410.16257497024	
14243	4	4	172.049921235093	
16420	5	33	1060.99448391283	
23002	6	19	643.098440618766	
17015	8	30	963.191084937747	
14694	8	19	647.518205348178	
15331	5	19	639.868039116202	
27295	1	20	676.107586005753	
24174	5	33	1054.91060697237	
8971	4	7	289.293355182416	
11567	3	22	735.414466157283	
9149	10	42	1356.07607990321	
14086	1	37	1198.1513576946	
15990	1	9	345.582357992224	
18128	8	2	113.936351739772	
29769	7	31	1004.61190005979	
28331	7	27	878.763430378755	
12264	7	18	620.340062184418	
12294	6	19	652.004261692988	
26884	5	20	664.970656905775	
28670	4	6	241.080567054954	
24880	7	32	1039.37805354566	
11340	6	8	306.783603535399	
12749	4	8	320.646064505282	
13971	8	5	209.007971048824	
9959	8	4	186.410098758717	
17079	7	50	1574.99769023387	
19569	8	2	124.201557917614	
14012	7	27	891.778441188754	
11727	5	44	1387.47536917565	
13405	1	37	1175.45125356664	
27666	8	40	1273.23932572884	
22502	2	44	1406.43797753679	
25648	4	49	1541.94944639781	
18745	1	23	776.160312619135	
11397	7	37	1181.66187009852	
29089	1	6	252.599763317313	
16124	8	33	1061.31091882536	
22099	10	12	417.178663023365	
8024	6	4	194.225570761704	
24110	9	30	984.598159987758	
12549	7	5	227.752770775814	
24449	8	37	1182.37744624837	
18601	8	40	1271.6151811516	
26902	10	13	459.06746900597	
20696	3	9	324.346178958354	
18255	8	8	300.130639923797	
9357	3	19	640.198390893731	
27749	9	29	941.511603994999	
23540	1	29	943.588852166938	
25743	6	45	1419.89396936255	
22984	10	29	940.212988918746	
29392	7	15	519.754722099637	
23108	10	30	972.529242603355	
24293	3	10	354.86917147174	
12864	8	13	450.784521424577	
21093	1	46	1465.26631769969	
13795	9	25	820.348419407545	
19534	2	15	514.090469569941	
28489	7	26	856.78098617903	
21038	3	20	672.520515114311	
19507	7	17	595.666481198588	
11983	4	43	1384.329144817	
12042	7	40	1267.43523779671	
18572	2	21	713.84210161578	
15252	9	33	1062.17514042844	
15956	3	49	1549.63810236642	
21682	2	39	1256.20191129679	
23973	3	36	1169.42204537309	
18676	3	15	532.274481641256	
21692	9	25	832.012136742478	
16797	2	44	1417.4525115534	
12832	8	7	283.161399161053	
27417	4	16	537.778690931284	
10900	2	40	1280.37249691802	
15158	9	1	93.3277962791397	
18070	10	46	1457.00060729729	
16626	2	19	635.1684223838	
8965	3	46	1461.57859549931	
13259	8	47	1484.66179209047	
27108	7	47	1486.27945883492	
24648	5	31	1014.79929934014	
19666	10	24	782.689953922615	
26513	9	49	1548.18958902182	
17639	5	49	1567.5813998131	
13385	5	8	315.238264647889	
20150	5	25	833.484603629208	
20013	3	15	513.908734933431	
9063	1	40	1267.08027492607	
25900	6	11	405.375791194558	
27118	9	41	1316.39555239882	
19594	9	32	1032.25134390977	
20900	10	19	627.220449255416	
11137	4	36	1160.39767684434	
28972	2	35	1121.70505564739	
9695	3	13	468.93167878917	
14793	10	12	443.423625958815	
20484	10	48	1514.94220845166	
12288	5	19	637.773079535818	
17329	3	31	996.892328577532	
13644	6	10	374.708076591933	
29082	4	19	643.928728627008	
24509	2	33	1070.77634552064	
29601	5	14	489.237122353742	
21077	8	4	191.57671542446	
21393	6	1	82.4414578091546	
23173	1	22	737.051589757694	
29169	1	50	1581.97603116835	
8088	4	40	1292.15674568534	
8538	4	9	341.5413751926	
21174	1	17	593.783914127286	
25792	8	28	910.097895315894	
22409	7	29	958.769823908233	
27649	6	19	629.42867747947	
26740	10	30	970.50152734411	
23821	6	39	1257.72121577418	
24137	9	44	1412.97652727597	
20011	9	45	1436.13955579518	
16859	10	41	1299.85383798361	
29416	5	14	478.603836967891	
28199	8	8	308.690536799231	
19341	1	35	1115.72936743299	
16478	9	50	1589.12163637072	
13102	4	26	844.046254178531	
18531	5	25	815.878929242435	
13385	5	44	1399.76079283271	
9516	1	26	870.232062297981	
17551	3	22	722.763722316718	
17457	9	31	1016.07363528389	
19990	10	27	891.440818128847	
8681	9	39	1249.90417032032	
12154	7	49	1542.05839884563	
20489	4	50	1597.39534284798	
9686	5	16	544.68626692178	
22090	3	37	1189.95371549854	
17364	9	28	922.350730207912	
23944	2	49	1544.02295381949	
17120	3	10	373.452831568873	
16353	7	45	1436.61287359736	
14003	8	49	1565.13994200394	
12623	4	37	1178.1866748902	
29686	5	26	851.508572460855	
24259	7	25	821.751989248093	
12522	1	31	1005.53889973347	
22777	7	44	1411.59187706727	
17692	6	14	486.297657082927	
13783	1	3	153.481520001535	
29320	10	50	1597.79177177595	
20421	2	7	269.896149500225	
27722	10	46	1463.98383987322	
16655	7	19	655.955151513198	
13354	4	18	607.284070163632	
18381	9	8	295.088370468043	
11517	1	6	239.169242567927	
13410	7	23	768.201791778301	
21077	8	26	858.978709158943	
12076	8	19	654.807092256288	
8838	3	8	306.730091342111	
17432	8	40	1273.35819311131	
9960	6	11	391.81592259175	
28719	5	25	812.209395511173	
10299	5	1	94.2878674409761	
9991	5	19	645.902395884461	
8910	5	14	480.71592755649	
25214	4	21	691.637204872275	
22038	3	19	651.725515281654	
19067	8	28	912.702552467912	
17839	9	14	494.083556986453	
17028	10	32	1039.47496198093	
27465	8	2	128.150797136198	
18507	6	41	1313.69826195468	
12361	2	35	1119.5236957071	
28226	7	50	1599.52668219783	
26991	4	42	1334.71389597967	
15476	1	27	900.417162077696	
27412	6	33	1057.18196433838	
10103	7	10	373.977378184897	
27611	9	20	663.582736637249	
21130	2	32	1032.45437711126	
23449	4	11	409.581272159508	
11876	8	41	1326.27927283118	
13971	8	27	872.440290522035	
19953	9	15	532.867572816493	
21306	9	36	1152.08979541067	
22827	1	8	315.485666615649	
9957	4	22	722.620100156693	
20820	4	42	1326.97002837759	
20438	3	45	1438.22610028005	
23871	3	43	1376.48447514348	
11350	10	11	410.975006339594	
19393	8	9	347.543637951624	
10805	10	41	1317.29286247738	
18561	1	21	700.094638457566	
9635	5	35	1124.79695100561	
21123	3	25	832.930546492772	
14487	8	36	1163.89880744922	
16718	10	7	285.606176576394	
12079	4	12	421.036061691603	
13535	8	11	393.901694861195	
12599	7	25	839.866361785618	
8560	8	36	1173.59510461502	
9172	6	39	1259.39796301508	
26688	4	19	638.316809795013	
9517	4	5	221.745352364027	
10465	7	5	230.285577918536	
19190	1	35	1136.4314558061	
26938	3	18	607.757387965805	
16305	5	16	560.374474488373	
22131	6	29	938.752080490232	
26267	7	41	1311.01982743992	
8976	9	16	565.001330974047	
28067	4	50	1591.22435561904	
28022	9	27	874.275714230852	
15496	9	29	943.776920951799	
18943	2	20	665.536649760574	
19014	7	49	1539.76910498914	
26583	8	36	1161.42029462448	
10572	1	34	1093.81260047379	
26055	3	6	245.230260940842	
20405	7	49	1569.01710471558	
9437	4	28	924.755486904064	
19345	9	33	1074.47645218786	
18313	6	21	717.599081842973	
16509	3	21	708.499955641339	
16010	2	43	1380.60715918457	
21724	6	50	1596.4053994773	
14878	3	14	499.429057249534	
14915	7	16	554.729731192221	
21106	1	17	581.783349486898	
18332	5	42	1336.51835462848	
16281	6	26	851.575787761982	
24585	10	49	1552.94131649329	
24177	7	9	349.681041776054	
20924	1	7	272.588015325641	
18578	9	25	835.986167544493	
11595	3	3	146.881309816093	
18402	10	8	314.123480727022	
21216	4	11	391.122220452466	
8558	10	31	1001.80421749214	
28398	9	23	779.05421080955	
18439	2	4	194.862712190888	
18083	4	26	846.595553889217	
24836	5	17	579.474019789823	
19628	8	3	145.464647703555	
27523	4	45	1445.97367536555	
28929	4	10	356.319282332584	
26326	9	15	523.017148246531	
9664	7	42	1356.31771750577	
19610	4	16	539.260301245032	
18297	2	27	893.161441503633	
22100	3	1	82.4785128247358	
15675	2	24	791.793576102608	
17159	8	6	255.805800750761	
24505	5	12	424.884590145612	
21137	9	48	1515.11087488155	
16353	7	4	179.118652427159	
21524	4	18	621.798881172109	
14518	10	48	1529.81685415367	
26576	4	12	441.138193179452	
16388	4	6	233.880178441238	
13138	10	21	717.002398556565	
9029	6	2	133.027656773584	
15688	6	50	1578.59112500147	
28662	6	37	1202.23372586176	
23656	1	16	539.444039677942	
27153	9	18	612.060014480753	
21327	2	41	1321.54331384299	
17600	1	20	681.687698905211	
11001	4	4	187.790753407306	
26917	2	18	598.655339944482	
13278	3	41	1305.64562426212	
16185	10	26	850.298074172017	
19304	1	4	172.008382981647	
26587	8	33	1066.17605013129	
20658	6	46	1454.15439252469	
8868	5	3	158.159933014847	
11422	7	17	575.002432398034	
21933	4	19	652.134434139419	
24957	10	26	862.526280275791	
26055	3	34	1104.28787685199	
22907	2	36	1153.38825123077	
13274	8	22	743.111339743767	
24413	9	1	95.4694299471888	
13955	10	40	1288.62190798326	
25503	6	42	1334.03984180374	
13365	2	2	139.782211659375	
18596	9	43	1377.13551574253	
17332	3	48	1524.79645163044	
27932	10	10	357.477140444087	
21643	6	22	736.867515117334	
14389	9	35	1125.08242864398	
9873	6	11	384.306626573348	
12848	9	49	1549.98402727301	
27278	6	26	847.924039050901	
22902	8	3	142.051812252985	
24973	10	3	141.835055417304	
8504	2	26	868.004428887742	
21046	2	30	977.240293928068	
20415	8	38	1206.02060802561	
12852	6	28	913.913660884795	
12802	6	19	634.775968489598	
20854	7	45	1441.32944934132	
23667	10	39	1248.52696409846	
28463	3	49	1540.60496130055	
20179	1	37	1187.51581724152	
28072	8	25	832.180438652719	
15633	4	21	699.785193120961	
28733	6	24	789.62975061947	
23020	10	17	570.730197620918	
29632	4	45	1436.95094186671	
13784	3	37	1204.11622002913	
14826	6	50	1569.66444703269	
11674	5	22	747.290573877883	
15053	3	29	936.850316327461	
10409	9	20	680.491927210471	
26408	3	50	1573.8910588128	
19064	5	2	117.558226826395	
10402	1	10	369.96921701821	
25296	10	46	1468.19388405801	
29007	3	14	479.661828018567	
28115	3	25	834.92449873822	
15792	9	44	1396.74686221254	
10926	3	11	404.210558461123	
8337	4	32	1050.92323828997	
14671	4	33	1073.5729113005	
23875	10	31	1001.33899768877	
12254	8	27	900.314046899003	
13203	9	28	924.084343930746	
14070	6	31	1004.12423787831	
18942	9	44	1392.31933710739	
11907	9	27	890.155504127106	
8035	5	37	1197.76213846997	
15841	4	32	1046.11382611381	
8976	9	49	1548.612619391	
23869	5	16	549.511908362392	
20350	1	41	1312.05880188945	
13594	8	34	1094.58437564531	
27641	7	3	154.864468646638	
17287	3	4	181.106090741747	
27805	10	17	581.859403151022	
18530	1	32	1039.99701853841	
14965	6	20	667.505765123063	
15210	8	32	1034.06625400952	
13621	9	15	520.526198577381	
29722	8	35	1132.75129508821	
29694	2	36	1155.41798161129	
20476	9	39	1237.01605269546	
10191	3	21	693.133710945553	
28114	4	6	247.432111840431	
20815	1	3	168.160753440187	
16263	2	1	104.276828590909	
11103	7	17	578.035211869532	
27895	2	34	1109.04640987005	
24553	8	24	806.358780007045	
18138	6	3	158.989162146574	
27011	2	25	838.029106277055	
19035	6	35	1117.1188908802	
15973	4	7	277.603725808488	
25656	7	16	547.032050000053	
28406	3	7	266.17681955275	
23025	10	48	1531.86639175372	
21149	2	43	1375.70084919022	
14392	2	43	1385.50551274116	
12032	10	23	778.410860513528	
28998	10	18	626.795437739601	
15600	2	1	86.3540815591598	
24490	2	18	603.550620918884	
22633	7	24	798.677954486887	
28584	1	13	467.338407965069	
20539	2	30	968.433125321024	
17038	10	16	559.306683167492	
22407	9	49	1562.69375817976	
26919	7	7	268.863126276463	
8082	8	30	966.334480906992	
23380	2	32	1039.66480948015	
25741	5	6	247.418733615158	
18942	9	12	442.68060820302	
27132	4	47	1483.68435988374	
21670	7	48	1518.17194320176	
9697	7	48	1518.1549296892	
15698	10	43	1364.3229449933	
12219	10	7	287.18033595345	
20215	4	23	756.652232090315	
17807	3	28	915.963484438119	
13077	7	43	1368.04250851648	
17022	10	11	392.120292257574	
29346	6	3	168.715728599911	
20197	1	8	319.755046106761	
26756	10	46	1469.62345724442	
23482	10	41	1311.48280208534	
8480	3	7	274.93991100925	
27936	10	27	896.980649836818	
21574	4	38	1207.83241864659	
19124	7	48	1514.929271189	
10186	9	19	649.993011397306	
26953	1	39	1264.2961693482	
22856	3	27	882.000252381899	
25175	8	9	335.655393495995	
9572	4	47	1493.73076083778	
10641	5	35	1126.39721352905	
27440	9	19	631.86736069241	
16095	2	15	518.338098208577	
28972	2	8	305.795302980484	
22571	7	27	878.998986519407	
28734	5	38	1208.85407027269	
8013	1	3	141.583070411153	
11694	1	11	389.172085593069	
9567	1	5	222.711928963061	
29694	2	43	1366.69397052689	
29952	1	48	1511.57042853142	
20242	2	14	475.348498074034	
16425	6	38	1233.43453099645	
17457	9	10	359.431782606725	
19952	2	19	628.877120310849	
29512	2	14	501.853874559446	
10197	5	41	1324.68605580027	
29166	9	21	699.0486170999	
22008	7	16	549.542028303045	
18497	3	31	1010.36835199705	
27280	4	8	314.675145482027	
24371	3	48	1517.63835295925	
29093	10	10	363.795574812123	
9635	5	28	929.054497242465	
19296	10	23	755.855605879731	
20896	10	23	773.493214311774	
25368	7	39	1262.32603333067	
26587	8	12	434.861339533171	
17568	2	10	353.933855087466	
17065	2	11	396.341469509686	
28453	6	43	1375.36864013195	
27108	7	30	965.418481233259	
10583	2	4	187.025214707025	
16213	6	50	1589.95359904596	
9594	10	13	471.774729672715	
21568	2	30	966.287568996794	
27371	3	28	925.984846784726	
21860	5	50	1581.38503297297	
19208	9	46	1477.65324557091	
25547	8	41	1307.10941416542	
25749	10	41	1306.45943810533	
13382	3	1	82.9482066645046	
14549	10	49	1546.00379963685	
19114	9	16	553.061075579869	
9337	4	49	1558.05302871301	
18261	5	28	916.134304011303	
16494	8	19	641.505380012796	
20665	2	18	617.548867230093	
21046	2	20	658.955298335736	
14638	7	34	1093.07539662955	
12504	4	28	925.306955597041	
26102	2	19	645.247552248299	
23211	9	11	412.458224078854	
26364	5	28	925.287041498947	
23825	7	39	1259.05561535575	
24508	5	38	1208.7588605698	
11270	3	9	348.071785880286	
19403	1	37	1189.28360096611	
29908	2	36	1149.93969710075	
24092	7	4	185.505772207633	
26603	1	49	1546.52803694202	
14471	10	41	1306.72173087798	
21317	1	2	115.238230505603	
12288	5	45	1426.37045945338	
14862	2	50	1591.32533039494	
9278	4	18	626.151947298158	
27791	2	10	368.323283367009	
27182	4	39	1243.48093195049	
19511	9	47	1487.65705293401	
17839	9	39	1262.58955131405	
19623	3	37	1175.86902777472	
10394	3	42	1343.3010228273	
22839	3	25	821.395371528992	
15584	4	26	842.43261413762	
15225	8	41	1303.90891389172	
9778	2	8	311.726938817523	
10272	1	50	1571.6345533224	
13127	4	44	1410.73449923225	
12682	8	30	971.00146852946	
19735	9	45	1439.72130186843	
27849	1	5	211.987834298978	
16253	3	22	724.777166100581	
14423	9	43	1375.90604119744	
27514	3	26	860.858458457914	
9991	5	33	1071.03451391265	
18304	3	25	810.121087883655	
17066	10	19	632.960257154405	
24736	5	26	861.738173208078	
29514	8	11	410.897983690211	
13102	4	26	863.015869102914	
20086	8	21	698.215783116508	
13704	8	42	1336.70124581861	
25462	1	15	511.445335872213	
12893	4	43	1372.14747336327	
18827	2	43	1360.5813772234	
24972	2	50	1599.73770722735	
24655	2	49	1567.7099761589	
16891	6	4	199.633340183475	
19095	3	16	561.735745184932	
25183	5	31	1011.90108141485	
24592	8	19	627.811020644294	
8268	2	31	998.024448062305	
20168	2	22	729.891814296083	
17581	10	31	996.365747021682	
14184	2	48	1517.20636885483	
11584	4	37	1182.00593276974	
26505	2	45	1423.85218071931	
25620	2	36	1170.02560994123	
22911	9	38	1221.37812760723	
18026	2	32	1027.32867653823	
14133	4	39	1237.1243072474	
29514	8	16	537.337286648032	
19169	1	8	298.282132436653	
29539	6	41	1310.21839523232	
14484	7	50	1573.51793790866	
15599	3	28	901.750870841439	
22908	3	48	1530.81568968055	
21327	2	26	854.379772047689	
18313	6	12	435.33594554073	
26023	9	26	861.204242511282	
27216	4	50	1593.19169014375	
16455	2	34	1106.58511015893	
9991	5	28	912.582948260281	
29330	10	21	704.641183831096	
11091	3	19	644.373768197547	
28407	6	45	1439.16778195611	
15369	6	28	911.855686955087	
28001	2	32	1049.24789816572	
29268	10	33	1081.85123691422	
16060	9	41	1304.17120666437	
24839	7	9	344.016962658622	
21507	7	46	1452.00121313892	
22770	7	28	928.998754047322	
28973	1	49	1559.10038711461	
27135	5	27	891.910281224135	
24527	8	25	813.963386236673	
10114	3	50	1594.8853518045	
23229	9	13	459.540294175754	
26029	9	29	943.652089603083	
16018	7	47	1489.0285811429	
9640	4	30	986.268907164349	
16076	8	33	1062.93464721317	
12342	7	39	1240.36004560085	
26375	10	30	983.569307151981	
28716	3	38	1225.89156185551	
26701	4	6	240.878496468476	
29059	7	35	1118.41911338196	
19880	3	24	801.226940639888	
27318	3	44	1398.62953545462	
26590	2	16	538.830506381966	
14175	3	3	148.9220175468	
18859	6	24	793.330204111212	
14878	3	43	1364.29739464274	
8768	6	41	1300.53150267365	
20476	9	31	1018.70939127109	
13028	10	35	1121.22591048536	
13674	3	3	165.441499802024	
19070	8	1	105.250630464987	
9793	6	12	431.991978824135	
29823	7	3	158.038586898725	
23261	2	9	350.150245814654	
15556	8	13	454.604282553589	
17909	10	3	168.174373027018	
9181	10	48	1517.20692094285	
18062	7	23	763.311713879608	
13574	10	43	1385.12309410848	
19089	5	38	1208.33853260071	
19842	8	9	339.18174532204	
8581	5	14	498.30811400819	
17362	8	25	839.554551671983	
21244	9	28	906.865519036942	
26375	10	36	1151.27539550479	
8209	7	48	1510.72768244461	
9026	6	16	546.307364397825	
27465	8	46	1474.93533534693	
28991	6	18	610.257042930581	
24544	3	46	1466.22506455808	
14053	2	48	1529.0136411083	
13452	3	33	1078.74962197558	
27635	8	14	483.49527172907	
17634	3	11	400.748668574145	
22568	9	4	190.628746315198	
10561	10	39	1250.6183627111	
12743	6	18	623.02073053225	
27634	2	39	1235.24918911757	
12299	2	36	1150.68675854741	
26603	1	3	167.703818496179	
24103	7	38	1228.46725137367	
17534	4	18	620.390995843518	
14327	8	43	1370.68437073877	
16625	3	22	728.521886434649	
21372	9	50	1569.63472133951	
18988	1	1	107.548315351619	
28017	10	26	865.613502704358	
11919	2	38	1218.87833532825	
9958	5	18	611.66462461076	
15736	7	30	974.760274186153	
13469	1	41	1323.153124658	
21169	7	8	300.257593272374	
11100	7	45	1440.76846774703	
29461	6	19	632.539963867767	
25117	3	26	859.237368059921	
27374	3	10	382.918826631698	
11058	4	19	639.074983782636	
19137	7	38	1231.96498734502	
12780	8	18	597.646622042007	
28860	4	27	882.602521666606	
17904	4	27	897.990030244919	
12047	3	45	1425.59616732672	
26538	5	14	488.452348340513	
10174	4	39	1255.00084592728	
25719	10	6	236.427858693724	
19174	10	18	626.501008489402	
19286	4	49	1548.49670709506	
17705	8	43	1357.28991832458	
14471	10	6	239.521499499456	
22705	7	24	803.98591984249	
19142	5	36	1145.15364249477	
22636	6	10	361.95773182528	
15638	9	38	1212.6249553322	
19848	5	41	1297.4192756123	
28967	6	50	1579.87128122704	
8276	2	41	1318.79074947852	
19035	6	22	727.623743269417	
26087	3	4	191.032665237334	
9847	2	29	937.230797697432	
24711	1	35	1123.72708015317	
25051	3	22	725.114179740247	
9679	3	28	927.429029069575	
19754	5	29	943.270710736173	
28182	2	39	1235.49676874443	
22287	5	5	223.071939900085	
19844	7	41	1308.75604783593	
21361	6	39	1237.98115422855	
20097	4	46	1450.9553078613	
10776	10	35	1141.51130051422	
8918	2	44	1407.7099196835	
9719	10	21	691.543378928464	
18477	3	30	991.055743187226	
13240	3	21	717.602567075567	
8111	9	9	348.084236880804	
21970	10	26	869.713788251259	
9338	8	44	1402.87108404696	
27318	3	5	211.938647503005	
28120	1	4	195.683524811493	
12372	5	17	572.094027740925	
24525	6	32	1023.13371285011	
20908	9	3	159.051608256554	
23673	2	34	1108.32358437978	
15331	5	33	1059.35683582879	
25937	7	44	1407.67870476827	
27901	3	45	1429.60663169138	
8827	1	32	1041.19539283272	
22913	10	20	687.632637940176	
11531	6	5	223.349192134733	
22076	2	19	652.66868264073	
15077	8	35	1140.4466185814	
19433	1	39	1255.29508336228	
17015	8	15	528.042318545302	
10155	8	10	374.734189647592	
23961	9	33	1073.91954188883	
10835	5	6	237.488341926359	
12178	9	50	1570.56100117534	
15190	4	16	562.325456590543	
15294	6	26	852.955579596085	
28228	1	34	1111.92890602719	
8540	5	15	527.671810857799	
19748	10	30	988.519854260851	
21312	9	4	177.541399233761	
16902	7	8	295.778617810355	
26823	6	12	431.811579815956	
10271	1	4	192.442540914026	
21787	9	6	234.097899307542	
18491	9	39	1244.35516474971	
12578	10	29	944.540718451394	
8959	7	15	507.705487361041	
23427	10	6	257.000197180081	
24092	7	37	1186.85210197552	
15104	6	18	611.940218457924	
29621	6	38	1218.93863749641	
18326	5	48	1514.09708484732	
20691	5	32	1044.67547189662	
14368	5	38	1216.79059536047	
26218	8	46	1468.07219324078	
18128	8	35	1135.5920059679	
14381	4	44	1405.89013705304	
22356	10	24	781.876547067369	
10769	4	21	701.12340989575	
25517	3	34	1094.63196209382	
10522	9	27	878.286625220574	
20209	5	1	81.0646819328259	
26846	10	6	232.414836321219	
27582	9	6	243.501060383162	
23528	4	21	696.321553539634	
16247	5	39	1243.68302518673	
28870	3	4	190.595894954445	
16651	7	27	899.152787075915	
21965	10	28	920.545627456412	
24788	7	29	958.983067906919	
23229	9	20	683.754618784298	
14075	9	2	124.422216883126	
18560	8	2	114.613858589257	
17258	4	50	1581.51020902279	
11300	4	27	892.544966569424	
15695	7	21	707.545256012839	
13839	1	40	1295.23616385424	
11758	7	40	1275.50873238384	
10553	5	44	1396.840228083	
18966	1	42	1343.09191948878	
19955	6	41	1315.64370477369	
21064	9	14	475.668485460649	
8974	5	49	1553.59451660588	
13077	7	22	723.354864904357	
11993	2	28	909.103681048892	
13121	3	13	460.637104800268	
10241	8	1	109.244069992213	
24317	3	18	620.69774656589	
10859	10	4	182.488807934564	
22252	10	32	1026.73345062264	
24303	7	32	1047.06544254304	
17152	5	11	410.052358959826	
10280	1	45	1426.54840096205	
10908	3	47	1493.88789216703	
15798	6	27	899.254774013187	
15641	7	8	294.713935877529	
27243	9	7	279.396743494736	
14544	3	49	1548.94148053086	
11108	7	35	1137.77634576791	
9149	10	1	80.6721395629794	
26544	10	25	833.944823496949	
10299	5	38	1208.55270028513	
24495	5	29	936.454569723669	
28728	1	8	307.869034068598	
24820	10	48	1528.18559967363	
22252	10	37	1174.51642061328	
29326	1	47	1479.48322625807	
19326	1	33	1063.16526287383	
8885	10	11	404.245628791044	
12644	7	26	840.526937227942	
23428	10	45	1440.35584211366	
14176	2	5	210.381404669202	
25017	1	30	985.036318984365	
8271	10	29	958.031490406967	
9762	9	43	1378.98825732013	
19492	9	14	482.618139759925	
23534	10	2	127.470165326945	
29611	2	34	1109.05997141686	
14219	5	29	934.39737933427	
28200	5	8	315.684448739367	
27295	1	38	1214.43895519452	
24918	8	36	1169.89814838855	
20470	2	24	796.663979141351	
8994	4	47	1493.81217683377	
13117	8	48	1511.91762536388	
28752	10	10	353.702259824473	
23400	7	8	297.873815921076	
17570	9	5	220.725966422225	
26999	7	23	762.255435009606	
19396	1	20	677.831030691895	
14690	7	15	508.148512518103	
21725	8	42	1346.29468332338	
13878	8	5	217.732386615934	
23065	7	44	1396.16808852002	
27091	7	17	589.147095991833	
26372	4	4	187.091004488566	
15851	8	35	1139.21391573698	
16496	3	41	1325.72548253728	
22110	10	24	795.169265230731	
11417	5	42	1334.58726043561	
26208	9	17	581.153878542201	
10487	4	19	646.078807118386	
19594	9	8	296.452117774846	
15965	10	29	941.961870706622	
12559	5	37	1186.37760850898	
29274	7	28	916.68403787384	
29942	9	32	1025.01603997546	
19880	3	16	548.516910555082	
16703	8	4	194.899634846905	
17372	7	14	496.636634253262	
24630	6	6	247.243770550584	
19021	3	23	770.336772077874	
8832	5	21	694.544101196595	
19053	10	28	902.091897028541	
26081	2	13	466.233184368458	
18737	10	39	1264.04667510839	
21559	10	14	491.888721143775	
21467	7	32	1042.6423928899	
13642	9	11	395.95140870472	
9856	1	39	1254.48333984915	
19526	3	29	956.642604692207	
23440	2	42	1338.75725983584	
25018	2	10	380.909827864221	
17638	5	42	1326.41459809915	
13270	1	11	412.378424709839	
9731	4	4	174.061158790282	
16165	3	50	1592.64901805327	
23694	4	37	1188.86823046434	
22302	4	13	448.884394415135	
12878	10	40	1271.89725283156	
23211	9	29	943.404224022946	
16275	5	11	401.744682789661	
27575	2	11	393.890706186132	
10926	3	37	1199.81011889866	
18555	5	42	1334.53057019717	
21534	2	19	648.360148076136	
16229	9	29	953.446030613708	
20349	10	46	1454.70210843473	
25788	10	11	387.434568324794	
27413	8	20	675.233587490038	
16655	7	28	928.686219849012	
10902	2	42	1349.35690536599	
10120	5	1	105.82633157532	
12136	2	9	345.618800756344	
24752	1	15	510.587260141311	
18697	9	42	1337.81174044023	
11872	4	22	731.750582126784	
20415	8	28	915.640489587393	
11090	1	31	1009.93490415157	
21547	8	28	925.100420883438	
18712	6	40	1295.20228334479	
23374	10	4	176.571522847084	
29159	10	31	1009.77407383256	
22531	10	35	1140.68592538158	
18036	7	13	457.944655743402	
20867	6	26	842.396618706359	
26587	8	9	345.168979254164	
11128	9	17	570.037519675697	
15085	7	18	609.583445996783	
21304	6	34	1092.3164497187	
13523	5	28	924.035019820572	
19194	3	45	1436.14780951112	
26749	4	4	179.632516139947	
20122	10	15	523.002382015345	
15877	9	36	1153.23241023032	
29244	9	45	1445.49908776092	
17250	1	13	456.446065891742	
18153	2	34	1094.73398229793	
17017	10	36	1167.56132683137	
13335	7	45	1417.87303629232	
11581	3	11	390.600644494687	
11110	10	19	637.186612709047	
15914	8	22	735.207824565101	
25683	9	41	1320.71782121468	
21964	10	11	405.797120000141	
29862	4	38	1207.28569932621	
26757	5	41	1312.93092826052	
29403	6	2	115.291027107877	
10975	8	27	895.827337957838	
29318	10	20	674.56668426961	
24048	1	32	1042.3105766635	
29423	4	23	757.008528465875	
12108	10	6	258.933326312775	
8085	5	35	1123.7839735317	
22131	6	50	1576.69496948677	
14453	8	26	846.832701175861	
24992	6	30	991.970608957098	
25506	5	26	853.204780804554	
10824	6	25	821.865463155259	
20309	7	17	572.133951490807	
29846	9	10	383.191168821971	
9181	10	13	463.408510938011	
28505	6	28	925.118662437945	
12077	3	27	895.118118606097	
20625	7	42	1351.19856766947	
14954	8	34	1092.53841033789	
21592	2	39	1249.72438922605	
26196	4	37	1182.82394955998	
21168	9	24	792.386390526028	
24728	3	20	665.088172380388	
28100	8	29	961.365674548487	
9502	6	39	1237.01659982885	
15761	3	42	1348.07916275602	
24765	6	37	1192.06186785924	
25693	6	18	614.499776388751	
27628	9	22	738.015670635745	
21028	4	32	1041.36369828198	
26587	8	40	1289.05625261788	
29914	5	25	814.888805381436	
18845	4	26	850.658956417189	
21906	4	35	1129.46569044584	
27026	10	8	309.877952146287	
24811	9	40	1274.21018171786	
16454	4	48	1535.01676172717	
29689	2	2	130.0058730552	
24551	4	6	247.026491354698	
27862	5	39	1257.21448319834	
23838	8	19	655.84854260825	
21948	6	16	546.307412528576	
10532	5	11	386.399709054455	
16904	6	15	533.528478803825	
8661	5	37	1203.24128508719	
17453	8	9	352.868519142675	
25649	4	20	675.427375340568	
27581	6	35	1114.68186747035	
10350	1	48	1527.19213355668	
11701	2	41	1312.0679502711	
11289	6	45	1440.089705959	
11417	5	49	1569.51925354522	
28602	4	28	913.258709662249	
16468	10	49	1557.56131010016	
8390	3	5	210.106978700546	
21053	4	28	922.90463658185	
19858	2	8	310.73916557745	
22220	4	41	1313.20100972112	
26583	8	44	1405.29397683465	
27008	6	31	1008.92936570986	
24620	3	20	666.871458453532	
24307	2	17	589.284197142946	
16407	3	28	918.679298851024	
16238	9	44	1405.46900289388	
13958	6	41	1302.91435633922	
16165	3	2	118.315975423118	
21818	10	50	1571.20650673807	
27303	10	32	1042.66826104497	
16910	6	3	153.313216675684	
12390	2	24	789.198329220153	
11201	3	30	990.101900710772	
26103	8	26	845.112245550897	
21689	2	37	1184.17207631477	
9025	9	45	1435.32392713955	
12108	10	20	673.875846617797	
19784	4	21	716.516537031399	
20801	8	14	485.986681471573	
17324	10	5	211.559693576563	
16127	7	43	1358.1243894613	
16874	1	30	964.148080686176	
16657	4	23	752.65178741545	
8516	5	3	157.380000388892	
24883	3	20	687.307642832076	
9193	9	32	1025.94772036464	
9730	3	37	1201.27399232298	
22748	8	41	1319.53699907266	
15852	1	47	1501.63009571919	
24665	10	27	893.097646317025	
10795	8	31	999.358711745291	
29693	9	30	986.973315564437	
17704	9	32	1043.47101614041	
17988	9	8	301.81575200605	
14109	8	9	324.711896220554	
13082	4	25	838.097125644841	
14292	3	20	670.343024744812	
12468	3	3	146.564345465304	
9512	7	38	1227.62811367755	
18771	5	17	580.930706160576	
12184	1	25	830.614122464607	
13182	8	36	1164.92530966407	
12601	7	10	381.662012404605	
21924	5	38	1232.7591142956	
28180	5	32	1041.36865079467	
20745	6	25	817.993804336523	
29691	8	11	401.96604956033	
28463	3	20	674.977460408107	
13043	1	13	465.347177230449	
10987	10	33	1077.9347825227	
12465	3	30	963.685463482368	
8427	9	34	1093.59044166915	
28245	4	15	516.917955110277	
18942	9	4	179.179472000887	
16657	4	49	1555.07662025982	
18546	1	15	521.14589614847	
27243	9	9	336.277578294406	
20909	9	17	589.49145806464	
23042	7	47	1501.97655431087	
17141	2	47	1492.73157848638	
19684	8	7	284.1950105709	
19964	10	50	1583.37735726655	
19777	6	5	216.685879703931	
29953	1	23	758.108860421045	
28015	4	2	123.309549299679	
26958	6	23	766.339901111247	
20595	7	42	1345.72731307974	
11101	7	23	768.286148704722	
9733	1	18	600.400349330343	
13535	8	12	426.074950669927	
9154	6	26	844.980902394737	
15565	6	18	607.311501152493	
