idEmpleado	idDepartamento	ventas	importe	
13784	3	31	997.589715550463	
21681	10	19	650.693297540161	
9544	3	3	145.472675629646	
9699	4	9	326.559614504948	
10127	10	16	547.875053727941	
16049	3	37	1202.83943437172	
25795	1	30	980.520688416679	
13564	1	32	1041.72967460087	
26102	2	17	589.003269983923	
18506	3	6	260.813028188801	
22894	6	8	306.168855645773	
17275	7	15	528.631971203085	
14912	2	26	859.413301525364	
23671	5	20	660.422442527685	
19021	3	8	299.933131849362	
19641	9	12	424.985935811413	
23084	3	11	408.080994192549	
11796	5	48	1516.40154555272	
12372	5	1	99.168874816582	
16080	6	14	481.754651442987	
10983	7	15	534.760342899133	
23712	7	15	520.72897342999	
14085	3	28	917.392368222304	
10742	10	4	193.209627584186	
29395	1	33	1053.63178849855	
14966	2	7	271.471657246105	
24618	4	40	1286.35847308038	
19655	5	46	1461.22348115836	
16287	6	10	377.986746159376	
25957	10	25	833.390555434577	
14810	6	15	530.871270657923	
8193	4	14	478.832488469236	
8222	4	20	684.083453735375	
19434	7	7	274.489150249627	
22892	5	21	701.966732843764	
13932	1	44	1390.17042012427	
8467	3	40	1268.90120773991	
20232	6	46	1454.67556149451	
13347	4	35	1128.36453460546	
28475	10	3	159.781382977861	
9766	5	15	526.932479351262	
28223	8	22	719.068751483722	
18864	4	32	1029.33767035107	
14185	9	40	1272.82436646187	
18486	4	32	1043.31745214915	
29869	10	11	405.053577760725	
15075	1	17	586.673735280835	
20959	7	2	122.896057312794	
26376	9	24	789.698672438831	
8222	4	48	1535.86747840786	
11598	3	4	181.398055414389	
15161	7	17	589.241130738166	
18130	2	48	1513.40257864138	
15252	9	25	821.988868984389	
10950	7	5	231.667241897279	
15332	1	16	556.860742120473	
8666	6	42	1333.30092931786	
10097	3	49	1552.26304804546	
9612	4	27	872.927826006397	
9250	10	10	356.403396481836	
26835	6	48	1516.48096129134	
10416	5	35	1119.29720725831	
16651	7	22	743.742928441494	
24990	1	42	1355.61271454935	
11261	10	42	1329.94175753088	
11183	3	45	1427.33636717654	
29094	4	45	1444.54851746771	
8216	2	20	664.924151275737	
13326	10	49	1558.45570968392	
26063	3	15	509.762711725087	
26212	7	23	756.084728071506	
10730	3	16	553.40543269804	
27960	1	13	468.03701094726	
17458	3	49	1539.38749183872	
11351	8	49	1554.82217209173	
28520	7	44	1415.69159141541	
16252	7	34	1091.39130307892	
16469	5	39	1244.56800176043	
25410	9	23	749.892175435038	
24412	4	22	728.578210737825	
9487	8	40	1284.79792196527	
15832	8	39	1243.46241576758	
21906	4	23	751.524808719533	
27539	5	12	442.119267751518	
27011	2	22	731.992500020188	
11158	4	49	1541.63013991976	
8325	8	16	565.429909827854	
25055	7	46	1462.09458475099	
25655	3	2	122.821908352348	
10104	2	5	225.10599072329	
16232	1	2	136.869490806418	
28131	4	41	1316.63815969445	
28748	7	20	661.747735488111	
23137	8	26	851.961138123628	
23385	5	6	243.300421686517	
11942	5	31	1007.63527209295	
15019	2	50	1575.32582304223	
23339	7	40	1273.72495580172	
13215	6	49	1542.88260893099	
26284	2	38	1215.98108497261	
18322	1	16	560.505060293016	
23871	3	48	1521.7495840051	
25827	6	3	164.440347628873	
20047	5	10	359.935960713744	
19036	3	26	859.782750336352	
8490	10	38	1227.99262271635	
29098	3	4	201.204119790906	
20363	2	50	1574.01508680266	
13916	10	26	867.166696892663	
29869	10	12	415.975650481868	
26658	8	33	1065.46943904155	
29002	8	3	168.732927557422	
17558	4	27	882.370872610421	
20868	10	5	224.349615268572	
21754	10	20	671.605474516566	
19937	6	9	353.01854552376	
22016	2	13	447.772398538781	
13302	4	10	381.623660689976	
27497	9	21	703.620214529159	
29679	7	44	1388.31161761112	
22220	4	29	941.906457348683	
27521	7	50	1582.45393271672	
23974	2	18	622.102242923389	
10271	1	44	1413.34971896063	
12700	6	13	452.893220918669	
14086	1	32	1039.44656837706	
14481	4	47	1491.65769720993	
18943	2	38	1216.07587282363	
15964	9	43	1376.0870701522	
22399	10	18	627.186899998778	
20055	9	45	1440.36576837318	
26486	5	45	1417.6663472772	
24749	3	41	1301.68539282944	
20935	6	35	1133.91109046243	
13221	6	6	248.07315044481	
26420	2	43	1363.04833796017	
28640	8	36	1159.02206813871	
12917	5	13	471.588848005789	
17015	8	37	1182.33651741517	
27075	9	34	1103.99987730384	
15351	3	45	1420.42602012885	
14335	3	17	591.414823025193	
27825	7	20	674.927887858324	
28292	6	41	1306.84625787048	
14591	3	23	759.636551681737	
11283	7	49	1568.136563249	
23044	2	15	514.267287084026	
21154	3	15	517.398120219539	
14621	3	6	260.355663607063	
9424	1	47	1490.28187616276	
28842	8	19	639.862873554166	
26687	2	40	1273.70216235225	
14066	1	19	650.104741272565	
19137	7	6	234.57099131987	
20428	8	10	354.074627623928	
13864	2	17	578.051127576293	
11401	10	30	979.647341081708	
28777	1	9	351.090628668242	
26145	9	47	1507.04273979508	
27111	6	45	1420.33618195929	
21071	3	42	1336.33492550642	
28337	2	17	585.128246967275	
11674	5	7	277.928016650457	
18571	1	8	319.979796893885	
11919	2	17	575.609882108686	
20203	1	39	1247.80309176436	
26801	1	13	467.047534727979	
11111	6	42	1348.45978214799	
14869	2	50	1576.27646482376	
8942	8	28	908.557136556393	
15118	9	24	793.99647738505	
24664	4	50	1576.18355053299	
27011	2	24	799.28714327481	
13964	9	37	1199.62033722532	
16517	6	49	1567.88559748227	
21477	6	12	430.491634323491	
14205	4	30	987.526044858399	
14133	4	28	915.25598505291	
13607	1	22	733.713167278894	
11247	9	14	484.756657669673	
29314	2	18	605.179281293032	
19113	5	33	1054.25957699039	
13025	6	32	1035.72020921657	
19699	7	47	1485.80519398945	
13679	2	50	1587.32402644461	
16852	1	6	246.663606020931	
20052	9	26	847.56160600463	
12380	6	36	1147.11440150957	
29685	10	26	859.836462838499	
19462	9	40	1270.02202286852	
20285	1	13	463.400996878464	
25826	7	27	887.931439470468	
9354	6	16	564.546108210714	
29098	3	43	1362.00033545587	
20129	2	43	1367.66495179742	
18163	5	28	915.297773161576	
19811	2	11	393.486806374736	
16090	9	12	434.948090964438	
29075	5	25	811.236375761794	
9301	5	34	1111.83345991738	
23710	9	37	1181.08902852102	
12874	10	23	765.807504936032	
12136	2	16	541.121655395777	
21130	2	29	951.79852705067	
25701	2	23	776.285398777707	
18942	9	20	663.679323021173	
27153	9	16	554.415019077442	
25021	3	32	1050.48440404725	
24786	7	7	266.6853938376	
24487	1	48	1523.58299330044	
18239	1	37	1190.52508271789	
22119	10	3	144.391356028799	
14826	6	38	1217.37746138935	
11351	8	34	1102.2860821254	
17536	6	27	895.156900666262	
13843	2	10	362.07534851603	
29999	10	36	1149.40803775071	
28613	7	11	392.12282266101	
28503	1	9	332.655770449273	
19660	1	11	408.946276087755	
26677	7	14	480.241485759728	
21673	2	28	919.933133218406	
8827	1	17	568.623319309495	
28658	3	11	386.254441955245	
26416	10	15	525.156139677929	
14138	6	47	1506.06503791458	
12835	7	34	1091.63744232228	
22839	3	32	1037.28680781894	
8017	9	45	1431.9553854279	
20148	5	22	732.587824320694	
13944	4	2	117.004827948755	
29754	10	19	632.57795389396	
13365	2	4	184.019609291116	
9975	2	38	1221.87970736152	
18913	5	28	903.667629148656	
8193	4	45	1439.371776357	
23650	2	17	593.137921594613	
20219	8	3	163.921682165899	
15929	8	24	789.51979521174	
29431	10	31	1003.64470342344	
8506	5	40	1292.24858694349	
17653	6	44	1397.07720195738	
8480	3	29	960.429007671973	
17127	8	29	936.253469538062	
13863	1	3	159.496940150623	
20129	2	11	399.009640849666	
17288	8	40	1270.55397808112	
29686	5	33	1062.26002608531	
10859	10	16	546.843434789611	
24307	2	34	1085.58960328139	
22108	1	43	1365.88973541087	
26664	7	1	81.3639837137256	
18697	9	4	182.292320515165	
10186	9	14	482.29009967404	
8538	4	21	711.59197415765	
10885	6	9	341.15589530261	
24962	1	7	277.184185626537	
8405	4	6	234.867213440532	
19926	6	15	506.642387372741	
8230	3	26	870.220360863125	
29655	5	36	1172.04188069889	
21216	4	35	1117.1282112585	
8570	6	38	1218.52901861934	
26775	3	35	1134.09756951691	
18793	3	47	1486.57816535168	
13353	3	19	637.947128823934	
28131	4	49	1560.37174673768	
13391	4	50	1595.49775402783	
20800	6	7	278.618452976746	
19610	4	33	1055.78512430926	
22913	10	43	1368.93742692142	
15605	2	33	1065.48635558481	
28169	8	37	1202.60302744927	
23339	7	28	929.011067025834	
26328	3	21	716.697689144266	
29388	3	20	683.164283802344	
25638	6	49	1559.50412554643	
19293	9	38	1232.36984977143	
27149	2	8	306.757501804623	
16800	8	5	206.146498828263	
18350	9	8	315.511059833463	
29082	4	1	109.377416236968	
17933	1	17	570.443373029327	
27724	6	12	426.365782146512	
9434	3	30	966.698088909824	
14336	2	2	115.640844235029	
29465	2	15	530.285633378795	
22897	4	41	1301.72950961708	
15599	3	17	590.287733203866	
22729	6	19	642.511733846046	
29471	9	39	1242.18759073046	
17306	3	12	438.270708154082	
11674	5	39	1257.27929479316	
9796	6	48	1519.29943434861	
22073	8	45	1431.60282272454	
24889	1	6	255.120375684984	
27455	9	6	258.548183338041	
23673	2	45	1426.33143815507	
24417	1	32	1049.67530418638	
26147	5	35	1121.54981132669	
9622	6	12	438.637894111983	
8467	3	40	1275.05622405329	
24299	2	26	863.641573108566	
10556	3	34	1091.05831048035	
23919	5	41	1316.65217635997	
24417	1	10	380.403379826063	
28382	9	14	478.760956264455	
9399	3	26	853.281253489331	
17022	10	43	1365.59241052977	
10642	6	1	108.427690355306	
13751	8	10	381.651769756177	
10988	2	19	644.814335855103	
21377	2	48	1528.10971163591	
12864	8	10	380.495888544477	
16287	6	19	634.709301029662	
14274	8	35	1142.66446446193	
10838	2	18	626.684838229178	
20049	7	27	872.163236472832	
28366	10	6	247.399480607081	
27521	7	46	1450.93732111665	
18789	10	4	187.661495445139	
16069	9	9	338.642237120607	
9395	4	34	1085.21002082397	
28733	6	39	1236.1067191307	
15565	6	44	1413.5975335788	
14947	3	31	1010.66671876734	
26892	8	44	1408.20706079165	
25227	7	40	1283.30359310066	
12429	2	34	1097.40824430129	
24064	5	16	541.577313459282	
28572	8	14	504.616100464303	
20184	3	5	213.172687391365	
12982	6	7	262.694545585054	
12759	8	24	785.207690477934	
12791	2	43	1367.50860471628	
10135	2	19	640.454835780177	
25116	10	26	845.735843128402	
16166	8	33	1079.38506254898	
22598	9	21	709.71360578654	
29771	8	20	666.294709083761	
25927	7	39	1236.87988797057	
24609	9	40	1277.00437988946	
21632	6	48	1536.1370990873	
21460	2	16	561.860042848559	
19995	1	9	340.859964089869	
18149	8	20	677.373254875361	
17420	7	15	510.160996518173	
9878	8	29	956.783406248681	
17302	3	30	964.590133318952	
12878	10	10	368.938358262618	
19684	8	38	1228.43553745581	
26735	9	30	986.384946865209	
8491	9	39	1258.93195754799	
26792	1	37	1198.73798306973	
14394	2	31	1013.88831588155	
23347	2	4	179.995656991375	
17308	6	7	269.846203229318	
21984	9	38	1227.53485397787	
25855	8	40	1277.46077690155	
10387	3	11	385.985457592637	
21222	1	17	572.196319034415	
27475	2	24	795.4573631638	
15734	7	42	1355.87300918804	
12948	9	28	904.015097070492	
26405	4	37	1203.811589891	
8669	3	6	248.479082364812	
29732	9	13	462.119790270049	
21323	3	25	822.902021157975	
17172	7	18	612.987283828197	
12721	2	50	1594.25446524949	
13229	4	10	376.928621333525	
16129	3	36	1147.2997756802	
20774	5	6	242.449630686291	
27580	2	37	1181.10477152332	
8157	1	8	294.057433146079	
13138	10	15	510.657115555674	
17523	8	11	402.505138033305	
8819	2	18	603.349977975409	
15619	3	30	975.246755040831	
16412	3	25	816.224278703436	
29131	1	17	580.505722249162	
19826	5	15	531.423654542967	
25363	10	11	398.713459781703	
18519	7	24	808.469886038671	
28114	4	28	913.141776003475	
23534	10	35	1118.23115359909	
17766	6	16	554.240729843378	
27039	8	20	663.956562515328	
21106	1	43	1371.31937459638	
16968	1	40	1267.51294772491	
18402	10	13	450.608632550858	
13220	4	38	1218.20098915054	
11261	10	44	1401.92428564742	
20013	3	11	403.728148193903	
24648	5	4	174.098390049347	
23595	7	15	521.422524806774	
23318	3	48	1521.13137070142	
10385	9	21	712.12200201681	
16032	2	29	958.048452957556	
15276	8	4	172.380881725056	
13329	7	8	295.253464605312	
22989	7	40	1287.2589753602	
28207	10	12	423.796122420484	
18375	4	30	970.335668069467	
20774	5	50	1592.00973692909	
8512	8	3	161.135761775605	
14603	3	25	823.935316178918	
26707	3	3	157.827186024667	
28415	2	30	984.680549923647	
13544	4	17	583.231200325876	
26788	4	43	1377.49051895807	
26258	9	40	1266.49622525391	
20306	4	9	332.288098937035	
9259	6	16	541.236498198116	
9057	7	44	1405.47973534347	
28207	10	2	120.772664491447	
28901	6	14	476.743903382096	
11519	3	19	627.40312314937	
17477	1	50	1590.87332106702	
18931	2	3	165.580436291909	
14482	3	40	1294.23835252143	
26801	1	44	1398.16322775472	
10571	5	32	1051.58264656159	
12372	5	29	945.474336103291	
15521	4	38	1223.64583269863	
19879	7	23	758.727632182989	
25123	3	42	1345.37549003278	
24551	4	45	1438.72148249239	
17065	2	34	1087.00638147397	
27959	3	43	1372.6349083393	
23616	5	17	589.525744854252	
9803	9	40	1290.3831360165	
10575	9	39	1245.30152501785	
18467	4	27	882.865873315775	
20067	5	18	600.970814098125	
12807	9	27	893.246746888965	
26862	3	4	187.627532122483	
27742	2	32	1028.37779171224	
11154	4	25	816.460149109578	
9026	6	25	832.00601422787	
17448	10	10	374.295837420177	
16781	1	14	476.413543818711	
25628	7	40	1279.27601259168	
22643	2	26	868.088174270507	
20517	1	47	1490.02242876683	
20415	8	24	784.112407296948	
16274	4	30	965.912890213501	
12180	7	29	940.687787449308	
29844	3	18	598.248412850429	
9090	4	2	133.3257255579	
8339	9	2	124.678621424678	
9988	7	30	973.728247552052	
16907	5	22	721.248680949793	
11971	6	27	872.468016665647	
10897	7	14	478.142529203623	
20765	3	14	497.090236850591	
15554	7	8	315.676328798605	
23961	9	33	1078.32178631719	
27791	2	42	1346.68983537084	
8811	8	28	913.282104746104	
26628	8	12	415.760271742828	
27611	9	30	985.21383368653	
8540	5	20	670.820804550695	
12718	6	38	1212.04564158434	
19655	5	50	1593.70545547162	
17324	10	3	167.107382941575	
9931	9	1	101.194700236057	
9311	3	32	1049.42222562126	
11070	7	49	1540.26568409999	
20476	9	17	592.23298845451	
15683	2	48	1533.14513236896	
9933	5	32	1048.36611166986	
25211	6	44	1410.94297403979	
9679	3	25	838.867306839147	
11727	5	44	1391.28459887173	
22271	7	27	897.824808702723	
15966	7	4	198.887215163041	
14815	6	7	263.494472291085	
14104	9	33	1055.45190733646	
18201	8	15	519.533425401679	
16918	1	44	1392.81474196949	
10091	4	14	484.687702583469	
20170	7	28	920.473069641959	
19890	2	32	1033.68065591607	
15851	8	42	1327.95628691463	
18273	3	38	1215.7974973022	
29471	9	19	649.134455066703	
29374	6	13	452.833508352206	
16494	8	14	484.723344112152	
8234	9	4	183.880577247534	
29159	10	19	657.57041809036	
15695	7	21	709.30574580529	
21196	5	40	1281.6879563414	
29001	4	47	1503.17804436347	
27053	5	14	496.245742485042	
18183	8	30	989.082003733647	
8162	8	44	1405.59273926802	
9859	3	3	147.230371007337	
13837	9	27	874.382718798883	
22124	4	44	1402.91504582526	
8642	8	23	762.917707060891	
8702	3	48	1516.49066459224	
18572	2	31	1000.42210334932	
24441	4	1	86.0154243959186	
18229	9	4	200.180593188936	
28405	4	20	676.312509754818	
18943	2	36	1162.78527351226	
23078	6	47	1482.38137411065	
13410	7	33	1081.18341779391	
11154	4	37	1180.3177205009	
8868	5	10	378.20302168755	
23972	5	2	132.18185650752	
23572	10	1	102.869878980736	
21520	2	28	907.15640996916	
23697	5	35	1120.46736277662	
18168	7	48	1531.07256915936	
18516	6	3	144.74076404457	
26812	5	39	1237.14014863462	
18366	5	47	1484.08935466972	
9195	8	13	457.907958169425	
14956	6	35	1117.97292787487	
23672	1	39	1248.36119188385	
18865	9	19	644.698881509108	
27403	4	45	1436.38510685246	
25929	5	48	1534.66257036415	
16424	2	28	903.839386563673	
9890	1	43	1366.67815532846	
17264	2	47	1507.76492967632	
24645	9	12	422.621564354106	
22770	7	14	482.202595138085	
24641	1	34	1092.23206943471	
29410	6	2	131.656844155703	
11855	2	30	989.111753492203	
19770	8	39	1252.5368615112	
12387	1	42	1356.61571834079	
24350	5	46	1476.32407737725	
9766	5	34	1084.26559923415	
8074	7	28	914.457645246041	
29250	4	28	913.500062727137	
18259	2	22	731.643777159808	
23073	1	2	133.01222378994	
29128	5	23	766.753080956057	
28749	7	30	971.650090558291	
10457	5	28	904.405623611252	
15228	10	44	1405.67755555998	
8560	8	18	605.388561582839	
8234	9	20	686.435866824554	
16424	2	13	454.531546372236	
27485	4	13	462.710681586857	
17349	6	16	565.173173325683	
14533	1	28	924.341239689077	
23002	6	6	248.452590633394	
8485	3	7	263.141016337621	
16124	8	14	496.474760629458	
16352	9	10	364.942117950386	
19953	9	35	1114.55651517704	
11047	6	29	951.791783083133	
25545	8	36	1164.03699649686	
13855	2	3	151.352854031768	
24941	3	27	896.341206625263	
28497	4	28	909.634354426355	
13923	7	39	1255.02034383594	
17675	1	35	1139.75980975654	
13191	4	20	678.980822655829	
18529	2	3	168.085651066194	
29436	7	9	326.546177531847	
14365	7	22	743.070103015318	
23064	2	13	450.333017469539	
11670	5	36	1150.54069162837	
25169	1	39	1244.14328539937	
22433	1	15	526.806969925206	
10644	6	25	830.283118798529	
12595	7	11	403.640085907485	
15761	3	25	832.445577509909	
29330	10	11	404.895734379485	
28760	7	12	431.219846918816	
9370	4	10	356.71110132556	
11845	3	42	1340.29325789786	
19049	4	2	110.707551292473	
21814	9	31	1009.27400878131	
15351	3	8	297.403519739119	
21317	1	31	992.146608956226	
9662	5	35	1125.05424808946	
15721	4	46	1457.44839102842	
24617	7	36	1157.86135544901	
9405	7	28	923.779478801312	
9538	4	46	1468.51582781808	
12305	2	17	572.636992862745	
28203	10	30	967.594743560811	
17159	8	8	322.059203163748	
23828	2	18	604.532294294113	
28180	5	48	1520.22860273729	
29235	10	26	843.104791214273	
10521	8	1	97.1588561018737	
21777	3	45	1422.00942273345	
16854	10	14	477.991879953999	
16495	4	38	1226.99327119952	
20470	2	10	372.669267902462	
9899	8	25	816.319972545057	
15970	1	36	1159.13137802814	
16092	6	46	1462.31845856752	
29061	9	8	316.102849355015	
22412	9	28	903.990854743864	
12747	3	25	818.567396187488	
11715	4	2	118.366203400477	
9686	5	4	174.058120890548	
10838	2	45	1444.81250472591	
24324	5	32	1030.69543882771	
29292	10	4	171.579026249973	
8193	4	48	1533.72227103157	
8534	7	25	837.84541385148	
18974	10	38	1211.49852518528	
16625	3	35	1133.32944520439	
17464	5	22	742.078845250457	
25995	4	20	678.937686886144	
28023	1	48	1517.48774547013	
11292	3	5	209.966095746479	
27250	9	40	1282.31141872812	
19174	10	35	1121.11946720682	
25892	10	26	844.306172264882	
16479	5	13	458.030349713764	
16735	4	6	250.433110152573	
14802	5	33	1082.73827390873	
16124	8	28	908.481488464624	
16774	1	22	719.610991105256	
24870	1	18	606.578367187911	
9669	3	50	1587.17832758426	
9844	7	11	386.481229805612	
29952	1	31	1010.43615477646	
10047	2	48	1526.90385442549	
27214	3	24	804.226575719298	
9310	8	50	1584.0418334231	
9495	2	18	603.973285352799	
15877	9	16	551.576173264336	
12754	5	36	1146.95555021379	
13189	6	50	1581.3006703841	
9389	6	3	168.155754212363	
23378	4	11	386.486851901974	
29052	1	45	1419.08218762795	
8565	6	33	1063.80323455846	
14223	9	33	1078.9669740754	
18067	8	15	517.820388990371	
25621	2	14	481.057966612772	
8485	3	32	1033.87247252924	
23621	6	34	1084.21378931227	
11217	5	31	993.033769108836	
27417	4	13	466.89915753291	
25996	1	4	181.025945963816	
28382	9	31	1018.22116921573	
28771	5	47	1504.52167726332	
21120	9	9	348.02578420752	
18314	4	49	1544.6818524714	
25324	5	26	851.549800695642	
29548	9	50	1572.01380028018	
27553	4	24	781.101028314373	
19398	7	40	1291.88534841495	
29840	5	25	833.364575446287	
29942	9	50	1595.50936627924	
28209	3	4	178.956405082232	
27760	8	34	1111.78783621257	
19967	1	4	186.879793306291	
19967	1	35	1138.3312749203	
23863	7	1	100.259284051256	
18375	4	6	244.675171824487	
10972	10	24	809.495695312273	
15254	4	26	853.803580428382	
24847	7	20	687.525239832478	
12772	10	20	661.753271940049	
27288	5	37	1195.12329503667	
17564	2	21	697.63701650204	
15556	8	45	1429.33199125777	
9577	6	45	1423.47924384451	
18859	6	46	1463.22923110017	
21677	8	2	137.31623264836	
22521	2	43	1365.33919818948	
12337	1	49	1540.20996072339	
25991	6	43	1369.3751435398	
20908	9	2	128.865801379488	
10285	2	45	1424.26769915236	
26824	8	42	1326.57722199642	
27094	6	5	219.679209655001	
14246	1	47	1486.15238162044	
16224	4	30	968.260060589882	
20625	7	34	1105.91447751313	
11090	1	39	1258.87807021797	
20663	1	26	859.544723247897	
12325	8	25	812.492032727456	
20161	6	19	631.959485072624	
16468	10	43	1370.47514494996	
22588	10	46	1455.07020179884	
12961	9	25	827.936094937816	
25688	1	4	172.646387933123	
28266	4	7	287.530446819742	
27772	5	11	387.29435141538	
23174	1	29	956.92344125217	
15788	1	49	1540.63569915511	
18917	4	14	497.561104939115	
14884	10	8	316.382794788286	
21601	9	8	304.376777216968	
9340	2	8	310.410208883886	
11963	10	11	385.508529276358	
14372	2	44	1405.14588559286	
9705	10	17	585.902650927148	
11531	6	11	400.58415271369	
25846	5	3	155.189686005558	
24505	5	15	524.546540363015	
22686	9	3	161.45262137123	
19548	9	24	794.233568047282	
9003	7	7	286.674602090695	
29862	4	26	840.891067590979	
24508	5	48	1522.51020487515	
18911	2	24	784.4987740668	
16602	9	6	251.241667126884	
20484	10	13	452.379183085812	
23528	4	30	972.108626557565	
26854	1	8	300.72741168585	
24439	2	6	250.071214330416	
15088	4	17	594.344806538124	
24897	4	17	585.79710160652	
16215	9	49	1549.95097206438	
13040	2	2	121.311547700926	
25806	6	2	135.565754759855	
24622	7	27	891.278126990086	
28571	1	42	1340.05309323783	
8169	1	46	1469.70092156422	
16492	6	42	1336.68560332464	
22844	6	38	1215.94879702476	
22381	1	36	1155.93487968479	
14585	4	24	780.39279139619	
22072	2	45	1424.70349903437	
13966	9	35	1122.64885578428	
29822	4	35	1132.99234875152	
12125	7	45	1424.48902416252	
22914	7	37	1193.85749026847	
25325	4	31	1021.06869272006	
17536	6	12	414.533324062141	
28293	6	30	980.249730693293	
22827	1	19	647.675907876192	
10216	7	32	1030.72479150757	
16358	10	25	814.331529854951	
16078	3	23	778.092101876667	
20168	2	1	98.2584646801736	
9505	4	12	425.284882981928	
26986	10	18	609.584077358984	
22963	10	48	1532.55999692369	
18630	3	2	123.437320871017	
11846	7	48	1521.40472080624	
14512	7	45	1435.15126373393	
19495	4	31	1015.18572485782	
15210	8	22	736.19602956632	
23585	8	43	1370.56448482469	
17099	7	47	1503.21629840099	
25398	6	42	1330.58569318177	
26406	7	10	354.425805152592	
24256	9	7	269.09866118296	
15775	9	9	329.942774516504	
10893	4	17	593.867758602774	
27224	1	26	845.849557689321	
26860	3	15	530.883231149466	
17285	7	12	418.504082680915	
23327	2	28	908.597743338252	
28461	5	18	605.51774168644	
16236	2	1	93.8407766510922	
19838	4	13	461.97110305632	
18292	2	41	1318.2422118067	
28431	3	13	469.517856123633	
22878	9	29	960.009749904279	
14292	3	19	657.384176858414	
19627	6	32	1031.31049036575	
16086	2	19	637.575302495423	
22486	4	28	920.477680992558	
24385	8	37	1202.39530645422	
10274	4	36	1163.62001503055	
13713	4	43	1371.46557175157	
22756	1	26	851.858870187708	
20854	7	1	103.053083020753	
21630	5	41	1310.28087177793	
16781	1	10	361.694049631103	
13713	4	44	1407.49309631413	
21718	1	45	1426.26360069321	
20671	7	44	1415.2808825184	
16281	6	43	1380.79753329083	
16904	6	5	220.749154826975	
9654	6	2	124.19676182987	
26735	9	2	134.139014209685	
13080	3	38	1219.43255738329	
23848	1	44	1402.40665556975	
10927	4	36	1150.06321900993	
26711	10	31	1004.75882908551	
25206	7	23	771.125918203558	
14634	3	45	1420.66556545937	
28694	3	5	214.400173003972	
24196	1	4	196.792676726725	
25801	1	21	692.22070882666	
23245	7	47	1505.7337865167	
14237	9	6	252.574360190227	
21142	10	1	84.4176880290814	
18727	3	49	1563.31377992561	
22013	6	27	891.341865552283	
28188	7	35	1143.04214080006	
11070	7	23	763.427570966737	
22202	10	29	944.020543947825	
26838	5	14	483.84077336818	
17504	3	13	457.610422362392	
17420	7	44	1415.71834857376	
11095	9	6	248.169178370465	
9301	5	12	419.596283370441	
8084	5	49	1559.1201214302	
28785	7	34	1102.56693496488	
10572	1	6	246.045578162207	
8451	1	18	619.661902738578	
25718	4	8	312.173708971671	
20772	7	32	1038.35646137519	
15030	8	21	704.619630456259	
26375	10	18	603.223200162511	
27680	8	35	1127.80021004742	
19772	10	13	464.768586859465	
9801	7	50	1569.64401482122	
29691	8	11	407.832088846635	
29187	1	4	178.809654423413	
29499	10	20	667.111200553883	
11888	2	44	1409.94653089435	
26538	5	39	1252.6253477729	
19532	7	9	340.184572162193	
17015	8	25	816.909737036056	
26364	5	24	786.077507988586	
14023	10	34	1085.6026297275	
15276	8	16	551.39930620389	
23847	9	46	1465.73178523487	
29638	2	20	679.284509997482	
16711	8	1	98.6353949916714	
26181	1	42	1346.96709185232	
26914	4	33	1070.35218407882	
25093	8	9	344.450955514075	
11222	6	22	742.83602972647	
28581	1	16	551.260338570578	
18630	3	30	976.956759922652	
27810	8	43	1363.13873246458	
24301	3	8	308.478413256108	
19006	2	47	1485.96983583922	
10155	8	27	879.836274012847	
23324	5	45	1443.28653413955	
27921	5	2	127.496284045044	
21866	4	25	838.713250923303	
26192	3	5	231.46401546498	
25448	7	37	1188.4918564877	
13237	5	23	776.043711628785	
15107	5	34	1092.17304627047	
25743	6	3	168.997508664149	
25274	2	13	457.933576469279	
10011	3	44	1387.80577333076	
14693	2	2	114.773673207859	
27650	9	39	1235.48169107897	
20023	6	24	792.53221112887	
18440	8	16	555.930940246177	
23197	4	29	953.481040072386	
11651	9	40	1291.39519617492	
22713	7	5	223.656201205988	
12214	5	39	1240.70068532634	
9193	9	21	709.640840585176	
14106	1	23	762.566548642966	
19115	4	46	1468.19697716655	
11177	7	4	173.388336195326	
23040	8	14	503.282424967402	
11909	1	5	227.410183170536	
18595	3	27	872.694810886259	
25000	1	26	841.82152489285	
13278	3	23	773.905505861112	
11111	6	49	1561.78360072979	
22336	3	2	131.962861591933	
8706	1	5	230.843450124768	
10351	8	21	701.629854394882	
14713	5	42	1341.16560156511	
13863	1	15	521.862253007415	
29677	7	27	898.973380410566	
20842	1	25	823.824666414328	
24455	5	43	1362.45024684931	
28809	1	14	493.912096849602	
18041	3	4	188.720556697212	
14725	9	38	1228.41788054836	
24882	4	1	90.0337963598006	
20286	9	50	1593.42958345703	
18448	4	13	462.401797539742	
10475	5	34	1087.79820876559	
26372	4	27	891.47873666672	
18394	7	50	1583.86172178381	
14528	3	4	191.485400773345	
13506	3	10	357.81997294995	
10766	6	44	1388.5200152679	
21328	4	44	1389.35498965408	
17750	7	26	859.865142395657	
21648	8	25	833.300558716664	
27371	3	5	202.438047138247	
14146	8	37	1198.83757267093	
27968	5	24	803.403287196254	
9364	6	31	1011.6392968463	
8157	1	42	1349.89819794423	
23807	1	38	1224.21385907764	
11579	10	21	691.303067752767	
16431	4	29	958.769204578721	
23901	9	12	426.670331594846	
26652	2	1	82.1382057676735	
9188	2	35	1130.38944554068	
14541	4	2	117.034647072216	
29548	9	8	307.09012634451	
24293	3	23	766.17591893588	
12047	3	10	373.608071642745	
29124	2	24	793.619438071558	
25628	7	47	1493.5588307183	
24907	1	42	1332.10627383185	
24046	5	37	1191.03079322308	
12558	7	27	877.483099325319	
24717	10	2	114.935644508775	
13287	8	1	92.2828047779774	
22442	10	21	699.607044225376	
23238	9	23	769.136965185933	
10594	7	34	1085.79517962681	
22407	9	20	685.590127429734	
25174	8	38	1211.80368830068	
17166	9	6	243.548461386724	
29410	6	23	761.209410112914	
18517	5	16	564.001551942901	
19012	3	30	985.385490593214	
17676	8	6	252.428611075705	
10821	8	27	872.097719196276	
9934	9	31	997.542891408104	
25034	10	17	579.191807256635	
17105	9	5	222.328028894182	
22628	7	41	1318.45896581116	
9229	1	47	1487.33408356427	
29993	5	33	1073.9264684701	
21538	1	5	218.236387771664	
11978	6	44	1402.60902909683	
13779	9	25	829.951352118492	
12396	9	27	881.747548953513	
20097	4	1	87.8955905921271	
24969	3	16	543.040137916356	
25638	6	12	425.367150467526	
14559	5	26	860.708082421081	
21571	10	5	205.30281773084	
24363	6	40	1290.25365014107	
20093	7	31	997.865962701787	
14738	7	13	464.261142231646	
17269	9	2	136.413741436048	
8102	2	7	278.324196431005	
28990	10	50	1582.38204307034	
19694	5	24	798.364914207889	
23961	9	4	190.155242360269	
26209	5	17	579.230528445556	
23310	10	2	114.266322010321	
9964	3	48	1525.84411721949	
11763	1	22	744.308070514495	
25466	5	1	92.4101707769605	
19955	6	15	527.754606366043	
8723	4	7	277.559794465806	
28844	3	46	1462.66877965195	
22692	5	21	696.752715174459	
20820	4	29	957.960834464971	
11486	2	26	844.93692787594	
9756	10	28	909.547234936406	
23372	7	7	266.984111679245	
22636	6	5	231.280042748563	
17672	7	33	1075.1604722604	
9479	1	1	86.224747154035	
9710	10	9	338.17980536175	
18994	3	32	1052.79440545141	
24084	4	33	1074.87407022848	
21733	8	27	884.984292390283	
16049	3	25	810.535255824465	
12970	10	21	691.711453633249	
9675	1	8	306.096827269577	
21818	10	22	740.428029159283	
14940	7	45	1424.88204500865	
11353	7	34	1086.50087056984	
27090	2	16	553.294811245657	
26366	1	43	1363.34344741113	
20635	2	4	179.740409711255	
18077	1	28	928.971749157166	
17873	4	50	1574.1044146447	
28642	8	27	889.715676125938	
23647	9	7	279.177977200215	
28718	9	13	469.036564896366	
15956	3	39	1243.09750044863	
29822	4	40	1284.19264380084	
16772	8	49	1561.48996634478	
20203	1	11	409.618397955605	
20144	3	5	205.826216994704	
27005	2	29	954.854422730792	
26063	3	19	632.391557652686	
15619	3	31	1019.07876930157	
16642	5	30	991.142875417668	
14032	6	37	1185.07930345138	
14452	3	37	1180.43022259159	
18137	7	49	1551.16084748467	
28901	6	48	1538.31870605159	
28830	8	35	1138.9736073925	
24105	10	48	1522.70549044139	
11653	10	13	458.036395077611	
26900	10	44	1398.2339360743	
28590	6	25	825.529790979591	
11060	5	17	587.507972841853	
28318	6	48	1513.38062181761	
12471	10	30	979.619986535804	
10769	4	47	1487.51907481231	
28768	5	44	1408.16949474074	
24397	6	26	865.416088060204	
15980	8	28	919.426025505842	
28788	10	18	605.909300207118	
17911	8	50	1574.45979512039	
16790	3	15	514.216347054679	
15318	10	43	1362.92836994069	
29613	9	43	1367.78096601729	
15606	1	30	983.856419820272	
13028	10	49	1555.22125175	
21625	6	21	710.369257736192	
23855	8	44	1397.94754678288	
13206	7	17	588.182542299937	
24551	4	44	1390.96782845956	
17648	8	2	124.734780809253	
11638	1	48	1528.56140740614	
13535	8	28	926.968188456711	
26453	6	4	200.019647497693	
8157	1	9	332.592734737598	
17757	5	44	1391.4564865229	
12835	7	41	1300.56857821558	
15324	3	22	721.017523818192	
17864	5	36	1159.9978065677	
19487	6	46	1473.72119752398	
10321	4	36	1148.18216451825	
11089	1	31	1014.32120385315	
29601	5	45	1440.63795696974	
14290	6	41	1321.70401463364	
14241	3	35	1130.73781308287	
21746	6	25	828.574623665109	
27388	9	10	382.207703284085	
16692	1	10	365.797355382609	
16816	8	34	1089.41657836056	
23268	2	42	1355.57842563632	
18800	9	46	1476.0231490601	
19746	2	23	776.073878284578	
8092	9	34	1090.19237244976	
27142	10	37	1199.91691678759	
19920	5	30	980.394627610405	
11373	4	4	198.175210598006	
8262	1	39	1256.15039936088	
18455	4	38	1223.36190940037	
8365	1	7	281.222883631113	
24638	9	38	1225.20897084158	
17297	9	28	920.791589748483	
13526	7	5	220.371159268716	
20618	9	19	630.791065092567	
8449	8	5	211.737661981833	
26878	4	11	413.301614268358	
26393	2	46	1469.67252866815	
10245	2	47	1498.56160252288	
14901	4	13	467.48832534416	
27318	3	39	1260.78788708001	
18131	5	37	1188.16350001291	
27145	8	7	266.950496596727	
19571	3	23	767.151970922552	
22162	9	41	1305.41828149251	
27704	10	32	1045.70482798186	
15905	1	33	1057.72713568887	
29912	6	19	640.138591267233	
20340	6	20	673.578390084942	
21746	6	2	121.224355307046	
9487	8	8	317.043152934426	
26040	3	6	235.281796155163	
9700	10	39	1253.01354846592	
14165	3	12	424.571902353583	
19613	2	11	388.530968422317	
21464	4	25	832.604116663618	
17399	7	48	1514.94467939946	
13137	8	29	948.660902524675	
12954	9	15	518.369034956381	
8011	2	42	1327.05127166912	
25542	6	25	819.625019887288	
27153	9	5	214.417524139591	
26688	4	5	215.306087162023	
11023	8	3	157.206668815206	
11642	1	15	519.794640187078	
19555	2	48	1534.78883572611	
21820	9	19	632.929607775495	
27265	7	31	1007.81100524953	
18297	2	13	463.530138760586	
21673	2	41	1308.9002949879	
26226	7	30	988.402400365287	
10637	8	39	1261.06528441471	
29350	7	28	930.013021142228	
24788	7	48	1514.71937793992	
21308	8	21	705.009468302601	
22068	9	47	1501.25307834766	
22103	3	36	1168.62792903959	
19755	4	24	788.871178137544	
22356	10	33	1070.65559679207	
13133	3	2	124.4875444679	
10200	8	5	222.189781098715	
21673	2	12	420.256036343172	
23893	4	35	1124.59682051306	
27388	9	38	1214.92604405383	
9666	9	30	986.318756465949	
26248	10	2	125.94108747595	
17774	2	50	1572.19542237567	
17054	3	17	576.2196873949	
20804	9	45	1431.8401908464	
11067	6	44	1398.18694842895	
25237	8	8	296.792982582372	
18799	1	33	1064.64071174368	
24030	10	32	1031.30349371177	
20188	8	6	251.510330853756	
23276	1	39	1247.86330545687	
15430	10	35	1126.37036294042	
29993	5	33	1052.85741285088	
22074	9	4	189.743827781521	
21703	3	9	327.357330735474	
24792	4	43	1370.62944576639	
27764	10	14	492.775220206368	
17393	5	2	129.916130439339	
13966	9	6	256.608452506647	
15687	3	30	964.678095097038	
8530	10	22	732.82195494176	
19754	5	19	655.977868519713	
29934	5	28	905.268775012935	
23436	5	42	1338.29417052599	
17458	3	41	1319.56243405098	
27345	7	14	487.277890074662	
19517	3	39	1263.97618762403	
18191	3	24	806.073501261917	
26429	8	46	1478.0053057326	
18955	1	13	473.881490488481	
27243	9	37	1184.86149057041	
26262	8	14	479.368983544115	
19499	1	21	689.820703626527	
9893	5	18	600.380043108193	
17315	5	23	770.887912349258	
23237	2	13	473.853552711128	
14095	6	49	1562.59341335045	
29416	5	2	136.709920380595	
9482	4	37	1175.97081440313	
27936	10	20	665.343190331637	
25290	2	34	1092.10731240553	
19434	7	48	1523.7616886216	
14707	9	8	309.76179070294	
21579	3	23	758.502690288472	
9358	5	9	346.856072483052	
12528	3	37	1178.63910536218	
28665	2	15	528.395665496772	
25846	5	33	1058.88410125807	
8439	6	16	541.513847402071	
20588	7	41	1300.02615102568	
20400	1	38	1231.71232426153	
28452	9	4	172.273650659376	
13722	6	6	243.647583836525	
13385	5	6	239.918725416026	
23901	9	16	562.104089112069	
20873	2	11	410.340887946235	
18909	9	25	820.672312463015	
13905	4	8	313.901251849672	
11264	8	26	856.657253343918	
24512	4	32	1024.56230077174	
19906	8	5	214.210760804923	
10579	1	34	1090.71948132046	
9241	6	37	1186.63540601108	
10553	5	19	637.422003223292	
27828	7	20	666.648840283346	
22535	5	26	848.494321912757	
23956	8	15	516.54965931389	
15688	6	15	532.47736974269	
14006	5	31	1018.85591543226	
29551	2	46	1453.50377802435	
15229	3	44	1408.03603241594	
24707	7	12	436.065299825773	
15792	9	16	553.945316036206	
11470	3	37	1191.26526217501	
24664	4	46	1472.57078269151	
10897	7	24	809.060266320156	
26463	3	12	426.216077816773	
18790	1	5	226.766084724463	
17909	10	33	1071.43809804294	
26735	9	5	220.923328688798	
25339	5	49	1558.88222457789	
18269	9	7	285.092086365955	
18026	2	9	344.559653859846	
17894	4	6	257.979154706923	
10669	10	26	842.16916622695	
27800	6	34	1092.58783991103	
19739	8	8	315.72139970759	
24639	3	15	529.9019782105	
23491	10	2	118.275953996124	
15289	4	12	440.547024403022	
9337	4	39	1253.18124024811	
28235	2	42	1328.69216150078	
25915	9	27	880.052667036677	
25391	2	5	231.408513631396	
8778	6	15	531.132429526715	
22666	8	1	81.3878310850765	
12066	10	12	417.126282610524	
23932	1	40	1272.33978747965	
12735	10	4	171.853850005127	
26603	1	34	1098.36175057029	
21327	2	22	742.089446048294	
27588	4	50	1595.91829575408	
29401	5	2	120.028185825808	
11984	7	21	688.010069377725	
25748	7	47	1491.99011860974	
15129	8	27	875.647024435758	
12049	4	38	1218.32833462317	
10874	6	19	652.382321661516	
10978	3	10	367.34794272452	
20568	2	42	1353.04382279191	
10376	10	50	1584.12481012946	
8387	3	20	673.906227738553	
15050	6	26	842.463153806731	
28762	10	21	715.73392465512	
17024	10	33	1065.68007619385	
25289	10	48	1529.11867443897	
25788	10	25	826.159827460609	
28719	5	31	1008.65625130416	
26280	6	44	1395.25283699634	
13839	1	36	1174.06100037231	
18127	7	18	612.772922205167	
14393	2	50	1586.64768110339	
19799	3	14	494.201415746567	
22030	4	20	658.308891029241	
10693	1	7	280.322537776233	
21071	3	3	159.343870915167	
25128	9	36	1156.0126327891	
8483	2	11	402.53680240481	
14281	5	22	740.132832648294	
16238	9	46	1471.18295160643	
22005	10	13	471.933983709632	
24663	2	23	753.876290337125	
18560	8	2	134.912234719336	
17904	4	50	1573.07634747265	
15970	1	33	1078.8338826405	
16457	7	49	1562.96392882381	
10279	7	6	245.063900540147	
26357	1	39	1256.54958448212	
19610	4	10	365.989036097186	
21668	9	49	1566.52214179119	
11846	7	46	1474.25950528786	
8179	10	39	1263.33907804607	
13266	6	6	242.55403548598	
20275	9	10	365.23213120421	
18208	5	13	456.42221427356	
8305	8	20	659.27501250956	
21420	6	16	566.229007694046	
15440	6	6	244.318742381557	
22748	8	23	765.728437437549	
27909	2	18	602.013755087747	
19554	6	26	855.228003624467	
18596	9	31	1008.47003130637	
10159	10	46	1477.08695048331	
17888	4	18	597.792849632815	
19601	9	16	565.588828365127	
14205	4	23	755.441764944904	
9822	5	37	1181.71688000752	
9312	1	33	1061.71929479657	
28412	9	14	487.687531601492	
17248	8	44	1412.64624769457	
22040	6	41	1319.63439164666	
16751	7	27	895.791532218359	
17140	10	48	1512.24948901322	
26391	7	14	496.164991118091	
28079	5	29	961.109839082281	
26884	5	28	910.248519792337	
15320	8	18	618.993993019217	
10926	3	26	869.386806334083	
16964	3	39	1236.90004201462	
11020	4	34	1102.71614737004	
24110	9	43	1364.05477389882	
22081	10	36	1169.61024297849	
20398	7	22	722.667215206971	
14053	2	45	1428.73069520515	
11465	7	41	1299.80149508445	
9966	4	29	949.433844159094	
9898	5	45	1424.09364561741	
23461	6	5	208.969284542356	
14915	7	7	281.886676755681	
12507	9	38	1221.04752526667	
11058	4	37	1193.11486322112	
8506	5	30	991.693890407539	
14329	10	39	1236.80836496726	
14126	3	5	218.119077560547	
9186	5	21	695.954947981962	
8191	6	33	1063.46395240327	
20966	4	27	876.789339853818	
27406	7	35	1137.11938508652	
21985	10	34	1087.48751910752	
14891	7	11	403.3921176956	
20489	4	13	461.247048816293	
19095	3	24	783.34460574358	
11794	8	26	848.862052880629	
21049	9	16	553.342788402616	
10185	1	9	326.88775014453	
10972	10	20	658.467973069506	
20363	2	42	1351.08958903285	
10238	2	42	1346.38904436789	
27810	8	31	1004.12229212193	
27527	8	36	1146.17369448122	
24180	10	2	120.281019490343	
23335	9	41	1296.84220135996	
27216	4	18	607.418700366942	
24509	2	39	1263.01229006751	
28844	3	25	837.958981188926	
28673	4	40	1285.61776064598	
21120	9	10	365.802816099395	
12518	8	2	128.356255278157	
23821	6	27	897.991354548368	
14890	3	38	1216.15498420603	
25845	9	29	931.348119327495	
19295	4	32	1052.74759546516	
26950	5	26	859.832618040886	
27523	4	26	866.640006334819	
10109	10	8	299.531384473448	
17139	6	11	407.940501239123	
20023	6	39	1258.9831672511	
26938	3	43	1374.13041145267	
11550	5	44	1400.21004313613	
9432	3	47	1497.64588667902	
8236	6	2	113.459179938519	
14999	7	33	1081.8746079327	
24648	5	43	1381.89928722656	
16482	2	28	913.507924319016	
16407	3	22	721.469098553746	
17464	5	20	660.710168155241	
15826	3	11	400.748190097859	
20583	5	6	249.324426804355	
25483	1	37	1181.84294506062	
9009	9	22	721.333522014941	
15033	8	37	1198.34425512624	
19014	7	3	157.70460124952	
26155	2	24	804.846992420427	
18740	6	22	735.712982274458	
29176	8	37	1180.76650577633	
22378	2	47	1496.27266186116	
24307	2	13	464.275190040597	
29829	7	50	1573.79607489975	
17301	8	30	980.160096371621	
21300	1	31	1010.33718733598	
24048	1	23	777.661136303871	
19110	6	25	828.433084575661	
10015	6	8	319.128030538153	
10236	3	46	1471.33253490149	
27716	1	33	1072.0439983681	
14389	9	31	1008.49945335113	
27640	9	48	1523.51198770269	
14890	3	50	1582.22204654581	
19372	1	9	333.811403929168	
12219	10	48	1518.94724890541	
13808	7	31	999.484805818407	
22150	1	50	1576.95917758018	
10159	10	49	1546.17900123176	
12587	5	34	1106.47640544291	
15295	1	34	1112.7145145427	
13246	10	19	638.406411557648	
10731	4	48	1514.9429141334	
27957	2	40	1293.91077604793	
27957	2	18	621.543191513765	
19199	10	6	257.248813033685	
26926	6	30	964.86957054812	
16478	9	4	196.478389295041	
24022	9	16	546.513310217538	
23933	8	6	256.657832533427	
17604	2	1	97.8107290797917	
22218	5	26	853.643518077975	
20959	7	9	327.900603044732	
10657	6	5	204.119635766428	
9841	8	40	1285.87350055849	
27237	2	11	403.258722612289	
8074	7	49	1543.66531119853	
29334	7	40	1285.18709235135	
13944	4	13	473.970315081054	
21600	7	13	469.872855800145	
11930	2	24	799.984750375145	
13081	9	27	885.026095362858	
16400	1	26	842.746577394543	
26634	5	48	1510.56675232508	
16711	8	45	1441.46392595091	
9864	10	41	1312.96964520261	
20745	6	22	737.198180452547	
15946	1	12	418.526143552049	
14106	1	48	1515.51302287519	
21492	3	39	1262.89569615521	
24393	9	41	1321.84871619653	
29423	4	38	1221.38507754606	
23848	1	5	211.525600017759	
15107	5	41	1298.37058697751	
29765	6	38	1222.99846773175	
25826	7	18	622.360094218683	
24389	3	50	1581.32974772776	
9578	1	23	770.364413992672	
20935	6	32	1032.25288338598	
11122	3	24	802.911283337936	
21482	5	2	125.467616787864	
16736	5	20	661.18274700883	
10514	7	10	361.919774358123	
13794	3	3	142.470198004725	
27430	3	46	1453.5218058217	
21770	2	8	298.40048029013	
28329	4	23	760.598850306402	
28122	5	44	1399.39235193627	
13772	7	10	376.348545987321	
17372	7	48	1530.55268131688	
22904	7	50	1575.28193770688	
19784	4	41	1314.29771346706	
16781	1	37	1182.98886249912	
24644	7	36	1156.30614543162	
24615	10	11	386.49165506777	
18299	10	8	307.688419179846	
19601	9	44	1395.65983416311	
18866	1	1	84.3761618083232	
28289	8	46	1452.44685009701	
12063	2	28	908.573546311154	
23555	3	35	1120.05063258114	
28306	10	18	626.343426996071	
8971	4	7	280.965366419854	
27559	8	27	883.617614062325	
13906	5	15	534.809116336894	
8965	3	14	476.425651533727	
10657	6	22	722.117918060216	
27258	2	19	629.530016067219	
26473	3	17	581.121168034673	
12108	10	22	743.513406339806	
14354	6	12	421.928974884529	
