idEmpleado	idDepartamento	ventas	importe	
14760	8	24	809.069355953983	
23600	3	47	1501.45539312691	
8134	4	25	823.050304922764	
13679	2	36	1170.34608075877	
24580	10	27	885.207531305592	
19018	3	24	786.708734997878	
9059	2	42	1334.47178556326	
8311	5	30	964.634927476121	
18402	10	26	843.162229602766	
11373	4	12	430.980095616998	
29314	2	16	549.289746726532	
14705	1	24	785.075160332525	
17729	9	25	839.896215591531	
14390	8	32	1047.0943146232	
12254	8	7	278.266242760358	
27889	10	33	1068.88633021567	
13353	3	35	1130.4497151498	
27405	6	45	1445.98261140566	
29724	8	31	1003.67838857867	
24389	3	22	725.613999890915	
12018	3	17	586.59125403808	
26372	4	28	926.191683023326	
22424	10	33	1054.58256759429	
20409	3	49	1561.84800887566	
11016	8	40	1279.00911413087	
13919	4	18	624.545183584348	
21596	2	19	631.057834025034	
26480	4	17	571.378474240833	
13607	1	17	569.208754156348	
20935	6	27	889.199982736818	
10553	5	4	180.029587047188	
15808	7	44	1408.00989741832	
28755	1	14	497.074674338603	
29002	8	28	911.472604401164	
22646	2	45	1421.00470605353	
25861	4	30	963.630027474663	
13880	1	31	1005.05578732353	
13701	7	17	567.048473361436	
17182	4	17	596.018420325601	
9413	3	4	191.744098603606	
11238	2	2	124.82150888295	
15369	6	15	529.927281537059	
12342	7	26	864.748225763789	
25538	7	8	321.185648441867	
26406	7	25	818.895410084583	
12069	6	18	618.663227175671	
24169	3	1	95.2330513369446	
29409	9	48	1526.32042337503	
17604	2	5	209.180718683256	
18810	9	19	651.714193938167	
26248	10	25	834.07546804942	
23070	8	49	1543.35356903419	
29480	1	33	1061.58239536992	
12893	4	8	320.113711506181	
18931	2	49	1555.54802415685	
17572	6	47	1482.87767293066	
16217	9	15	526.872825532627	
18364	5	26	861.2022960471	
19166	3	47	1491.3369666279	
9387	10	9	340.662347721244	
11964	5	6	235.650900972845	
24661	2	26	843.093311322431	
14901	4	14	475.426173319773	
24081	6	49	1553.96224686595	
18522	8	9	330.95050856981	
20765	3	22	741.279849308208	
8190	3	10	368.000485993922	
25357	7	48	1528.42361119037	
22921	10	38	1226.08960856967	
12305	2	28	914.636215285694	
15903	10	3	143.830542892139	
21106	1	19	643.401241788362	
15176	7	28	929.964191080054	
10885	6	27	891.934289975061	
8084	5	20	680.792491007965	
16215	9	2	136.663972501021	
23391	7	3	141.443457259537	
10901	9	25	813.396919152419	
26209	5	25	822.952598791082	
18250	8	22	740.345886955199	
25936	8	18	609.312132247403	
10631	5	21	704.737410650001	
22511	6	12	442.197755557577	
19240	8	48	1517.49456021818	
25892	10	2	135.124514687399	
20323	7	6	236.676018013002	
18850	4	12	426.427502048401	
24612	5	6	256.960962832422	
18678	2	29	955.924580244312	
14145	7	48	1538.12703312287	
27724	6	15	516.757201942037	
18075	5	5	223.853491276434	
25661	2	20	675.711506733536	
10178	5	9	335.356072604356	
13793	6	49	1556.09319763076	
16984	9	27	881.728197560519	
18589	3	2	134.501108217286	
28848	1	28	910.785978897841	
24354	1	50	1590.23513987206	
18213	2	3	157.615560776375	
18121	9	9	330.662741181749	
15990	1	3	166.809440146577	
28113	1	10	380.230814805362	
11740	10	27	894.544503397562	
20042	8	17	587.883651046028	
28613	7	7	270.674226261058	
25834	2	21	693.389377954132	
12599	7	6	249.648105394863	
22890	7	39	1239.32122049822	
23068	9	47	1498.88405165583	
24048	1	45	1421.43421567112	
22207	1	41	1313.47590638021	
8930	8	2	118.249697256018	
9712	9	25	830.991079672701	
8681	9	42	1331.35021547384	
26370	2	35	1130.91349032284	
14336	2	14	480.895555764854	
29950	6	16	557.931613101592	
26210	7	47	1498.83773217855	
9889	6	4	174.274490556807	
20854	7	11	394.852347259807	
22987	9	4	191.0395231615	
25801	1	19	652.499030946055	
16654	10	40	1287.9625754468	
19827	9	14	477.879013343658	
14527	5	48	1519.9770516157	
12459	8	49	1567.68973505483	
19403	1	20	674.608118475698	
18783	7	29	935.841092344299	
23961	9	44	1399.06429344745	
12530	9	1	82.1628642837344	
13487	7	25	830.657478361697	
20751	7	25	823.161779280362	
12546	6	22	745.337038014707	
22510	6	14	489.68314577345	
9694	6	15	522.502692100826	
26866	8	11	404.506595844639	
16638	10	36	1147.65325216002	
24977	8	31	1009.61090917215	
17302	3	46	1464.45028842634	
14749	4	35	1143.28664005887	
13964	9	6	256.779396653538	
9022	6	18	617.639742334206	
14693	2	33	1057.04052858848	
21283	1	4	196.692817451755	
10788	7	24	803.281295561828	
19009	7	4	185.603794020416	
25659	2	45	1444.72042706084	
12361	2	18	604.005857130515	
27380	3	14	505.179707307918	
9669	3	14	480.832641795665	
10238	2	37	1176.56949511569	
18581	3	31	1011.94824671929	
24674	3	47	1495.96064931525	
18826	9	43	1362.76321351657	
23142	9	5	219.623218020249	
27638	9	35	1114.31040920052	
10065	5	21	692.268239358565	
16975	6	14	496.665490053904	
23084	3	20	667.906599430324	
19336	4	8	302.984491206233	
20774	5	1	98.7812594784336	
27044	4	28	913.807013050563	
17206	8	45	1440.25692705077	
17282	9	47	1496.7211873721	
29012	5	20	670.776737309423	
15630	10	17	570.314127099846	
12249	6	30	972.912659241312	
11058	4	12	421.307933899252	
28040	5	27	888.847523373015	
25779	1	24	806.406894478205	
24757	5	29	933.242303604839	
14906	3	36	1148.32070392944	
18572	2	2	114.387443752208	
28878	7	19	630.987850497937	
28748	7	5	218.072950606268	
12157	2	36	1173.39978082729	
25199	9	37	1195.45850235757	
29323	2	36	1171.26975799504	
16461	5	40	1274.59771778183	
20778	3	44	1414.37325759529	
25902	2	5	202.96930799399	
26549	8	3	150.602261345183	
9818	4	15	510.661385036382	
20981	10	31	998.231651651781	
19803	4	14	505.59336916804	
16496	3	45	1418.70923164241	
21692	9	28	927.201129965112	
10987	10	30	982.573824498138	
24137	9	9	350.059927753201	
25745	9	31	1008.1922829003	
28103	5	41	1312.23835648607	
23318	3	22	730.987762106111	
10062	5	12	421.704309741829	
8918	2	39	1241.46579722011	
17993	4	35	1124.50538058044	
11614	3	29	942.972383602975	
20201	6	23	777.382815283436	
20340	6	36	1160.31934121639	
22908	3	35	1125.91608014233	
19954	7	8	312.967168461982	
8938	2	25	812.691134779105	
25508	8	34	1103.41249316158	
16234	6	41	1315.1583337575	
28777	1	41	1298.77281282971	
10594	7	36	1147.59033819083	
15088	4	1	108.248791186255	
14637	5	30	977.560802967083	
22386	5	29	944.972798817313	
10655	4	38	1224.6902629103	
21720	1	19	646.223437192954	
15751	2	48	1518.85190684295	
18571	1	35	1120.99848136352	
13462	3	25	822.067772272074	
20842	1	26	853.533341835036	
26393	2	4	180.015183212243	
24196	1	49	1548.17899813325	
8398	8	14	483.145628014182	
9952	7	15	522.025275398989	
15759	8	33	1071.12781820406	
29033	5	26	852.067505667017	
14905	9	39	1243.11299713473	
16247	5	50	1590.33883474317	
22571	7	3	151.248006146051	
29487	4	47	1480.65524047271	
11035	7	34	1094.16853799213	
15475	9	7	282.254541498727	
28303	6	24	806.616394187611	
16261	9	13	472.9216465321	
17766	6	34	1106.4824699175	
21065	7	27	875.100567003293	
22513	4	14	476.016965543859	
14153	5	2	115.139161141188	
16686	3	2	125.35367785271	
26692	6	32	1041.63054931985	
27189	8	20	681.682122816184	
29268	10	21	699.556814832407	
10923	2	12	435.443927587682	
16458	5	25	811.888572206669	
25600	5	46	1450.64131346095	
27469	2	14	477.344577981785	
24330	5	15	521.148428675322	
26062	9	50	1582.2283311478	
15488	2	43	1357.88356158784	
12094	6	41	1303.83649056025	
29111	2	34	1089.34037605735	
22584	10	7	271.239875122551	
10669	10	48	1508.91998983404	
18075	5	36	1168.17096790679	
9218	7	35	1141.45061400787	
9413	3	37	1176.32638244719	
24317	3	16	539.826755588794	
25061	8	9	335.357539884447	
29514	8	3	169.191523012329	
15564	10	10	353.848574475315	
14480	10	20	669.854171327247	
28524	10	25	822.352300035931	
12743	6	32	1032.16448701553	
10579	1	45	1434.50309328479	
18529	2	7	284.604274837582	
14106	1	29	945.335796692099	
26677	7	28	901.632396998644	
16316	9	17	584.639156434983	
28459	5	45	1438.49032889981	
18256	1	12	429.589695907007	
25165	1	6	250.206471649095	
21984	9	47	1483.71274570176	
21222	1	33	1075.64480351081	
14802	5	43	1380.43722295223	
8222	4	6	251.851219018852	
29861	4	33	1080.45836837984	
22415	7	37	1192.73507054557	
8103	1	40	1271.25705580751	
21372	9	20	671.383961938035	
16875	8	20	673.783240222271	
27108	7	11	410.919076991695	
19064	5	39	1260.88466598694	
21033	2	8	312.455273155335	
29833	4	13	447.411515585804	
24204	2	13	471.314864415356	
10733	4	28	902.92866286958	
21574	4	10	373.334551664691	
16431	4	39	1238.44542628082	
16420	5	29	931.471032524235	
20232	6	48	1530.15608747031	
27526	1	12	415.2738114145	
14095	6	5	220.659425659412	
12477	8	49	1545.94763812886	
14489	3	43	1371.5051033774	
27705	1	13	451.7763779926	
24413	9	46	1459.32982278025	
18459	4	40	1267.39232781687	
16747	7	18	600.940834302893	
17113	8	18	607.284297369087	
9025	9	17	585.305516768855	
27878	9	37	1175.71218098314	
8320	2	48	1536.50927224034	
20867	6	5	223.738002247986	
19573	7	31	1008.29386568083	
19511	9	35	1133.63001891115	
10565	6	38	1205.62763035559	
18138	6	24	795.595071611737	
29403	6	5	208.48276688181	
15942	4	31	996.319748887941	
12104	2	3	140.992245628029	
19827	9	50	1583.59131190162	
11094	10	26	868.569699781281	
15447	4	39	1263.97357794641	
10978	3	34	1095.40828279006	
10901	9	49	1542.92949748362	
17248	8	31	1008.96950534031	
22106	5	17	589.897026880596	
27058	3	20	664.752971429728	
25800	3	32	1043.18822886943	
8094	8	30	981.675611968001	
26711	10	19	652.001245027409	
11919	2	39	1263.18697071783	
29962	4	39	1253.16812391075	
22432	5	47	1508.3342414295	
27649	6	1	94.3158844925072	
21547	8	1	109.547045989682	
28705	8	48	1537.7651075729	
23311	7	41	1304.13970013342	
11317	9	31	1008.66084495963	
18127	7	11	392.5213962386	
19580	2	44	1413.06604056296	
23825	7	20	671.794236242675	
19615	8	22	743.972758438426	
25199	9	3	166.07844516918	
18080	9	34	1098.07105923913	
22936	10	13	474.409804751356	
25653	4	35	1117.14666373895	
27260	8	28	904.161407474504	
20650	8	28	913.781496674652	
20952	10	26	865.687234059762	
10138	8	4	187.333591257843	
15670	1	6	244.851784782881	
25036	10	8	322.125677392877	
14826	6	27	870.478786896206	
26721	7	49	1546.5647755687	
28169	8	36	1146.70411163322	
10638	9	16	556.685847713	
22486	4	15	530.539355338802	
15470	7	45	1428.57560589378	
28897	8	32	1042.80687265229	
19705	5	29	949.432795899656	
12922	4	20	682.639356387146	
9364	6	36	1157.75260543346	
17897	7	38	1225.60868540109	
11845	3	48	1533.30427174145	
26032	5	48	1512.52521026531	
28452	9	10	363.341148329592	
10177	7	8	315.403760818487	
23130	9	31	993.977981188324	
18121	9	34	1104.08297292147	
13288	5	40	1267.86252278269	
14215	1	34	1091.45537147832	
16486	10	24	799.821921922183	
29033	5	20	683.798352649342	
18016	7	9	327.926205065067	
16554	8	30	991.797075658942	
21026	7	5	204.596941342855	
22035	2	37	1177.89513277723	
11008	9	50	1597.33722355093	
29169	1	36	1148.51969273226	
8223	4	47	1491.82284160136	
13633	1	40	1285.73561940609	
27739	1	42	1350.97147475508	
28991	6	6	257.500994809671	
14056	9	27	874.342020710158	
13161	2	14	487.149460244528	
8937	6	31	1021.06129332495	
10567	5	13	462.689337014542	
26590	2	49	1561.7694658608	
14372	2	16	547.611772859288	
15646	3	36	1152.86119827668	
29092	8	34	1087.2257522341	
11712	1	46	1475.56409423964	
8223	4	49	1565.85397230734	
19331	10	32	1043.08860033894	
15851	8	25	810.426684175817	
20622	1	35	1114.04163080921	
21090	2	35	1118.36407303734	
19804	2	6	232.774173427734	
21377	2	37	1185.54584897382	
16858	9	4	191.068656421764	
16951	6	27	881.742902920462	
17444	5	48	1510.18342628618	
15137	1	44	1409.69852375318	
17068	9	37	1197.82471127707	
12333	1	21	695.878219779524	
23784	3	32	1045.0298628607	
29361	4	39	1238.32732474354	
10324	8	18	622.552581831139	
21859	5	19	634.767699909754	
18484	6	31	1022.10717029036	
14750	10	30	978.790714935768	
18562	3	15	533.202131787875	
29443	1	10	360.055913161512	
13582	10	36	1150.98403105092	
23558	5	39	1263.69717649356	
24957	10	29	931.667881632069	
10017	5	30	980.25161062379	
16751	7	12	431.266664690928	
18562	3	35	1126.15481149692	
12066	10	17	571.463916940365	
22149	4	47	1500.65181131505	
13095	7	10	353.634294957684	
18318	10	15	526.366208329036	
16205	9	49	1551.22177464479	
26421	10	6	260.636770548595	
10795	8	38	1215.89127723868	
29324	5	25	833.967949614845	
25969	10	39	1240.7097523104	
21026	7	35	1117.49952088925	
28033	4	46	1477.75544484973	
11247	9	20	686.232868305516	
8945	3	32	1025.1209593495	
11918	9	14	491.791374577112	
8168	4	32	1037.4510363105	
27321	6	21	690.079938680902	
16495	4	43	1375.55219311991	
12759	8	49	1541.27295100189	
13970	5	20	659.676283532603	
28577	3	6	258.463800930634	
27746	3	32	1042.11959738383	
22714	1	43	1382.73396858141	
8769	8	45	1440.1367551834	
25302	1	31	1007.00176595105	
16749	6	35	1125.50460256892	
19386	2	6	254.070483340915	
25990	3	19	634.023620446224	
20177	5	37	1195.50818107813	
28635	4	14	494.869941256414	
16061	7	43	1379.39142384538	
20523	1	47	1478.75880254375	
27877	9	5	213.790020185425	
27824	10	23	767.097408346412	
28412	9	21	706.619361930815	
9238	10	21	694.08193203345	
10759	8	7	290.416845106714	
12699	5	18	608.108607962778	
17038	10	33	1063.81721795714	
29655	5	46	1458.47674910839	
13353	3	31	1017.18794072847	
19067	8	33	1079.98694254085	
25293	3	7	291.061913245852	
10291	1	50	1597.61757243314	
11659	1	34	1105.05306094189	
28235	2	23	757.012255060027	
14972	6	12	415.874301984848	
13502	8	49	1553.66975558627	
26980	10	2	121.410757210763	
9481	8	28	922.604876851013	
21403	8	16	540.904092370022	
11408	6	47	1488.14498337365	
16509	3	30	990.394930630175	
25593	9	11	400.575327091187	
11644	8	6	252.802863760294	
18466	8	3	164.035214113088	
17105	9	24	788.72994835895	
13835	9	2	140.515056131647	
28078	10	29	946.632529006634	
27960	1	31	1000.86160576011	
20021	6	43	1377.15129130387	
10988	2	38	1226.61315010237	
29392	7	1	100.383096160546	
21287	7	12	419.098008358431	
17600	1	46	1461.31832846502	
17506	7	39	1238.7407183455	
27006	6	42	1343.9654246643	
15030	8	48	1519.1354599591	
24458	7	11	398.501597418683	
10922	4	44	1397.70944254366	
8320	2	25	827.034191203785	
17353	2	3	161.971330718124	
23859	3	11	391.73497516277	
12821	2	3	162.796201893499	
13290	8	39	1242.48834280413	
15332	1	23	778.476858389786	
8630	8	25	831.057684137978	
22318	5	43	1385.11639614828	
14029	4	12	415.083694241514	
19022	5	9	329.989510891023	
18880	5	24	789.630300584077	
18016	7	8	300.400727754645	
8095	8	17	592.612863235461	
8017	9	9	352.903304227117	
24371	3	49	1553.96584888639	
9354	6	47	1491.24644047173	
10015	6	17	568.363871913573	
17644	2	44	1413.21469309424	
22302	4	17	594.294544586118	
17602	3	18	622.584147817727	
14181	9	47	1505.3519836745	
18988	1	5	229.901788975066	
29093	10	39	1261.47607895614	
17582	4	3	142.955612197032	
24487	1	3	161.325457804522	
11350	10	44	1390.5747906261	
26999	7	33	1059.6038463803	
19226	10	46	1471.96390488742	
26538	5	5	216.299243968119	
16229	9	46	1466.31234259639	
27308	1	31	1013.04683039572	
13916	10	14	496.738842025743	
25645	4	38	1235.16815816759	
10209	8	9	323.701314667101	
11238	2	4	175.570685647228	
22709	4	13	458.932761651898	
24769	9	37	1176.41000821088	
18790	1	28	907.598728736676	
29002	8	23	758.086984287057	
15983	3	33	1074.32600537051	
10301	4	29	932.97752997511	
29392	7	31	1003.61355221067	
20707	7	41	1325.43136189013	
26130	1	21	696.643018115611	
15624	6	7	291.231305176034	
29908	2	36	1156.75056354923	
24330	5	21	714.000286866911	
16093	8	42	1347.47979193343	
22361	7	13	465.132159472039	
13715	10	50	1570.07188799329	
25093	8	23	750.37684643193	
25630	9	48	1530.75073157006	
17349	6	31	1004.84091537299	
28938	2	43	1375.91744960096	
10262	3	47	1492.35745886916	
26564	7	20	677.132402228719	
18712	6	14	500.49525176198	
28658	3	9	328.779362965738	
23436	5	1	81.470744088977	
20257	7	46	1451.91355217803	
25290	2	41	1318.87301200948	
11514	8	29	959.093779250558	
26274	6	39	1248.81715218016	
25613	6	16	548.771351645129	
23327	2	28	916.942680495299	
22628	7	10	372.891458558334	
29029	7	20	665.23256958706	
19760	3	9	348.91154856836	
17013	7	6	257.332618579889	
9296	5	37	1175.03308723449	
25269	4	11	394.836432260851	
16657	4	39	1260.7651431769	
14426	8	22	735.127708807181	
25322	3	35	1119.96853921561	
17704	9	40	1289.60661784262	
18075	5	17	581.738431463828	
19562	5	14	504.470427084933	
12284	9	19	644.833060840533	
17632	10	46	1451.724307021	
27493	7	18	604.574894255295	
29465	2	23	756.57450375919	
14890	3	41	1312.12405444687	
24578	5	34	1086.83174541538	
25503	6	6	246.227355974832	
26177	7	24	795.935496164456	
12687	1	33	1082.29609882566	
8500	6	34	1091.89792665276	
28577	3	46	1459.25070856663	
24090	3	12	431.343855797939	
29862	4	34	1098.43828341851	
29993	5	49	1558.43750988992	
18522	8	28	927.630645245142	
28982	10	28	906.127984647699	
26819	7	28	906.173432109027	
24307	2	42	1355.45299336102	
18519	7	50	1573.88375072455	
16165	3	42	1354.79640003051	
25018	2	26	856.660010245005	
17730	1	43	1379.70033762031	
19632	2	48	1518.3398466177	
18077	1	17	571.517993962168	
18056	4	13	445.088738298551	
18822	8	36	1170.14717335354	
26290	5	27	890.099072237545	
21789	5	39	1255.23545573244	
21579	3	34	1089.61170325503	
13770	10	27	875.623022762883	
8072	9	47	1484.87237615738	
28769	1	3	166.310831758338	
18163	5	30	990.619027405334	
25168	5	6	252.661975143786	
19548	9	46	1455.66219092145	
14321	6	14	477.05505594474	
23677	7	33	1076.89584983368	
12572	1	23	775.33904841884	
24293	3	1	86.7489575626091	
21564	9	46	1472.26203383518	
23040	8	33	1082.58979620533	
22963	10	42	1352.83585548067	
23152	6	45	1434.64658166964	
22511	6	27	880.993531905577	
14202	6	24	805.98186102043	
22775	8	48	1517.56769277042	
28129	4	23	758.89433516138	
22182	8	38	1216.59557734458	
9560	9	33	1067.20578701571	
9933	5	12	434.637158529198	
12481	5	45	1428.95427669815	
21480	6	43	1364.51554585459	
26914	4	41	1315.72286711807	
8768	6	25	826.942031433313	
29916	8	39	1247.81041683993	
9609	8	26	865.13272322022	
27584	2	48	1533.3844604033	
17016	9	2	113.056900293127	
24350	5	11	391.485765460639	
11009	4	5	221.976881093335	
16555	5	7	276.732673177837	
14066	1	17	590.991900242396	
23695	8	41	1306.32379290942	
21744	1	7	286.673076062777	
14966	2	38	1207.02555049538	
14539	4	43	1372.93987680829	
18286	10	32	1040.7248283926	
28744	5	28	925.776308274724	
29889	9	4	182.775318968471	
26785	4	15	530.575589300401	
12580	10	45	1429.23213481402	
29038	7	5	210.834383690187	
13556	4	42	1348.70403579842	
16012	10	4	181.621716889377	
28662	6	9	352.206603825188	
10186	9	34	1103.82415476433	
29521	10	49	1545.05375595067	
13679	2	21	717.346314712123	
12772	10	43	1365.53613294174	
24572	5	15	527.521045528129	
15357	6	14	491.25283819216	
16233	4	40	1273.50349489297	
9126	2	7	268.029668716728	
19165	4	22	734.974544725835	
26958	6	32	1046.66874606473	
23035	8	4	200.356830302792	
19174	10	13	450.587964640273	
10034	8	6	243.676995972021	
27611	9	18	604.851558303857	
23167	10	20	670.529467701227	
22921	10	16	543.670595541443	
13599	10	32	1043.83894954055	
8982	9	13	463.853282958201	
13260	2	46	1464.77207646927	
15720	1	40	1275.52936065734	
8978	3	17	571.59789596293	
14481	4	2	126.51206257125	
29214	3	38	1227.97350560686	
11185	7	40	1273.9679814102	
20540	10	32	1033.04198421214	
13599	10	16	556.842864377817	
12687	1	45	1433.11802688666	
15311	8	35	1113.8202583761	
20726	1	18	616.630197715308	
26576	4	18	605.405023715182	
9177	9	41	1298.11989300797	
27731	10	1	95.8115100561695	
12753	4	38	1214.10115022869	
13166	4	16	554.735427608125	
9387	10	5	223.986262075597	
18404	7	28	920.078967269547	
29907	6	27	896.038145691174	
22372	7	9	347.520767351389	
16111	10	46	1463.96471993251	
29057	10	42	1330.72404290118	
29116	9	18	603.229178284867	
8956	1	11	402.962231525668	
21720	1	19	651.349248183588	
26800	5	26	840.004329998048	
11939	4	34	1086.66872019259	
11068	10	31	1002.35191216802	
16476	4	27	877.047832420584	
18800	9	11	400.924749970867	
19554	6	34	1112.24585126724	
15211	5	50	1586.90499375896	
25458	3	13	465.393185273462	
16568	9	42	1346.98110073199	
10212	6	47	1483.93195932914	
19041	8	15	506.092356232038	
23703	8	43	1380.60870786226	
12066	10	33	1057.31209219308	
12805	5	11	397.080250343811	
26886	9	32	1043.37833330193	
27855	2	11	412.494148729599	
13216	1	50	1570.67818115031	
26393	2	20	658.134811305504	
16172	4	6	239.683236516865	
24306	5	39	1251.39947100142	
25115	9	5	209.569521010653	
11076	5	42	1348.54885305676	
15821	5	4	184.545320246623	
22220	4	25	836.486814411584	
27706	2	40	1288.9415683639	
9567	1	13	460.86529622826	
17419	9	42	1350.45050043168	
18248	2	39	1247.63244985027	
10238	2	23	776.318182189166	
20101	4	18	599.888563025691	
10759	8	5	214.048033568099	
23073	1	23	752.300182372471	
16627	9	6	248.635664437262	
27792	3	33	1075.16281438766	
25326	7	13	467.969175608814	
24417	1	7	267.299261217611	
22396	4	2	110.69007204412	
26210	7	40	1279.79503195723	
26507	8	34	1112.19327691579	
16522	2	1	81.5744071088612	
14909	1	19	629.725203956349	
23940	1	5	220.01183844172	
23869	5	49	1551.13879227598	
13783	1	5	211.879550727028	
20850	7	24	788.008793996651	
18966	1	23	774.126719745866	
11187	3	23	766.674169882515	
8276	2	18	602.998716925736	
27094	6	46	1452.65981238925	
24907	1	48	1535.02661862179	
15413	1	47	1493.2865387822	
15073	9	23	752.589231595671	
20345	9	12	443.545941768003	
28814	8	23	751.562760524248	
22914	7	15	521.779727172935	
11091	3	34	1091.45547694129	
12998	2	30	982.123399945965	
26208	9	6	245.865097756435	
12948	9	37	1188.10626405669	
16086	2	49	1540.05945374261	
27164	6	43	1361.79535083556	
16270	1	12	419.272543908689	
15973	4	40	1289.0750030843	
21806	8	25	827.092537706295	
21620	2	42	1349.88392576104	
11076	5	42	1353.79217385957	
10690	9	38	1211.973043425	
21690	1	50	1582.14927780542	
22720	8	48	1529.111074735	
22759	5	26	856.079072084315	
20595	7	10	381.804076685479	
11350	10	10	370.88314919308	
9796	6	36	1145.94153438971	
21148	9	6	238.108829408003	
21843	2	21	701.674267045071	
24796	10	50	1589.55768256893	
14906	3	44	1397.41006078078	
8647	1	50	1572.66576951959	
14682	2	2	128.478020414933	
13556	4	17	594.81484861803	
21077	8	40	1294.19112634575	
13823	10	25	827.451783505944	
14098	9	44	1394.97263746102	
20856	6	26	841.291563567376	
25048	5	21	706.602024243494	
24799	1	33	1061.45880197243	
22861	2	11	388.754240604469	
13583	6	34	1097.07290391301	
28999	8	19	633.383087214727	
25879	8	30	976.513698667527	
26376	9	27	885.175861271646	
28304	5	46	1464.82497428769	
14915	7	4	171.688767900545	
15611	7	36	1172.13382317318	
13531	6	8	319.779056273298	
15945	3	7	290.45266004766	
16692	1	15	530.936835357424	
22531	10	24	804.046254569686	
18655	6	13	461.995624965986	
24580	10	32	1034.21662013708	
9564	6	36	1162.15367632087	
11907	9	24	784.524892077094	
19926	6	20	673.887642190739	
20468	10	20	676.580740304934	
22685	10	38	1233.22254193631	
27901	3	37	1202.40338958912	
14243	4	38	1206.64769720596	
23043	6	7	285.437112359999	
18498	7	2	129.888493479178	
19899	3	15	532.222044604003	
23664	3	40	1294.04541616051	
16444	8	31	1009.45763042637	
13674	3	4	197.387077341502	
15682	9	20	673.291415438657	
26900	10	9	325.868327396861	
11550	5	18	614.343567329619	
23349	8	18	624.29990644767	
20450	7	15	527.78343951692	
27628	9	4	200.490513462802	
19156	4	10	368.425123788614	
8082	8	32	1045.0379332551	
29386	10	4	194.900139511982	
12032	10	32	1028.76619059069	
25508	8	19	632.59737606747	
9640	4	50	1570.90321081267	
14537	6	15	516.979102397793	
25547	8	7	279.194381292534	
20384	6	50	1573.80771121653	
18774	10	48	1518.32977313471	
20100	8	14	491.221606997411	
15816	5	35	1138.62084721151	
21628	6	20	673.363806211093	
12589	7	37	1190.67014455361	
13021	7	21	694.261400277848	
15665	7	32	1032.66117229716	
17017	10	17	589.666234268651	
18799	1	6	233.564141315205	
11657	9	24	798.391897156086	
15841	4	38	1208.06902163106	
20625	7	34	1104.19863465438	
13301	8	46	1454.81110476647	
22372	7	4	183.317128244469	
15061	9	32	1047.18441043384	
17504	3	4	181.161042610724	
19491	8	40	1282.46828250702	
24389	3	46	1475.71823084528	
12380	6	42	1347.43789694618	
25487	6	34	1098.39735246189	
15413	1	28	926.265495776323	
21235	10	41	1305.43548894368	
10933	10	40	1266.15275359999	
16709	6	1	83.1533958405039	
20691	5	20	683.555741106884	
23948	2	4	173.570501177372	
15393	5	50	1589.17868688199	
13793	6	32	1047.25353680889	
27149	2	42	1355.7587014864	
17141	2	2	121.29026612327	
19743	2	21	705.677529492265	
17712	4	24	796.243439538518	
17845	1	31	1003.20900829658	
8838	3	38	1232.83998598943	
20595	7	10	367.107339225294	
9311	3	39	1238.66688648177	
17023	1	31	993.601197392494	
27168	6	21	700.681609949414	
14145	7	45	1418.78748587276	
13827	7	34	1103.12567706365	
13675	9	39	1240.6302431415	
20625	7	42	1336.20209312821	
23847	9	13	460.779426014414	
16338	4	45	1425.90800929158	
13018	1	28	919.714417885856	
12861	7	21	696.291878808426	
20153	3	15	513.614019022143	
15683	2	29	941.720805010628	
23683	9	22	747.715729078146	
9512	7	28	927.60514797997	
18700	1	29	950.12909356045	
13100	6	4	175.184979967393	
12927	4	23	769.54120545161	
23396	8	24	780.797028830646	
26875	6	22	727.542215440209	
14116	2	8	292.894284191026	
22775	8	25	825.06885339742	
17589	2	35	1135.467451371	
24674	3	50	1589.80806510421	
11383	10	34	1097.09964337624	
28165	2	21	705.082713395861	
24306	5	50	1585.40763548827	
19586	9	25	833.907532782251	
13544	4	4	192.273875191935	
26977	3	4	172.71436766382	
29621	6	14	491.825582092547	
27863	6	4	180.989626357793	
18856	6	8	301.971118777046	
25801	1	44	1416.20978901918	
10896	7	44	1408.51752395207	
22221	9	24	787.55984521823	
10689	7	20	661.786672557605	
28509	6	2	136.930744972513	
24989	7	9	324.312219882529	
12791	2	46	1457.76710932039	
10200	8	37	1190.06340264811	
19199	10	28	924.656062929265	
8970	3	45	1440.24474430841	
18970	4	23	763.438977954648	
23491	10	50	1587.26386229846	
23366	6	39	1259.95648215523	
14518	10	22	727.457881871358	
27747	2	10	379.537807730743	
20908	9	15	508.153553506431	
25414	3	23	771.16117256282	
10288	7	18	610.492549524872	
16505	4	1	106.702234086908	
18911	2	8	302.411979465937	
29514	8	17	585.297770549216	
11023	8	3	154.213055034267	
23197	4	14	493.598033084347	
28884	7	46	1458.13374602149	
10859	10	21	710.873544845206	
23636	7	11	401.687842496525	
16316	9	14	478.042963667793	
17308	6	39	1255.22260765323	
29144	1	17	582.294560345958	
25647	6	9	348.505550822478	
23477	6	42	1333.19364162776	
16478	9	15	507.888835793309	
16001	6	17	595.302252450633	
19113	5	7	291.642900245098	
21826	9	35	1125.51101599145	
24907	1	29	939.198205126076	
20848	4	5	220.04530276174	
13269	5	10	368.342421002845	
14556	2	2	118.25423499488	
27051	5	15	525.228985569081	
29337	9	28	923.029919510256	
26483	3	35	1137.4788127921	
24769	9	30	968.238221261761	
8470	2	30	984.824109089013	
19188	4	13	452.028473416357	
24258	9	1	82.5442028057502	
16403	5	45	1437.14316122101	
16465	10	50	1577.6248315245	
18861	4	40	1285.86982775753	
16152	5	11	405.75397927582	
22186	3	31	1021.11270262912	
29818	10	36	1162.22181813895	
15011	2	13	465.123348005639	
21142	10	47	1478.57764689186	
18943	2	41	1316.67334822783	
28165	2	42	1341.99673398491	
23672	1	31	994.919490867723	
12578	10	28	929.42609919674	
26391	7	49	1550.9131277124	
28387	6	42	1335.24290247599	
16029	5	45	1446.26925621474	
11971	6	7	282.544501667165	
25993	3	20	687.768842302155	
10540	3	19	656.150512106787	
24944	10	4	187.051102680644	
20372	1	9	335.550142161339	
29087	1	33	1071.96160984783	
17890	6	32	1048.31358191013	
14116	2	37	1201.94686587991	
13636	4	32	1040.33960260467	
26957	7	10	368.108250744691	
18287	2	14	482.818751559974	
22533	9	17	572.238314529992	
25976	5	37	1181.47324851783	
10322	7	30	979.382059955682	
19388	8	32	1047.81895775712	
19500	1	24	785.974833772506	
29346	6	34	1108.77392399533	
20166	9	34	1086.10527260513	
16968	1	21	708.329342039455	
14091	2	16	564.544681275517	
18070	10	14	500.41813214329	
27005	2	49	1569.3527798957	
23397	2	6	256.540581070138	
13688	5	28	927.392848193363	
11110	10	6	250.971823488815	
28470	5	2	122.76548778767	
18506	3	21	716.724605558778	
18592	1	17	574.969552017268	
10901	9	43	1383.51428200654	
24796	10	49	1544.27871425835	
10581	9	27	890.619203564999	
15839	3	12	417.429293290446	
26673	9	10	383.011332518892	
13803	3	20	678.959729354344	
22378	2	22	720.485417843091	
9664	7	15	529.709970489941	
26295	4	11	392.087709154975	
22692	5	27	877.77300640837	
18564	2	4	196.478331255018	
21465	2	18	610.582592957924	
11298	2	13	468.829579310878	
22051	7	13	455.677965644597	
12504	4	9	325.530225152862	
28303	6	2	117.645728531129	
17589	2	18	618.293951069142	
18273	3	20	669.983503608957	
17344	1	27	883.650099487812	
16425	6	17	579.195586936174	
20511	10	9	348.854390470709	
18345	7	19	636.021900212402	
11270	3	47	1486.14556687239	
14329	10	45	1443.32082659161	
27520	6	28	922.583785672944	
14559	5	26	850.698221200471	
16654	10	32	1025.85112407145	
24105	10	8	313.191721771467	
22726	2	15	511.228261232017	
23950	1	42	1328.75766391342	
24279	5	48	1536.07927919183	
15598	5	7	292.784654373668	
20622	1	12	435.237004289048	
24717	10	16	553.344029892862	
13863	1	45	1418.43258387336	
24571	7	34	1096.06088834631	
24432	1	33	1077.48904717969	
29124	2	3	145.389458269528	
13591	2	7	269.2269820111	
22782	6	17	582.513519163483	
29694	2	9	338.896642112591	
10212	6	18	598.10898726718	
8193	4	13	473.887124617532	
28814	8	8	311.000917586964	
23244	6	30	969.626941350115	
23826	6	4	177.746749081531	
25020	9	4	175.715101964639	
17186	7	2	124.740166498693	
26882	1	41	1323.82255474283	
8516	5	5	218.89485253901	
16345	5	11	389.098897124221	
26771	2	37	1180.98831987986	
25879	8	25	839.115388299858	
28643	9	5	217.529018622604	
12675	8	8	306.11516154656	
18629	9	25	827.492381794142	
16546	8	2	138.133147385965	
15794	3	32	1047.29837697339	
21412	4	34	1094.8455076175	
18273	3	35	1132.31311131842	
14079	8	39	1253.1086052829	
12637	5	14	487.293696071624	
21733	8	1	98.4817092579239	
28768	5	20	663.330045241551	
27041	9	29	941.693727216541	
8075	9	47	1503.69367688135	
23437	8	6	255.345588668876	
19569	8	48	1515.48554941802	
23573	4	19	637.245381771235	
19834	4	25	829.469336806549	
17584	4	19	640.156681351437	
9809	6	16	552.904492799614	
9952	7	14	480.756521597857	
18748	6	10	381.13658032433	
16202	8	8	320.298944823583	
25861	4	42	1350.74540320353	
24384	5	6	242.134775594871	
23224	3	39	1255.14464928542	
14128	10	16	553.693885241493	
23532	9	25	824.837036591413	
8973	1	23	754.983119235832	
26801	1	30	981.110957572754	
20856	6	17	589.369167028633	
13018	1	10	372.333408693007	
19661	1	31	1019.6587667892	
21534	2	12	435.090959311971	
16202	8	33	1053.66926607381	
27729	5	8	297.707985666445	
24385	8	9	327.228868346302	
10922	4	20	670.94020207922	
15114	4	32	1037.92774096035	
13704	8	1	110.1906702063	
12154	7	19	650.543950652026	
29678	3	22	736.913870692679	
25983	4	28	929.404913880585	
11581	3	46	1451.60294604097	
17506	7	17	579.627278009256	
14862	2	44	1410.55707937598	
10985	6	30	969.307190370423	
27764	10	33	1065.93326446877	
18001	6	48	1522.40116041265	
23718	5	6	260.229552546623	
12685	5	34	1087.49478472746	
27051	5	17	574.353217936285	
24417	1	37	1178.73817118757	
10745	9	45	1436.19440432461	
26286	6	24	780.231798282001	
13920	5	16	537.978807975528	
23030	5	47	1497.23007379902	
27006	6	16	555.369758343031	
22879	5	20	665.357606199271	
13766	5	14	482.98849810054	
25628	7	17	573.604491731899	
14237	9	9	350.008471026089	
18191	3	13	457.329992082589	
13326	10	9	351.997647710143	
20815	1	47	1497.92452904299	
27469	2	41	1326.14830056492	
28183	1	39	1243.67127845235	
25093	8	17	586.60276790457	
14416	4	15	530.024410807539	
9572	4	49	1557.63760300243	
25281	7	40	1268.25668107171	
21402	8	49	1566.30517969202	
22823	5	44	1391.5415958462	
9441	7	18	609.966011145136	
13650	9	47	1502.36054214759	
18744	8	42	1343.84265090518	
22608	3	32	1051.73166644374	
25080	9	13	468.695998782616	
25181	1	26	851.118125194273	
9455	5	12	431.57769621889	
17400	3	10	365.837458915001	
24512	4	34	1087.76062077273	
19156	4	28	902.435876178758	
26393	2	17	574.753566689209	
25628	7	47	1493.6161728453	
14738	7	1	95.0159490923472	
15846	4	24	793.595237505434	
12856	5	37	1183.4643624646	
10440	2	39	1254.85916102997	
13189	6	17	595.690458098282	
9916	4	11	400.477911867424	
9290	1	43	1371.85911000327	
17897	7	1	85.582595879949	
12784	7	19	634.939242859808	
16911	2	35	1136.5861784744	
28340	1	10	380.535479625936	
25362	10	10	359.583878610089	
24717	10	19	657.407266170442	
25208	7	49	1553.67841699798	
9762	9	26	853.478977444339	
20540	10	6	246.885800923633	
12477	8	13	462.704422465854	
16053	4	18	615.908853661227	
18199	2	49	1564.76355741022	
20464	8	17	591.972871474909	
13534	9	35	1121.18960503544	
28228	1	24	782.811622090084	
29753	9	19	648.772160042437	
12540	3	48	1533.83386217702	
17007	5	32	1036.38914737682	
8190	3	34	1086.24714153178	
15167	3	34	1108.5340750164	
14696	2	41	1304.25163314876	
11614	3	8	313.779909980381	
26767	3	4	197.151039185538	
23501	6	34	1085.84387095917	
24204	2	32	1047.57259484733	
28565	4	47	1482.57642539338	
22839	3	13	458.381474864847	
19834	4	47	1482.90857995064	
10445	5	18	612.553063059483	
8365	1	2	140.206915987752	
13043	1	29	931.7436068746	
23679	3	48	1534.33395270926	
19038	6	39	1237.15969113501	
17897	7	47	1496.39757106844	
21777	3	49	1560.72258381207	
25237	8	25	836.602352986393	
26187	9	33	1073.37983267074	
18491	9	37	1201.82506252165	
21174	1	33	1064.25877229509	
20969	1	13	474.324400273303	
23104	10	15	515.01758178464	
14982	8	50	1597.63914774993	
24061	9	7	264.691895295257	
20306	4	47	1503.13303644915	
23636	7	16	551.851767111501	
10793	10	29	937.672318768535	
15887	6	50	1582.7806952143	
26170	10	13	452.426567809855	
19041	8	28	912.204327002263	
14696	2	5	224.823077462997	
27818	9	39	1249.63050028758	
29520	6	8	298.470013653147	
13269	5	34	1109.4433165665	
16005	5	27	891.943836851019	
19629	10	3	147.607476854514	
24736	5	43	1371.80268589957	
14336	2	15	517.78820367427	
9878	8	2	130.742307515229	
27920	1	29	932.962884778605	
10236	3	14	477.007453216709	
23592	7	7	279.025791305595	
22713	7	3	150.769837047332	
15828	2	8	320.925914384856	
11001	4	4	186.678884935881	
25187	6	35	1130.96081559125	
16522	2	20	681.57490095197	
15653	7	11	407.603866275215	
14476	7	21	695.575300406467	
27278	6	36	1160.46702122338	
27321	6	49	1546.20926910369	
19480	3	37	1175.3923273717	
28019	1	11	412.008799655367	
17464	5	50	1572.13037508173	
19174	10	21	691.922741258481	
27942	7	20	673.516493231764	
20432	4	41	1306.61248539882	
18632	7	2	129.088014685124	
14062	8	8	294.018002736391	
13779	9	18	613.992103847671	
23821	6	4	189.900276078796	
23505	10	47	1499.79573017908	
23003	2	1	85.9549070549919	
13123	10	19	650.704252948381	
18763	4	13	467.729985596486	
29322	1	14	490.576415700175	
27311	6	21	713.273593221453	
22892	5	14	504.890636142758	
15808	7	12	425.215854283988	
27062	3	45	1428.79009421393	
26974	2	7	268.919897912499	
29191	7	11	398.814149312123	
8093	5	32	1022.63752515551	
25462	1	9	348.862177743047	
18382	7	20	667.25131907838	
25348	8	7	275.298608967708	
25783	1	12	444.247744737308	
20767	5	42	1356.71323336508	
16236	2	3	158.013010359375	
28107	9	13	452.172220857894	
21533	4	46	1470.27686615953	
19070	8	18	610.068452493319	
13783	1	30	967.205394807833	
21126	2	27	891.95954658648	
10108	9	30	965.995057898571	
15243	10	19	649.430750091295	
11663	2	28	917.62170063221	
23434	5	9	326.339638571413	
15689	4	14	497.520575308018	
19437	8	8	298.427343619255	
18605	2	12	440.99499145569	
17023	1	41	1322.71467121444	
27182	4	8	303.770200937879	
16703	8	35	1116.75020366756	
10353	2	25	823.062608699809	
11963	10	17	577.211723037628	
19044	5	7	273.070884250603	
18300	7	34	1100.06558409895	
26590	2	46	1453.19592878837	
21443	9	41	1296.10246923571	
25682	4	14	497.687222369801	
10631	5	6	256.684264809212	
12458	9	50	1582.38801199123	
10730	3	26	866.785206192539	
20285	1	30	971.547123310877	
9295	2	38	1227.39511979157	
15285	6	6	232.754802216196	
27217	4	3	143.14662191232	
12178	9	30	984.879056003354	
29869	10	14	496.624132290773	
29438	6	8	309.268748494456	
23216	8	49	1549.89925203375	
26703	5	50	1571.07500432575	
28369	3	45	1441.8457818785	
14355	8	22	743.715237688141	
28622	6	37	1179.83182358548	
11891	9	18	612.590335371248	
10521	8	24	793.995360468512	
19630	1	40	1284.70919504981	
18629	9	45	1418.29923550519	
24390	5	36	1172.95471506797	
22856	3	13	466.93395465004	
20343	2	1	87.3700608347403	
18134	10	5	206.788510664733	
29022	5	33	1067.79510275824	
22810	3	16	546.205226698055	
20588	7	4	175.043948374243	
15709	6	47	1505.88732148795	
18744	8	35	1125.79956904324	
10933	10	3	170.039596040752	
23393	9	1	82.2277247171047	
10331	10	29	944.182160638358	
19174	10	47	1503.51730457671	
8103	1	13	461.910541123669	
14110	9	49	1554.48499848809	
27247	7	40	1293.59260135032	
10351	8	19	627.680440502092	
23067	5	4	180.420188615294	
16552	9	48	1520.4124232756	
23399	4	42	1338.599938107	
11899	2	14	496.675947875099	
12961	9	26	854.475078719889	
27635	8	29	941.460582568059	
10224	2	1	80.8964430172446	
29239	3	50	1589.1585951248	
29171	2	14	491.095739421945	
20306	4	42	1351.6396668887	
8319	4	13	461.924419059383	
21609	6	13	453.034965979417	
11796	5	39	1243.23078511433	
17993	4	49	1564.62138766638	
18473	8	33	1079.07552378209	
8959	7	44	1415.35638904914	
29487	4	2	114.896693283178	
27323	8	5	203.147754167741	
17400	3	2	110.753267719761	
11326	2	6	249.314203974472	
20924	1	46	1455.59950132649	
29720	5	44	1398.9901034343	
11811	8	14	505.341896612822	
12675	8	35	1132.35117141733	
16069	9	9	326.867480728248	
24355	10	18	617.347052869083	
29932	10	27	894.839459962603	
8048	8	14	494.396407573669	
22486	4	30	965.086587856098	
20641	9	2	126.381947457037	
22628	7	37	1189.16446320208	
19393	8	47	1487.3607833904	
19148	6	32	1050.12263633782	
16615	4	19	632.151383083384	
29654	2	15	512.170146755953	
17116	10	27	873.582937192909	
23436	5	49	1546.10925694281	
20625	7	31	1001.62328763009	
9654	6	11	398.479636348076	
25940	4	35	1125.47337208198	
19089	5	1	86.4736178174958	
27489	3	5	217.629915539934	
27880	6	19	656.699363336293	
16939	4	24	794.565559809359	
15496	9	41	1313.11952931486	
26886	9	35	1132.85235550853	
24520	1	47	1482.56878392891	
10553	5	5	205.418208374371	
11845	3	18	603.152200935014	
21253	6	35	1128.82577158922	
29024	4	46	1468.62061129353	
14909	1	9	338.762786955928	
16465	10	48	1523.73173076833	
21317	1	35	1124.27839737585	
19743	2	23	772.080939175599	
13599	10	10	381.430085180993	
15945	3	34	1095.07052666278	
15903	10	7	286.248766689677	
10161	7	6	249.808467146851	
10998	3	8	317.128025850806	
26857	8	2	126.621122605457	
28794	5	37	1186.50003544358	
12646	9	21	704.072007268701	
28569	2	12	444.713791964908	
17813	8	6	242.475203686615	
28371	2	17	574.56363566898	
26812	5	31	1002.9123296416	
18016	7	21	691.079402030948	
14337	8	35	1132.45124091043	
10629	8	7	285.492586589182	
28509	6	46	1469.24713210633	
13742	10	21	713.273405653086	
16902	7	44	1404.66811781966	
13382	3	17	585.27989563778	
26907	9	6	242.840586156976	
11743	5	41	1317.96958578656	
18778	1	25	822.290740098008	
28292	6	41	1310.77633680346	
9466	5	45	1419.23164210246	
18524	7	24	794.015125219717	
8634	8	22	734.778268940178	
19627	6	23	769.421251588232	
29998	6	47	1491.24420663865	
11148	3	45	1436.26081626688	
28732	2	6	257.761336163507	
20539	2	28	930.401676246152	
21754	10	49	1563.62905262207	
23211	9	48	1525.84423896197	
17712	4	46	1460.07044390779	
25883	8	5	210.74006157496	
23244	6	43	1378.51241053013	
18080	9	42	1339.86049025313	
15745	9	25	831.814820483241	
8848	2	3	161.35161049727	
28907	6	33	1078.85224947652	
8654	3	14	499.97358237392	
10812	6	34	1113.55790827123	
14844	5	7	291.985571371385	
16063	10	19	632.090356122744	
22608	3	25	818.555893645881	
12178	9	5	209.940025866935	
19995	1	27	871.489381897957	
22399	10	20	672.966967463944	
28719	5	11	397.659614345832	
19601	9	39	1259.57863948288	
28569	2	25	835.347205640444	
27680	8	15	534.094669136263	
24511	1	31	1018.45183513055	
27387	10	29	961.437811218872	
29101	2	33	1054.11135338904	
27539	5	36	1159.13934508298	
27357	2	43	1384.29418985932	
13585	6	13	467.017124587212	
9979	7	33	1055.79334192713	
19889	2	37	1182.34975691063	
22544	2	29	957.199871017225	
21624	10	40	1295.25582880492	
19353	2	26	867.811191001819	
29010	4	7	266.952455801401	
11651	9	28	912.073527440463	
10183	9	18	610.934583046909	
24390	5	33	1077.06809067962	
8634	8	25	831.008958123163	
20343	2	31	1001.71117933547	
22776	5	15	506.980176059054	
22793	5	5	209.386641853203	
18248	2	47	1481.45858516985	
18350	9	41	1323.3165073224	
11829	9	34	1106.42764616126	
28206	7	42	1342.86700378306	
28231	10	7	284.411677515326	
17555	8	18	610.305168726624	
13601	10	23	758.685980680718	
21886	3	20	680.675748456584	
25879	8	20	664.075099352782	
11644	8	46	1463.28888704222	
9199	5	4	176.454284124288	
21814	9	36	1173.58459229282	
18425	4	6	256.682176783999	
16016	2	32	1022.41413052306	
25458	3	14	476.307007109889	
10906	7	18	625.177217491519	
14075	9	19	644.406427743103	
25645	4	14	485.959090518746	
13722	6	19	651.600716491975	
16735	4	50	1594.21822067081	
10541	1	29	952.843365665918	
10141	10	43	1376.02147855611	
27063	5	17	579.001853586641	
28571	1	5	201.652378459299	
21439	9	24	804.717753568998	
12354	7	9	325.746717269414	
23785	9	1	105.033115569983	
26530	5	41	1320.01682868228	
29071	1	7	287.621310598972	
11177	7	22	732.871935187314	
29527	6	2	120.480423774794	
16677	5	40	1271.25578812848	
23607	3	47	1490.67943828678	
17794	1	35	1130.19199762968	
26218	8	29	953.888620470599	
15040	6	25	810.778161813867	
19036	3	48	1512.0241889693	
27742	2	38	1218.57080743582	
20987	10	26	849.699675873713	
19419	9	19	628.834176356361	
26664	7	21	705.608209178601	
13754	1	43	1386.34137613063	
23645	8	13	471.718242574352	
8990	3	41	1319.06086986841	
13433	8	26	860.745586892937	
15587	9	5	201.671236512098	
25445	1	21	691.129014217821	
24741	6	26	844.538325278339	
19231	7	15	515.766520330574	
29680	5	50	1585.75736555539	
19720	5	15	512.661662936519	
19671	6	12	425.049867604417	
27132	4	12	430.110462843492	
19899	3	15	512.761955388245	
15738	7	26	856.543276187286	
28197	1	4	185.437106613739	
17319	10	25	824.314653735754	
17096	2	30	984.775267701957	
8247	6	18	618.149250214058	
10235	10	49	1558.66496024591	
9875	5	17	585.27205315664	
8978	3	32	1038.66915199844	
21467	7	13	473.054437857612	
17250	1	48	1531.20316416547	
25052	10	45	1422.80846326743	
19536	2	14	505.198495995811	
11531	6	40	1282.90515400605	
8568	3	22	726.490179154319	
24242	2	3	148.525510052464	
27269	7	39	1265.52884529602	
11224	6	21	713.153028522224	
23703	8	32	1025.83562030729	
10385	9	39	1236.25941464503	
25208	7	1	102.766540135614	
10090	4	30	968.610011492209	
23138	6	36	1166.50198953529	
11201	3	30	984.303235981755	
26218	8	26	859.940983718234	
26561	7	29	940.906791566362	
23347	2	20	683.0465170569	
19500	1	38	1234.61770305159	
15985	3	26	860.494790291644	
14423	9	27	884.250308351708	
9194	9	8	301.863945043582	
12499	5	8	300.210272250795	
15243	10	40	1295.43055617038	
28870	3	28	921.145325284985	
14195	9	33	1057.91748289853	
15665	7	10	353.648721442394	
13507	3	26	848.45151385686	
12501	4	50	1586.46350807811	
11590	2	18	607.248921267338	
12441	9	20	680.421557221758	
15531	9	27	891.034715627802	
28173	5	2	123.562123199721	
11663	2	40	1266.93905718016	
12431	8	31	993.286938273016	
19548	9	16	540.515078408883	
26999	7	47	1496.25240660098	
16287	6	12	435.547090897126	
18571	1	15	518.766082506052	
21429	4	49	1564.6388350635	
28059	7	23	776.012815225875	
17775	9	26	850.237675034552	
27059	2	29	952.604337033166	
