idEmpleado	Sueldo básico	
29734	15893.2654261092	
25156	14286.2018636829	
12374	9621.09456286817	
13965	10195.3948783667	
28854	15586.1939674179	
12529	9677.93577987605	
15168	10641.4958623431	
19247	12109.356695837	
25752	14488.5813214297	
10165	8794.29166801008	
21044	12770.9368042513	
10799	9028.72205201011	
19583	12228.0158680994	
15588	10803.4690743328	
8580	8220.91989602005	
22482	13320.6515187959	
14817	10512.2230958716	
16022	10961.470311024	
12553	9685.78067500413	
23075	13539.1615692243	
21975	13124.4657808563	
28388	15420.0810526591	
22406	13288.2750655004	
25737	14484.2642762159	
12440	9644.8941461951	
11513	9286.65427923512	
24133	13924.0873707105	
24265	13972.5620774424	
11044	9121.65459297675	
11690	9346.20291057332	
27633	15156.5355170316	
26084	14611.1665845901	
19213	12099.0879703775	
25736	14484.5488734937	
10601	8950.04783615006	
22680	13401.3817074715	
22534	13343.4692571608	
27778	15200.0079747289	
26041	14595.3201347009	
11702	9352.35200140269	
29992	15996.0849098843	
16248	11042.745144592	
19143	12079.3693047386	
8989	8382.26438704052	
26956	14929.7520252549	
15571	10794.9713034532	
14899	10540.9509365172	
21487	12945.2835828742	
18527	11860.5371545351	
24142	13926.9170974972	
18508	11853.5866829816	
8034	8015.15398547759	
22983	13511.9436893202	
13470	10023.0642603818	
9971	8723.19148514568	
9264	8473.18437345009	
10718	8997.92679818251	
16520	11136.8302866522	
9483	8550.50073217158	
25204	14299.5396881828	
18216	11753.8484091656	
20769	12668.9337849007	
16102	10987.7021028603	
22021	13142.3784108564	
12430	9637.7561509785	
24802	14159.7702196612	
21450	12929.6340816327	
23633	13743.4669946057	
13010	9853.42123818277	
15643	10819.5381885485	
29954	15977.1822616352	
16988	11312.2151211427	
19982	12366.1501763231	
8869	8333.42867360144	
23086	13543.07665934	
13630	10081.7206362643	
17058	11340.7117479205	
21390	12906.0106784599	
28772	15554.512250961	
26747	14849.9228427419	
26474	14745.7033427179	
10671	8978.80378783625	
13728	10112.0249229074	
16660	11194.7374954795	
22937	13492.6162275917	
27596	15141.381531554	
10989	9099.22289526985	
13619	10076.0237099957	
23686	13761.357388348	
9275	8476.86346269998	
20102	12403.454909289	
13997	10206.6389705085	
26189	14649.5072425574	
8780	8295.78044651811	
23241	13598.5035922371	
17035	11327.1511249836	
8149	8055.04304173172	
26985	14936.9908938822	
26472	14744.508236062	
10094	8769.9818055937	
23990	13865.3372218205	
21101	12797.4839419115	
16377	11091.8623446915	
10833	9040.99896598654	
24211	13949.7348358621	
9461	8541.37156183895	
17889	11649.0038091545	
22127	13178.5150157188	
20293	12479.9876010418	
26169	14641.4708488814	
21987	13132.4726255296	
19183	12091.9161197226	
17708	11582.3180356912	
12605	9700.57788942967	
28774	15553.8363454648	
15527	10775.0446213293	
14938	10556.9088619933	
29476	15792.9646073808	
29037	15649.7621832647	
14767	10496.3746194245	
21805	13060.5473243913	
15748	10853.610371637	
29963	15982.1096062577	
11765	9376.5577754828	
25528	14416.0832792595	
23717	13770.5432911266	
20739	12662.7078785853	
19119	12070.369729805	
15410	10734.9250813643	
14016	10215.9255343564	
13476	10026.6775945326	
20096	12403.7208540382	
24808	14161.5024423979	
26585	14784.5304453673	
10683	8984.58562092138	
13281	9948.21940080645	
24050	13886.9414431448	
10907	9071.02595692083	
22285	13245.0026596175	
21504	12951.2446657527	
17478	11492.3777223995	
18703	11920.7078795511	
23232	13596.0361089539	
27533	15119.8865394666	
17064	11344.3908371704	
8821	8311.53878956639	
26138	14624.3209348173	
21497	12948.9293531277	
10023	8741.94410105326	
15657	10823.4589709078	
10093	8770.24226299033	
8688	8262.07843435094	
28021	15287.2287106175	
19648	12248.1336166375	
18074	11709.4344812024	
16156	11011.7268501836	
21145	12815.3743356538	
12642	9715.30456920867	
15121	10624.915686727	
8465	8179.19154473543	
18586	11878.6636832536	
28828	15578.6340793495	
14620	10443.5899343545	
14142	10264.0620666854	
20624	12614.7932543488	
9998	8728.75177149137	
24160	13930.4136773247	
21107	12797.7875903238	
9951	8715.9922685083	
23280	13605.6169446584	
21352	12888.1031781845	
12028	9485.88290507248	
14924	10547.9619477633	
15330	10698.517517512	
27191	15003.996897025	
11114	9139.83944484025	
22328	13257.5742626831	
10377	8862.22306679106	
24435	14032.1669383124	
24631	14104.5444896931	
27610	15146.2223563093	
29265	15713.7785254576	
17036	11328.4256287517	
29783	15911.4661104565	
11940	9445.68327136602	
12767	9764.59916018164	
21942	13116.4921434207	
13198	9913.36882576038	
16340	11075.095964165	
24273	13972.8587707378	
21998	13132.8450651527	
19421	12171.6368739361	
25632	14446.1102701938	
21821	13065.811114882	
10912	9072.5809824991	
18681	11913.74364305	
12013	9477.11794519663	
17044	11331.9740422685	
14790	10505.0932851178	
15099	10615.639065679	
14473	10381.1251122417	
12934	9826.5333444935	
19606	12232.9370846194	
16526	11136.3271563949	
24173	13935.3557927233	
28009	15284.3593579178	
23567	13714.1164865876	
20553	12588.7111931055	
22292	13244.1367196125	
14979	10569.5950363621	
23665	13754.1525875005	
18805	11953.1512688627	
17983	11683.1376308962	
20393	12520.3711970338	
10806	9032.96918842614	
19406	12164.885157796	
19663	12250.2084505978	
14865	10532.123823898	
10229	8818.37879531941	
15742	10850.1940941672	
17795	11612.2596280706	
18981	12017.0448515644	
12658	9722.69162615886	
15445	10743.1334977705	
9255	8472.77187950573	
9942	8716.46630424842	
16250	11039.7726348786	
22925	13482.1508328813	
12388	9625.93653501288	
16383	11090.2532539751	
29088	15662.7214996436	
13222	9925.60022041462	
25377	14357.1297816733	
17270	11416.5278726334	
18150	11723.4193774515	
22495	13319.6890118158	
17454	11480.8414408382	
8494	8192.09847235684	
13360	9976.11031773319	
13865	10161.3239134482	
19082	12050.482673594	
9410	8527.78095031519	
20788	12669.2321061479	
9351	8505.50092780287	
8567	8218.70618323735	
11226	9179.69379628994	
9309	8488.49924303987	
13231	9925.73907315998	
19034	12032.8419264559	
21426	12907.6958247031	
29099	15663.5351924522	
27018	14944.9941212987	
14822	10513.595246949	
29050	15654.8991909506	
27197	15003.3794376084	
25402	14364.0802606773	
8266	8103.84171833463	
12041	9489.80358684892	
15235	10663.5552768891	
22246	13218.8894884749	
19667	12244.5867230392	
8608	8231.96565370633	
16033	10962.7746580927	
13852	10153.8834656374	
15900	10906.8735367185	
18460	11828.5523670858	
23263	13596.0214871895	
8704	8266.60975826281	
10175	8796.95181958235	
18120	11713.2801766104	
9861	8684.04371695781	
19117	12058.109978241	
9513	8556.01350616478	
26234	14657.0548818712	
26641	14799.7114205732	
16375	11084.4786777554	
28217	15347.8127454164	
11325	9217.19069835599	
14857	10524.4273145331	
28043	15293.0780832158	
8593	8227.96706120855	
11040	9114.03356171867	
11957	9449.3089064254	
20925	12718.2407103098	
17320	11426.7180615229	
9963	8717.72737834497	
28379	15412.0049734656	
26347	14702.2305907226	
20158	12413.1484350251	
22612	13359.3391167742	
22243	13215.8472934812	
13406	9991.0378539893	
23060	13528.5431954677	
21022	12757.2208292583	
24148	13916.737190409	
18436	11818.5170198877	
23175	13565.0062922225	
14833	10515.3486405105	
23287	13598.6273910844	
20089	12390.1538161515	
17726	11583.6723091005	
8579	8221.88948477706	
11080	9128.78725357763	
8843	8319.56174984554	
19597	12223.6521077452	
17789	11605.4252142112	
25481	14388.9806151339	
18543	11856.5403650778	
10365	8855.18777037747	
18721	11918.9007598529	
27235	15016.2675152608	
26880	14886.6510199786	
27088	14965.3762723158	
17156	11370.4771936734	
21655	12990.9224272663	
16516	11130.5531613205	
26598	14782.6567472809	
25077	14244.5339477828	
26437	14727.1654041145	
13953	10189.1461583735	
20162	12416.5473936203	
26897	14893.7908964668	
18525	11853.4613232377	
17340	11437.6127028082	
25799	14497.4328831292	
26318	14693.0058629685	
25875	14529.5667827733	
18369	11798.7926769065	
10026	8740.31769146226	
16081	10981.1944006855	
23031	13519.4723855329	
21214	12832.4641049059	
17817	11618.5633072716	
24747	14134.2734983816	
18087	11709.4057741153	
8012	8006.07757643148	
29970	15985.246308141	
11086	9129.74715657986	
9334	8494.58860256457	
29546	15821.2928473117	
14317	10328.7467632111	
17646	11555.4646083878	
23966	13847.0428203452	
9333	8494.24767517217	
25331	14343.0716015133	
25286	14329.1962735025	
16195	11025.6615816735	
13854	10158.0660017943	
29405	15766.298401992	
15551	10786.1840290884	
21768	13035.8602726068	
28123	15320.4723444397	
18334	11788.183236396	
17237	11409.4812327109	
29940	15973.6064225312	
20852	12689.8814126336	
20012	12368.4281615393	
23526	13691.1745507695	
12918	9822.12886671635	
23059	13530.6462447767	
21861	13075.8584314379	
15032	10590.1879382274	
16456	11116.2226736155	
24040	13873.993369692	
25501	14399.42837432	
13921	10183.8034103549	
16857	11268.087712707	
10290	8831.10277393418	
29072	15661.0714195581	
21627	12984.8448508349	
16544	11145.3068531795	
23420	13652.9095907011	
23678	13749.9453452183	
26930	14905.8725568028	
29645	15860.3993951624	
10380	8861.0827852325	
10846	9046.74807612167	
17107	11359.2136480656	
21911	13094.5411012948	
8431	8168.23660962667	
17953	11667.344281295	
20022	12371.5007809789	
19032	12032.4942749145	
24252	13954.1336623738	
24234	13945.3341280787	
24949	14199.0000410932	
10842	9044.28086850992	
8541	8209.08207456073	
24835	14160.6670758504	
27259	15019.5243614817	
17862	11637.6494148921	
14208	10294.0717573716	
28091	15307.6182898635	
16015	10963.9423577878	
15438	10745.4344158738	
29333	15738.5588249837	
9151	8439.24193477223	
29939	15973.0494506532	
13658	10094.8193008522	
19409	12159.2681911584	
16297	11061.1085607955	
13954	10194.5588077393	
14754	10496.9945822363	
15537	10781.4535511571	
28996	15640.8771759089	
28309	15382.9506819057	
12238	9570.52699922143	
21348	12882.3106795933	
17624	11549.0818375484	
27525	15112.5236372987	
17883	11643.133336512	
10748	9009.21451347378	
9623	8596.63344947464	
12464	9653.89225708968	
13037	9863.30196348173	
9921	8704.35765045898	
25944	14557.6936633129	
22111	13162.0890112417	
29828	15928.6592416133	
8514	8200.42833322679	
11131	9139.522541845	
16300	11059.0056381463	
15246	10670.4356980838	
9743	8641.54705807639	
11699	9347.19543594271	
10358	8851.23509580793	
25340	14345.2913008376	
15553	10786.0029874304	
19426	12160.4381409289	
8326	8121.84057017874	
9103	8421.84085046027	
10940	9073.69862546851	
11475	9264.39434721339	
10574	8935.27291013639	
21953	13107.1280488312	
12014	9472.78547355569	
13087	9874.50619874266	
11439	9251.04072375737	
25258	14313.2564864649	
25959	14562.383446173	
20680	12628.4730418718	
19435	12161.9701889166	
20776	12660.0002370123	
27346	15048.1434385516	
17177	11376.3910249697	
15136	10628.4349014184	
12596	9697.43830789693	
23425	13653.7260327738	
11007	9100.64039430611	
13525	10041.0767654148	
11245	9180.86516167078	
16916	11277.1529235305	
8119	8044.39020903986	
13156	9894.39096762538	
16194	11019.7456493134	
8005	8002.10292264917	
28681	15524.1231096555	
13036	9855.44752415989	
11922	9434.25811521442	
26624	14789.642080101	
10831	9037.65938106815	
26608	14784.524011791	
9976	8721.87253866432	
17333	11427.2412673697	
26316	14690.6827868385	
14995	10569.4347110435	
29352	15744.8201662604	
29070	15661.3605393383	
20487	12546.7642082585	
9012	8390.51648992603	
26723	14829.8514517163	
22474	13306.6529395555	
26765	14848.8325247768	
11755	9366.27579544032	
17709	11571.955291355	
21618	12977.5523529283	
25500	14399.005401134	
17849	11622.2922595322	
22379	13265.1560331067	
26410	14718.7605345243	
27662	15153.796787911	
9886	8691.56526806372	
12569	9685.36259312432	
13759	10119.3613755141	
27015	14940.975408508	
22055	13144.6879269298	
10809	9029.30841642865	
28273	15370.003379588	
24132	13915.527260823	
21937	13105.025126182	
13300	9948.66236390018	
8049	8019.05867458277	
29534	15816.782608543	
28678	15523.6144063639	
23038	13524.7240651048	
23949	13843.9490300808	
17360	11440.0976502523	
11386	9232.75896964257	
8931	8357.46065171317	
10217	8806.95631392624	
15845	10883.614735158	
13521	10036.0777685587	
11031	9106.96182451535	
9940	8710.12390438007	
16738	11211.2253136985	
18616	11874.2122221152	
20204	12428.3203987537	
26278	14678.1144135995	
25268	14322.4356762704	
24471	14042.1932963851	
12336	9603.09752151514	
18689	11901.8308501233	
20596	12590.2914910532	
15385	10715.4975806901	
28986	15635.84529219	
8900	8346.09411300444	
21922	13099.1614186667	
26077	14602.5111631502	
20337	12486.2658588617	
12202	9545.99485990871	
12188	9540.12629461481	
8968	8374.81678667237	
12738	9745.8332785153	
28458	15441.7390820765	
25634	14441.8541260259	
26663	14810.7927771335	
22950	13489.8703310126	
28139	15325.218118413	
18513	11841.5517303355	
23614	13728.0062612742	
12183	9537.45470267602	
22128	13166.2464314915	
16873	11264.831607819	
20267	12458.1997191804	
18495	11835.1457993664	
21979	13117.7190193523	
28856	15584.6034435484	
10676	8975.23868874425	
26935	14908.1360618156	
16331	11066.7631863927	
9961	8716.36752817611	
14406	10351.1940028291	
10864	9047.56770331765	
29669	15873.3339644379	
17528	11501.9276046669	
24479	14046.8315137768	
17326	11428.7671835296	
21926	13101.2850278529	
29709	15887.7691141738	
22165	13178.6299521004	
10044	8744.78761141411	
21228	12837.5864871021	
20997	12746.4931107808	
26662	14811.4657918045	
27975	15266.8300193114	
14809	10508.7979484856	
8772	8290.24449004337	
12514	9665.22274243889	
14169	10268.2697783542	
20128	12400.432536565	
25453	14384.3418911027	
21930	13103.1022803407	
15719	10836.5626832641	
9617	8594.42941499615	
20380	12504.7385937091	
20211	12436.8510900237	
9736	8636.99924230436	
8352	8132.09177187276	
26868	14880.3517813237	
14849	10518.1262728377	
10087	8761.49066945607	
19314	12123.9227299224	
29197	15694.3751013346	
11889	9419.50267246901	
10304	8829.6273317326	
27758	15188.9322917857	
28152	15327.2490833547	
13103	9872.49931407743	
18809	11939.8114774096	
9035	8395.02261224902	
17194	11382.025593604	
9010	8388.5853031597	
28448	15437.4490042391	
26232	14662.9217782351	
21631	12983.2186498601	
20885	12699.8682155739	
9108	8419.75332071062	
20258	12453.3658160145	
22197	13191.369699869	
11665	9326.34785088075	
21201	12827.474529309	
24150	13919.3807011095	
26359	14706.96891039	
14813	10507.7035252506	
20834	12682.4212952901	
17821	11613.2652478354	
28650	15514.6313195651	
9212	8453.1382883215	
17153	11368.5953707288	
27393	15065.0765146432	
22742	13409.8322714725	
16958	11296.6754116568	
25003	14220.9332465292	
22647	13369.6428413362	
20160	12417.1392826443	
20655	12620.8648814917	
22054	13143.2113857675	
17040	11326.9904383118	
24323	13981.8384600719	
8204	8077.89772752575	
16639	11181.5488651309	
25566	14417.7451759659	
23610	13725.4112650293	
13096	9873.2471661052	
10794	9018.406942961	
24357	13995.7565879429	
23462	13665.6532761015	
19458	12173.640905029	
17805	11611.210765136	
29501	15804.8703781352	
19001	12017.0977693131	
19490	12183.6334262898	
15972	10940.7220720037	
23147	13554.003930443	
23530	13690.6517435287	
15723	10842.1099683466	
22761	13416.9538195324	
22183	13186.671576084	
20976	12737.0813771789	
22255	13216.3620838972	
29137	15674.3009722206	
26851	14874.1107950332	
25813	14503.9039433486	
21315	12874.7349627664	
16091	10985.1903407766	
8221	8085.35018194716	
13899	10167.6520566305	
13609	10067.806162903	
14112	10245.7824955908	
8939	8362.35376836842	
28778	15556.6568298064	
21901	13092.7628823988	
25715	14471.5273559427	
21966	13113.4719723433	
24778	14144.7989857499	
25536	14409.729353343	
8498	8193.96943608018	
21203	12833.7217442848	
12060	9489.29658228964	
26303	14686.6647073471	
24237	13947.6119717339	
17062	11340.9904145361	
21232	12841.9275231855	
17673	11563.7249925936	
16264	11047.9787453301	
11366	9226.19884518264	
8923	8355.95333965307	
9821	8666.9293160862	
29155	15678.9910978074	
12273	9575.02931429773	
27808	15203.9110619593	
29903	15956.5398096836	
26039	14589.9090611329	
10111	8765.47637617471	
9062	8403.59675530512	
19818	12307.4380700977	
29786	15913.8412326173	
10375	8850.6763022629	
26887	14888.0568253286	
10582	8933.05676101384	
18458	11828.1045313124	
17769	11597.8471131985	
13250	9927.85840943822	
16798	11248.8569967676	
8652	8248.21354832883	
26970	14924.3348869143	
23580	13712.1060703472	
23890	13827.2500996605	
28373	15409.2049446931	
28004	15280.9223901857	
15185	10648.1405322664	
9599	8583.23207524756	
18060	11697.3749937943	
24492	14050.4166698318	
27978	15268.7501121633	
19902	12333.3105576845	
13508	10032.1832718478	
15963	10940.178950755	
12946	9826.75621743629	
12769	9758.99149559391	
29304	15729.3968422941	
12096	9500.72274054434	
14515	10388.8150650956	
9831	8670.75318129303	
11198	9158.44270640912	
28896	15600.1170201228	
25805	14502.8538212659	
23560	13706.0509797679	
20892	12709.8752170381	
12986	9837.36091565218	
25781	14495.8881207257	
28198	15343.2931338173	
24218	13945.6649189562	
9526	8556.23982127581	
15774	10858.5601760347	
14396	10349.7648585354	
11875	9413.13200509787	
12316	9593.07052641784	
17008	11315.5114442648	
19302	12123.6438584158	
17560	11514.0927748355	
14881	10528.7032399926	
11469	9257.72437139308	
9041	8398.06870762169	
26973	14926.8887820313	
26137	14620.6789867117	
19697	12259.1648158893	
9464	8539.49239130108	
12087	9496.72626401145	
19157	12070.2861976206	
14188	10275.2547982499	
21593	12973.6622818623	
27275	15023.9200848266	
22012	13129.0653297347	
11312	9203.65991871974	
14332	10327.3817907681	
11330	9209.03204810295	
11474	9257.10522814519	
13695	10090.4142903585	
9773	8648.09652820607	
9111	8421.48106564837	
8015	8006.05509057923	
11077	9117.37488262233	
23194	13571.8440290409	
10171	8785.03426946003	
16986	11304.8473984491	
15183	10637.5671562914	
16556	11141.1351725185	
16674	11191.8564937971	
21451	12918.9852536279	
15930	10920.1785525867	
9169	8439.11274542991	
28951	15624.6675064902	
23565	13703.1123590204	
25074	14244.8987207585	
22229	13200.6936023015	
8636	8242.99836915126	
13425	9990.74635747389	
12744	9743.86439926171	
14927	10537.7637196974	
17089	11340.9522042335	
24282	13963.3614299648	
19574	12209.3247157565	
9751	8639.58901941757	
28792	15562.1061174023	
12158	9522.2258388634	
8841	8319.37304899067	
10277	8816.59958922146	
28234	15352.5799025561	
9448	8531.17838526665	
11165	9140.73281043243	
8411	8156.02677695268	
28610	15502.6562360593	
15279	10667.4149160587	
18135	11702.1627927675	
17569	11508.0376842562	
11886	9411.32835737026	
18065	11685.8803423521	
28928	15613.0344381617	
17872	11622.0413835822	
18928	11983.1118304204	
11097	9118.02964337078	
22601	13347.635897504	
20562	12577.7410103836	
11191	9150.10764503391	
13005	9836.14205282002	
22605	13348.9947753721	
11672	9320.80772580617	
26877	14884.1666089763	
18989	12002.9663164182	
13699	10084.3834216168	
27834	15218.2856906291	
28646	15513.2408288835	
28761	15552.6505706611	
22490	13307.1443239726	
14691	10458.1196356835	
18407	11796.7303748227	
9294	8477.78586320476	
24401	14009.7379116387	
27955	15262.8084305966	
16131	10985.4743494585	
12959	9820.96756706991	
18379	11788.5552699624	
15261	10660.6781085304	
18343	11778.2524431954	
15530	10764.151775634	
10596	8936.45650937057	
21556	12957.2525904315	
13458	10000.949566253	
15461	10736.8610365022	
18392	11789.3652449312	
20520	12557.1180267991	
14507	10377.7119193122	
24726	14121.8230156795	
25935	14554.651889277	
14078	10222.9225608627	
9689	8615.72553246083	
28979	15631.5837053729	
28566	15489.4813743837	
23630	13725.9640645822	
19488	12173.2310634913	
27186	14998.5653231845	
13284	9932.43298024518	
17121	11349.6135861378	
25650	14446.7949636498	
13253	9922.44711980338	
9761	8642.7859480692	
29879	15950.0056653982	
22627	13360.2705920861	
11446	9244.04315708393	
29270	15711.3073094335	
10587	8933.5424941655	
23497	13676.1424307135	
8904	8350.22600756503	
9745	8636.56703412373	
13914	10162.1442633505	
22545	13329.4743734083	
15341	10686.9577889736	
10221	8799.48856718814	
25457	14385.9558693999	
10499	8899.68554344945	
9017	8391.74218494061	
28108	15319.8581595532	
19413	12147.3055724741	
8551	8213.601071487	
23085	13527.2653948177	
21252	12840.5737713168	
11844	9391.41781320396	
10755	8997.99868138414	
16411	11084.2217631099	
13041	9842.39410322271	
19466	12165.1466694498	
10736	8988.3044888211	
8753	8283.77384705645	
16430	11089.5773671053	
18960	11986.909026274	
29713	15888.5345868247	
9174	8438.94168382461	
19625	12213.8831448806	
13083	9855.80532339206	
13816	10121.3658275648	
10735	8986.45084397236	
28891	15596.9819983453	
10099	8756.90640916904	
16254	11025.5537270687	
15809	10855.8227507657	
26865	14880.9755960856	
13546	10027.4859117472	
22961	13485.2559815558	
20136	12392.5076259265	
21409	12893.4481874543	
24189	13928.7677434873	
26727	14832.0951381848	
11061	9103.52550498374	
21225	12826.2785211328	
18374	11781.4888785507	
29160	15678.7071636313	
23799	13785.1274077711	
16567	11136.0125146508	
10552	8919.52956883215	
21896	13081.8733484866	
27930	15251.3681348652	
27047	14952.0069840141	
14233	10276.0488289763	
28353	15401.6490538612	
17669	11546.1606399837	
29870	15945.2380053444	
22711	13392.368583657	
22388	13260.6486404597	
20753	12649.6580078498	
14211	10273.6096765257	
21387	12890.5326895837	
25728	14473.074644093	
27023	14943.6832437961	
19756	12264.5900418351	
29785	15913.2346994771	
10206	8794.76018659527	
25953	14562.9517503842	
11124	9121.75184540532	
22625	13357.7783207212	
26191	14646.2897987321	
15673	10813.0878595696	
18728	11906.1618316482	
20637	12605.4910554576	
24928	14190.7735756555	
18753	11913.6263597354	
22558	13333.051531265	
29692	15884.7789838374	
17421	11457.4953259237	
28077	15308.0884885546	
19859	12308.2018626426	
13748	10103.4071790536	
22478	13302.9291691738	
16965	11294.3535760484	
21082	12773.9319749055	
15824	10869.9976926995	
13547	10034.4438599583	
22525	13320.9331693691	
11749	9355.25735530781	
28535	15479.3930870851	
15919	10910.5847454213	
12086	9488.60701242863	
21058	12766.8372712875	
10342	8835.59797370601	
13801	10118.8979494008	
8007	8002.91549787061	
28485	15455.6930993943	
29707	15888.4118943887	
21247	12838.9354631486	
21447	12913.0438216557	
16135	10986.7286919554	
11088	9115.75541324716	
20790	12663.3755623658	
23780	13778.2341939296	
14209	10273.2397701001	
14191	10268.7854889169	
17117	11345.2063032171	
14425	10346.5159285565	
19233	12085.2752533207	
17514	11488.0226941258	
24993	14213.1091087186	
8170	8060.45902150704	
13293	9934.87325773336	
24264	13952.5601519051	
8884	8341.45614520714	
8434	8170.20249747215	
28864	15587.6035204099	
16661	11178.7210680445	
13947	10169.7512688906	
11854	9394.59234913559	
24066	13878.7908395188	
17480	11473.8270172262	
22254	13207.6943950763	
12486	9642.35875832027	
14678	10447.1935752999	
22133	13157.6827863034	
24510	14046.2505882821	
16363	11070.5638579422	
14777	10486.5931060568	
24933	14187.8580777849	
20290	12457.9332603411	
22866	13444.6396368764	
16303	11045.8435206888	
25918	14544.451504268	
19911	12321.3597965992	
16702	11192.4464493955	
22857	13440.0316166878	
28677	15524.6949752442	
10813	9021.11380594834	
14835	10505.1464859886	
28680	15524.7913894825	
29185	15687.9279314018	
11428	9235.65791604838	
24038	13867.234661182	
11525	9266.28397836643	
15780	10850.1257239143	
28751	15553.7337546953	
26668	14814.2771193824	
9343	8494.14182849887	
13319	9948.69545192863	
9086	8415.31197746066	
19783	12276.9720313498	
23619	13718.6606254981	
17401	11444.343114013	
27302	15034.2529821369	
28621	15512.9016747293	
18738	11908.0610181708	
16222	11021.0168040455	
17075	11331.0406186297	
21994	13115.5569837967	
19637	12222.5349006348	
8727	8274.64244527493	
29642	15859.9228224996	
24108	13897.4171755358	
27287	15030.0894337846	
10128	8768.46947184227	
21731	13014.6155008183	
17235	11390.4217534654	
12449	9631.20035530589	
22102	13149.0096958117	
15436	10730.1708807844	
8175	8062.90854516575	
13904	10157.6072620962	
29105	15664.604782902	
13112	9869.80095965313	
24939	14190.8629081169	
14123	10238.1691011778	
28174	15340.4597338943	
8969	8376.07477995384	
28885	15597.0678513856	
23320	13603.9490316082	
27844	15231.9734688997	
15037	10576.4220294433	
9467	8537.89765412821	
23766	13772.5461003243	
8464	8180.96122899137	
29303	15725.9790113782	
28900	15601.5004066757	
28604	15510.1985221311	
21157	12808.4581218699	
27994	15284.3854312247	
14602	10419.0148126423	
19530	12193.6543566145	
18716	11905.5568221517	
25178	14282.6115853538	
27893	15250.1489442075	
29560	15828.0051089022	
17088	11338.2407405126	
26718	14837.1452273974	
9359	8497.81450652416	
23930	13835.510223096	
19446	12163.3120012299	
22181	13183.0767640765	
17108	11345.1321326872	
27811	15218.5245711443	
8914	8352.40343229491	
13789	10119.3647692536	
24515	14054.0558425961	
12286	9574.54215435988	
10370	8843.39007401997	
22417	13274.7325735515	
20533	12567.6012842765	
15202	10644.9420240917	
18210	11733.9727672441	
28614	15511.6079521885	
21659	12990.5614317351	
23550	13698.2204158316	
28096	15322.0251683714	
8338	8124.8710752115	
26744	14849.1282047933	
10875	9042.49046046403	
22766	13413.1150941426	
18628	11880.2232313343	
21182	12822.742233436	
24024	13864.624264587	
8823	8311.15606814211	
18600	11869.2541885512	
25094	14252.0504399445	
11810	9381.9931975482	
15139	10619.6520154456	
25394	14362.8577992147	
26899	14899.9283606652	
9379	8503.31450649691	
29675	15878.2602734297	
12793	9761.55762828959	
11973	9440.63703037828	
13579	10048.8967048232	
27835	15231.2898967561	
11668	9319.37308298395	
22791	13420.1426680294	
24531	14061.5964597378	
12557	9671.92316878211	
24443	14026.9582523159	
26238	14666.8084481111	
28691	15533.7255483185	
15400	10716.7841469482	
29428	15774.0727885506	
9242	8459.68158937044	
20111	12393.9488699632	
11604	9292.0501536187	
12245	9551.92852837589	
9386	8505.97994053083	
16752	11213.3696653011	
29975	15988.0170226041	
28469	15455.3240460601	
9117	8422.39512895345	
8750	8283.08876989553	
8936	8360.33453064055	
22938	13480.5078681002	
26916	14907.3685030022	
20333	12483.1492437437	
18597	11867.3143293091	
20799	12672.0626450479	
27030	14954.8901389143	
14753	10480.5322748053	
25413	14374.8042128863	
19151	12064.2867777796	
15540	10766.681750662	
13386	9972.41513895449	
24549	14070.9709218102	
16004	10941.6647269119	
25696	14466.9305190756	
24372	14002.6520853874	
15371	10704.7284071821	
10187	8787.53174505547	
28257	15370.5672916819	
28290	15386.1568418267	
22242	13213.4147832233	
22444	13289.0166851175	
16583	11147.8401176389	
9477	8537.08327959156	
17292	11409.5725991808	
13061	9858.10156998136	
8232	8089.9430439295	
10961	9067.7234870697	
23991	13856.8778586839	
18057	11686.5586953641	
9412	8515.29748389278	
9123	8422.93622736956	
11725	9339.16249933614	
11231	9157.54826048275	
12618	9688.56217418265	
12775	9750.78202865589	
14592	10412.0045799818	
10617	8936.99342428567	
14020	10194.2821304287	
21679	12999.8605237342	
27397	15072.0681134016	
19519	12186.2761733058	
11234	9158.92133543218	
26195	14652.4973691686	
21708	13007.3910378885	
25761	14487.266450416	
25266	14322.9779481529	
25342	14350.3854267068	
16414	11084.9980093003	
14837	10503.3278551434	
9396	8508.64125811897	
27753	15200.4852775487	
8218	8084.75675437821	
10867	9036.23828712676	
16368	11069.6739866723	
16370	11071.317845523	
14388	10332.6677504613	
25408	14370.2852234106	
10976	9073.57664456292	
13483	10009.2127593277	
20576	12582.1196011184	
24072	13887.1666518446	
20673	12623.6544161214	
15347	10688.2455175222	
17687	11548.9892938868	
14424	10343.7455232925	
9752	8633.25263961835	
21441	12913.4226613275	
11500	9253.10255272924	
20927	12716.1484904197	
17799	11590.6475054057	
12823	9767.73498289647	
26051	14593.2496146268	
14511	10370.7067679477	
8829	8314.08872842513	
10844	9027.13860991743	
19364	12130.0953496853	
20374	12495.3427484703	
17631	11529.692241703	
21469	12922.3061487648	
17654	11535.1236218284	
12745	9739.55761722268	
24344	13982.7254777694	
17162	11353.5500035405	
16670	11177.9174372451	
11671	9314.81220634413	
8877	8338.17947299135	
8799	8302.92421220938	
24621	14087.8742738105	
26128	14617.2443286596	
28383	15418.1142781945	
19106	12041.7193565712	
29649	15863.4167797227	
8474	8185.06937110101	
9114	8417.74092261574	
11304	9184.90146155697	
28791	15562.6217571844	
25712	14470.67581791	
16485	11103.5080752817	
15287	10663.6455145961	
23989	13854.0138107976	
11908	9409.55528682543	
21935	13097.2828739776	
25411	14368.8495188806	
26941	14912.6803497377	
26478	14740.9062752225	
9685	8607.23566292191	
23588	13714.0499864305	
10021	8722.14955870162	
13592	10042.5353767548	
27004	14941.2224958377	
23927	13837.325001991	
15771	10840.5929817076	
19424	12151.2704957981	
25731	14474.0891374993	
15779	10842.5619838958	
29758	15904.4411740752	
11546	9270.10441258089	
28616	15510.3280802771	
14127	10234.1770875427	
13479	10005.5660503011	
8864	8330.32842740897	
26690	14825.548387517	
15201	10635.8582240696	
22467	13298.0342122251	
28741	15548.9281488345	
13219	9904.31820317373	
25524	14408.1802435257	
13352	9952.965845332	
27550	15129.1872668682	
12040	9464.51685273299	
23431	13659.4195317754	
11868	9391.83467318855	
10429	8866.04672710693	
27391	15068.2923379672	
13838	10125.568335003	
20721	12642.2747432451	
28935	15613.8759588887	
20235	12440.8696538028	
20224	12437.0111620226	
9973	8707.57654342222	
15175	10624.1294865609	
28835	15580.7746535078	
19112	12045.3388970556	
29153	15676.0218328219	
12327	9580.78927620351	
11341	9201.12637486361	
18176	11712.1462839246	
12684	9710.98023360175	
23208	13575.17893872	
11591	9280.46028748176	
25191	14292.5173446036	
27071	14960.3477376329	
10432	8869.33098773907	
9825	8658.07946429498	
23054	13523.6853833886	
15079	10584.0068993084	
14729	10461.4246499079	
10973	9070.81530665551	
28239	15363.7522009033	
21239	12836.5880720488	
14045	10199.0554193962	
18320	11761.0841410985	
12364	9592.96229183346	
9607	8578.01852402185	
11603	9281.80296406234	
20263	12445.4903288025	
13417	9974.54625460065	
21892	13082.9781578309	
19989	12348.5208024962	
24950	14200.2872406506	
8765	8290.56521518648	
21226	12829.2347587781	
16408	11073.3169182545	
12206	9526.60054412047	
28283	15381.4365637402	
10083	8749.55377390122	
15608	10780.2094904614	
16097	10959.8363912477	
18196	11717.2449360216	
25332	14347.8017739709	
24923	14192.1719192491	
20889	12697.200009924	
20087	12377.786906612	
23979	13848.7269793864	
16671	11171.9995081294	
26335	14699.0717941425	
9439	8522.50368544948	
