idEmpleado	Sueldo básico	
8527	8207.96726281194	
12250	9544.60695457859	
28715	15541.5614356946	
14004	10180.8500933372	
25908	14543.0606522332	
21875	13077.1174528995	
28905	15600.4230899738	
25832	14508.5211240261	
26797	14863.0453454624	
24343	13987.8123616743	
17484	11467.3203730338	
25475	14394.2188687596	
22045	13135.298947401	
27826	15226.580120263	
26149	14629.1681260938	
22632	13362.4594311055	
28265	15374.8916980694	
10741	8989.89507229528	
12044	9463.28258582544	
18675	11887.0308193783	
28168	15342.7304436186	
11573	9276.64290055476	
21075	12774.1316094874	
29503	15803.797408847	
28583	15501.5882586602	
22607	13353.5703706339	
10808	9015.9504269324	
26173	14644.4161527997	
22991	13501.8554094722	
28285	15383.2972344865	
18253	11744.2353124471	
22734	13406.0190158924	
15066	10582.7311699198	
18784	11922.986643353	
12847	9766.57899178871	
17662	11538.3712032523	
21139	12806.9593668016	
19037	12019.4371473135	
12779	9747.50456295326	
29382	15752.1173058786	
17488	11472.8938282807	
16235	11018.0794200944	
9418	8518.39121827781	
15545	10761.7414122269	
28063	15312.8891174276	
20530	12565.6175224882	
25988	14581.9459886206	
27522	15121.2216537079	
28796	15563.0037931553	
28121	15334.7405788185	
21686	13002.8952085427	
21285	12858.8319070911	
12677	9708.716922304	
15686	10812.0409747642	
11284	9179.77324183088	
26963	14931.3243622572	
21051	12770.4753450912	
29347	15737.7640268476	
15329	10679.261834677	
11305	9189.49028159934	
19159	12061.1670259671	
10649	8956.00693717413	
10782	9006.66571455387	
28523	15479.748110976	
14154	10243.5770492272	
24516	14061.3013571414	
18457	11811.4876988397	
11374	9212.31230404801	
22884	13460.0011284743	
16449	11090.7969228415	
9543	8555.50006430387	
17167	11355.4545507559	
27854	15242.390509342	
12688	9711.16527994683	
9083	8414.13699109766	
19917	12324.6510235242	
10105	8758.25168227695	
13509	10012.3901972605	
9341	8490.90829141946	
16013	10935.970736172	
26536	14771.6243820133	
13208	9894.72877322451	
27416	15081.4123596444	
24834	14167.1148306537	
14547	10380.4020259438	
26845	14885.4034053559	
18136	11697.3020935884	
29427	15770.6901951557	
15495	10743.2134015221	
15765	10835.2546295315	
26524	14767.8958581611	
21845	13069.1953399541	
11734	9340.1753126365	
9551	8558.01428135392	
18111	11690.9502799115	
14898	10516.8868911066	
13500	10011.4137055405	
10871	9038.64310730186	
9411	8518.16436299969	
11502	9251.58776028621	
10088	8754.12982364843	
22663	13369.6336845726	
12556	9661.22052523364	
20319	12472.2068703138	
26557	14779.2405145146	
12517	9647.44065778676	
23338	13616.4413977491	
29995	15997.5516423572	
14581	10397.9039836665	
21290	12855.1222183067	
24856	14173.0726799802	
15548	10758.0851478307	
27870	15246.8557354281	
29358	15743.2910985049	
14619	10417.8658995861	
13972	10166.4382527426	
13165	9874.59457752974	
15799	10839.5508839002	
21936	13099.3460850321	
17190	11358.1736438713	
14505	10363.9992635529	
19109	12040.7975036841	
25687	14469.0989025259	
15191	10624.7464989427	
19919	12322.9010646804	
17541	11486.3047243498	
13514	10015.2792381194	
26273	14684.3762279881	
24407	14020.2150000353	
24083	13897.2500999911	
14347	10313.2373179836	
29293	15719.6085749751	
12119	9494.2258342608	
27850	15239.3205311332	
14000	10181.8409125236	
11883	9401.99069744069	
8595	8233.50824799086	
15145	10609.2054893306	
28305	15387.8743161391	
10033	8732.96136815704	
11543	9268.96200760685	
18160	11699.7504512313	
22668	13372.7862114891	
24065	13888.0911832154	
20787	12662.1819495513	
19029	12009.8107103304	
23862	13822.339604526	
12382	9596.88421413157	
24756	14140.1483817679	
12194	9524.51202716888	
9775	8642.29231357681	
27667	15171.8628216404	
18849	11939.2970222697	
22126	13159.9907191284	
26855	14887.5884967333	
20918	12713.3323199643	
26890	14900.5347820467	
27285	15036.4740262909	
8378	8149.30580563345	
16999	11292.9357901648	
28988	15632.1614196674	
26964	14932.065169761	
13418	9977.33664232182	
20392	12500.6538836754	
14978	10541.8849003231	
25636	14453.4641050051	
11527	9263.8593135699	
8023	8007.53520429485	
23165	13561.4501859813	
10803	9015.87520214537	
13312	9932.93000475174	
27944	15265.3890881992	
17441	11451.6765677611	
20041	12366.3847168751	
13743	10089.2116362644	
26216	14664.2488123217	
26230	14668.011292195	
9610	8581.00771931047	
24262	13962.5645493914	
8810	8313.09035434997	
23442	13663.9651198238	
9095	8418.39502398781	
9509	8544.22784622024	
20379	12495.7029728665	
22350	13254.9577864143	
16606	11141.3744963433	
18386	11780.3115527054	
19949	12334.2351151324	
8903	8351.73203439998	
22909	13468.5085925593	
14873	10501.455915394	
11332	9197.03422169994	
14736	10459.8996836971	
19268	12094.9385259743	
11055	9100.79994848967	
14433	10336.8968378459	
12720	9722.41380890944	
10438	8872.13232781372	
17165	11346.2062828924	
24963	14208.7178445462	
15535	10745.9513967605	
23849	13814.8044002311	
19099	12035.4340281503	
22027	13124.2731796225	
28882	15591.5820224171	
11824	9376.90322537762	
18205	11720.1862538793	
28819	15572.9123053946	
16417	11070.779082864	
8569	8223.33968441158	
24478	14045.3210277694	
25247	14319.5270627362	
10979	9073.9094768995	
29583	15836.2154512835	
23363	13628.970670341	
27795	15213.7663956796	
25437	14387.8373235407	
22946	13481.6336694554	
27871	15245.6960972611	
28341	15400.5104039798	
15342	10673.1525522997	
21484	12929.6241984375	
29069	15655.8031698949	
8238	8092.94159342206	
25829	14514.4192867514	
10049	8735.8957830518	
21138	12805.4894045021	
28214	15356.7380417868	
16928	11265.5847683854	
29385	15752.3147984186	
21515	12941.8350034123	
23790	13795.8789643812	
22297	13234.8014364181	
29390	15753.8467048452	
23176	13567.1389575895	
29623	15849.1607195927	
20077	12382.9609958376	
17358	11419.9546665977	
21410	12904.1209504493	
18645	11878.0545610367	
28380	15421.1882424639	
19581	12207.3992473108	
11536	9263.45603226845	
8340	8128.3923499884	
28389	15423.1875647899	
19513	12181.9288526578	
8321	8123.12474480044	
15182	10623.6842324136	
25669	14465.9678556332	
13187	9887.0335528101	
18863	11949.0595143051	
19687	12240.7801394541	
12466	9626.43623055259	
18851	11945.6958789126	
17659	11535.5652922464	
23843	13816.327198323	
24803	14159.0012303363	
18839	11942.4924347282	
26067	14609.8538928711	
26745	14855.6862393653	
20541	12571.4138208755	
20024	12363.4482120925	
19847	12307.3275370092	
17049	11318.4642844454	
16949	11281.5046809993	
8644	8249.44206338815	
11000	9084.72562631812	
11696	9320.06277205425	
14234	10269.076493694	
23758	13779.8099507484	
15762	10830.805399842	
16117	10967.882656943	
9604	8577.51271900605	
17212	11367.6415362245	
29957	15979.3221615159	
25671	14465.753304989	
18009	11666.168166169	
28672	15527.4108199065	
9855	8669.75402863219	
14405	10332.4904340936	
9701	8612.77103825136	
13996	10181.8051720885	
10478	8890.7701861536	
11834	9378.55121557533	
18451	11803.2552841135	
9945	8701.05486395818	
19496	12169.4427338287	
11618	9289.10555750556	
19646	12218.2814125988	
29379	15750.8117592664	
12650	9690.1594892564	
9182	8440.46856110937	
21165	12810.1007737266	
24482	14048.434711084	
28038	15306.6407401611	
16349	11057.7400303715	
29755	15900.0717103016	
24212	13944.9917478231	
21266	12846.8876689891	
27658	15173.7455014017	
16484	11097.2032263396	
26615	14803.0619727462	
8917	8354.60773871961	
9913	8686.15790488485	
27332	15056.2281529681	
10712	8981.17685736212	
18005	11663.267420448	
25085	14258.7946943281	
18912	11966.3737173967	
21849	13069.8119872575	
13910	10150.159032154	
26141	14631.5904104298	
16938	11272.738406096	
19790	12277.3634587775	
25050	14242.915201114	
14565	10389.6086487871	
17500	11472.6780259389	
15996	10928.7763214338	
28623	15515.2090003319	
15064	10580.4498170411	
19238	12079.9993295595	
29490	15795.6200688126	
21940	13101.7813594554	
14907	10518.2647344276	
19258	12089.650461492	
14563	10390.3368387326	
24795	14157.7818832164	
14935	10529.0780079221	
19173	12061.0007960633	
21468	12921.5821311444	
25938	14565.6815946874	
23590	13721.176418346	
15346	10680.5231509174	
12129	9496.00852723048	
27829	15235.287207754	
12942	9809.70906550517	
12993	9827.19743336886	
8509	8204.61228126875	
14362	10322.3230626072	
15733	10822.0784267513	
21782	13037.7874435102	
24115	13910.6480395005	
22522	13322.7318401089	
27585	15148.4694253413	
23286	13600.6527271125	
16348	11058.5690788266	
22145	13167.7301550134	
9459	8532.73731494916	
29515	15805.51950997	
21452	12917.0320913741	
28849	15585.0620044326	
21606	12971.2953888678	
25569	14429.7827474912	
14197	10266.4378519479	
16474	11093.7461718422	
17018	11301.5831575271	
12661	9701.28061329074	
23905	13836.343004292	
20614	12596.5074433929	
20793	12665.8913142355	
15729	10823.3949741458	
11160	9134.18941252594	
14031	10197.7938982648	
27294	15044.7915862523	
25787	14504.1303925701	
20212	12428.982613808	
18870	11951.0672595124	
12869	9776.72987886552	
21792	13042.0762510235	
20221	12433.2061356088	
9556	8562.41121541821	
16922	11268.0657446701	
9672	8606.45325882661	
20880	12693.1305735806	
23112	13542.662373531	
24850	14169.351290059	
14752	10472.8882287037	
24244	13953.3119341141	
21454	12917.6120073151	
10845	9031.08138266536	
22282	13222.6066837193	
23351	13625.0445682672	
15455	10723.5584979521	
27567	15143.9687046893	
22561	13336.5201267118	
12356	9594.38620581962	
28002	15291.3936708548	
9075	8414.08529896945	
25484	14402.2623553883	
18814	11933.7040502269	
8270	8108.42845221443	
18964	11990.8544290768	
17848	11608.1048378759	
23423	13656.4317483718	
29996	15998.6834526056	
18715	11903.5980309842	
18169	11712.8541412357	
25140	14277.9402538566	
9791	8644.33903277122	
11258	9171.67011330448	
27484	15107.5018193142	
17255	11391.0002761479	
17540	11490.6610639257	
17219	11372.3133743612	
20007	12354.6208759558	
19895	12316.9962597624	
20043	12364.8421300411	
12739	9736.65217391059	
20955	12723.7754784169	
21476	12924.3948817832	
10332	8828.69492882336	
18263	11747.9686791766	
10543	8918.73099697695	
17736	11565.4260607275	
28443	15443.2846305162	
22232	13198.3504058786	
25518	14410.6309145739	
16326	11053.8251935755	
12671	9708.27145954048	
21437	12909.7441867505	
22058	13137.5889429532	
17652	11536.981960543	
17218	11374.4675234773	
11071	9108.37220079655	
19927	12324.7776833944	
20552	12571.5567863414	
29104	15659.9609067943	
16031	10950.0215104548	
20882	12694.447120975	
12484	9639.06434254677	
14702	10456.4971488232	
19552	12194.9479748471	
22501	13308.9729013429	
18257	11745.9418940106	
13268	9923.57956335115	
12996	9831.6064075714	
13842	10134.3835043415	
28194	15351.2451235909	
15617	10789.3478287334	
10801	9019.52386694938	
22312	13229.5440757785	
23166	13554.7414969442	
18086	11690.3098205525	
12064	9477.86747360503	
16506	11105.0091214036	
20036	12360.4597730378	
16382	11072.1234320999	
8114	8042.67877714833	
24987	14213.1471178556	
15640	10800.333046727	
22994	13492.9671164104	
9820	8659.02894766025	
20555	12569.6687943161	
18237	11734.5948460207	
19088	12034.0811703513	
17751	11570.5198587712	
8044	8016.5327526706	
14530	10382.2888631291	
27317	15047.5356909668	
29460	15783.0640896145	
20785	12657.0353529682	
11916	9414.82061958631	
21809	13042.2050529356	
16423	11084.7111358702	
14727	10467.89773296	
20714	12633.7469539762	
25622	14438.9957778337	
22187	13172.7891029663	
12488	9641.84649737638	
23345	13611.6782229448	
16346	11063.966901537	
27351	15059.3857909829	
8676	8264.47736484207	
9909	8688.7475925911	
29175	15680.200110972	
28855	15582.847446009	
29610	15846.6721399905	
13199	9896.60004987223	
24387	14003.363079393	
29924	15964.3179103566	
12121	9499.43335424151	
28945	15617.2821296459	
20993	12736.8743925993	
13194	9894.11407424794	
19410	12146.0972261364	
12903	9797.46820116298	
28960	15625.2791805311	
12292	9574.37805532216	
29275	15711.8607236593	
25338	14353.0597045799	
12949	9815.07365490081	
29381	15752.0946412124	
8784	8303.70943262415	
16180	11006.283739119	
20048	12362.4885139812	
18472	11814.7234561922	
9388	8512.5364440086	
9659	8605.59868468232	
27178	15009.969740645	
25707	14471.2621674273	
24157	13921.4639952041	
24097	13899.3343291335	
25489	14400.832279772	
9651	8601.46889491075	
29336	15736.36614519	
25588	14433.5813254274	
9011	8394.55158281818	
18647	11880.921201725	
19144	12054.3947350487	
20279	12451.2337243423	
18189	11723.8477187808	
24692	14119.9327027984	
20094	12378.9257837361	
27414	15083.2177806102	
25151	14283.630735373	
21793	13039.7532233222	
20839	12677.946226987	
16592	11148.0909786877	
26979	14938.6139097338	
9860	8670.42953179704	
21719	13008.4677734452	
21321	12864.6177225116	
22896	13460.928379307	
16956	11288.7867927965	
18413	11796.604568044	
17021	11311.8722603246	
26498	14755.6763583588	
22392	13258.1936257231	
19914	12326.2590786099	
18593	11865.4766547799	
27384	15070.3110020004	
27851	15241.0734553081	
15869	10886.6303092272	
28685	15532.1009119656	
13569	10042.8539151525	
17803	11600.099025108	
11364	9216.44984987399	
19373	12135.4054976885	
13893	10157.7479290579	
23587	13712.515900709	
11874	9402.9166183448	
18244	11744.3579788061	
23058	13519.9833202735	
16860	11260.626999317	
15154	10629.2119857991	
18079	11695.1409521024	
17195	11373.1688574763	
11377	9220.49165201396	
20961	12722.653003746	
28090	15322.735290659	
27551	15136.7772292051	
22664	13364.4454653209	
12535	9666.98477494856	
25288	14339.540208848	
12015	9462.79439398218	
10899	9056.84627269248	
9153	8438.40594982654	
16507	11112.0454869755	
21159	12804.8643268667	
20206	12424.4938848654	
29161	15677.9049670687	
16563	11136.3579570951	
28746	15554.6621231151	
8466	8188.91808026886	
22696	13380.9227223419	
20352	12482.7742634727	
16787	11233.3023935711	
21271	12846.8248717705	
21799	13040.3638654576	
15312	10683.531710265	
18492	11823.3033734482	
9478	8542.54072929851	
10713	8990.34304962975	
11399	9226.09800902479	
27941	15267.5129134522	
11510	9264.1097946391	
28161	15344.6344022381	
14025	10200.30137999	
9823	8659.57480699735	
8255	8101.46361594157	
29856	15938.7034028483	
23113	13535.1847063448	
9457	8535.54062197708	
21716	13003.5237879509	
20978	12728.6994255747	
12665	9705.86553667945	
23231	13574.0886803596	
20495	12547.0901003792	
24556	14069.3065179835	
10705	8986.00764246006	
16618	11161.6930752814	
24653	14104.4043628985	
28105	15330.5411708218	
23654	13733.2540441925	
24460	14034.6109336403	
25122	14266.5586612497	
19523	12189.695855691	
22566	13331.0652400046	
24056	13879.7042769751	
24784	14146.4377223265	
9233	8461.83855853129	
25872	14526.3439857058	
19502	12180.1277865563	
13565	10039.121293481	
17538	11499.4319172108	
26052	14594.2364999066	
20062	12374.1024156912	
9164	8440.88676592376	
27378	15072.0272953957	
8492	8198.68459934307	
12680	9712.21187045435	
25059	14238.1045698366	
14677	10452.4706799781	
20898	12703.4007109252	
20353	12485.7904820171	
13856	10142.7202607238	
15092	10600.817335118	
14962	10551.1383351642	
17429	11460.2186546941	
18006	11675.0571856625	
26913	14908.6855831131	
26300	14686.2122931919	
26553	14777.518353787	
19129	12054.3562229976	
28652	15521.8386349836	
23606	13718.8990105497	
11347	9211.99955847673	
16843	11257.0890054373	
16689	11191.4870753845	
10747	9000.95425220251	
21879	13074.4139389481	
13482	10013.5691622335	
19891	12320.5971030149	
14850	10513.1370846709	
29020	15639.6250574103	
11898	9412.35941714251	
11761	9355.0569197885	
25790	14496.4193284961	
12132	9504.0918707401	
24739	14134.4629256681	
22569	13331.7631209883	
22053	13133.2019144358	
22942	13475.0628049835	
24034	13870.6219186404	
27958	15273.7957720057	
21475	12923.5885054449	
17938	11651.9336829204	
15147	10627.1404598966	
11454	9247.46356217538	
18671	11891.8906729165	
17974	11665.7413261317	
12473	9638.55752052672	
13124	9870.84658531046	
14038	10204.6470913126	
27837	15237.7521392134	
12854	9775.62626533938	
29377	15748.8256319188	
8324	8125.77156355873	
14864	10517.2826584975	
23771	13780.5329066611	
22698	13382.2369414299	
11074	9117.01341025392	
22355	13249.3996905393	
24558	14071.0730431932	
16527	11124.2706603949	
29226	15698.6427082208	
13245	9917.5074668217	
29858	15939.3335953072	
21847	13063.7756535149	
16341	11073.4310648746	
10181	8787.66334093533	
19275	12104.3980066219	
10868	9047.04646442414	
22542	13325.755729026	
25305	14343.2940646742	
12853	9775.48366867727	
11338	9211.14948820842	
10501	8906.89643514664	
21094	12780.5604509919	
15091	10598.2501295387	
13653	10066.9653276293	
26020	14584.8590985801	
13478	10009.6254432619	
28028	15299.596402468	
22579	13335.2129260708	
17378	11435.8564184214	
8366	8142.72257692307	
13791	10115.9500117022	
16919	11275.3849454575	
24027	13863.9987920709	
12531	9663.53378522374	
11404	9229.28535622977	
18925	11979.1366699986	
18185	11723.558964079	
10073	8752.22598423819	
19624	12214.7497107344	
29711	15883.8022238965	
28347	15403.9897617903	
15486	10746.3512582455	
28812	15575.1530637849	
16168	11006.0810386232	
18158	11712.6000876131	
23202	13563.3648063817	
24881	14174.0324973008	
16460	11104.2273319812	
28779	15561.3433195098	
9619	8591.51105610258	
20490	12545.0908562844	
18590	11861.3530266384	
22910	13462.2684705361	
9547	8564.47677713096	
26722	14841.9291967721	
17097	11345.2111125669	
29810	15919.0325289588	
18155	11713.5675790317	
26609	14797.3778428498	
27479	15107.387966992	
24248	13949.8032880713	
10039	8735.86011712247	
29196	15688.4142419735	
28742	15555.9201312977	
29507	15801.5574551195	
20782	12663.9486498497	
27715	15199.776861444	
11894	9409.89727965086	
28750	15558.3779847056	
8316	8125.26133662335	
22527	13323.4875003451	
20547	12573.5297447879	
13817	10128.5443539398	
13181	9891.68144478075	
12919	9807.15972641816	
24824	14160.5451769012	
22244	13205.407387207	
28871	15592.1690909155	
25345	14354.3652400162	
10790	9021.49429219845	
18514	11835.5929459611	
19541	12195.3690704868	
23755	13773.869606561	
15756	10844.3453623188	
17784	11597.6317206387	
25089	14254.5969850638	
23851	13813.1164749214	
22468	13299.5220149399	
15676	10821.6045884516	
24063	13884.0742436629	
19139	12060.1041410398	
8028	8009.99138504732	
13334	9954.84814138843	
21968	13107.3617437423	
13291	9933.99893582519	
26245	14668.1296446678	
16296	11057.937016272	
8055	8019.23293248715	
16720	11204.5235835037	
27290	15048.6514377634	
25379	14363.5879449377	
21045	12764.1352176499	
17643	11545.8493472756	
28419	15436.0819828865	
16878	11268.0235557575	
29938	15971.5611114966	
12711	9732.80867269859	
17711	11570.5870257554	
26496	14757.3170507128	
9877	8681.38401987095	
24751	14139.8037253599	
8839	8326.86343804321	
22640	13359.2023390155	
23757	13775.8835506513	
16883	11271.795021031	
12773	9754.43421758452	
16025	10961.9905105615	
21258	12844.0688796547	
18882	11958.2884106591	
12217	9546.96047005568	
26739	14850.8321749283	
13200	9900.25484650408	
26012	14588.2926911992	
12547	9674.30374104264	
19170	12065.1571955835	
22500	13313.4961152978	
15124	10618.6816033994	
21740	13021.1826101975	
29909	15957.6825089556	
16547	11139.0300817504	
16432	11102.6081606292	
22192	13186.1744547198	
20109	12387.6455074119	
28034	15305.7138022528	
15232	10657.9063472608	
27364	15071.4577283112	
9780	8649.51972321119	
25287	14337.7876236745	
28813	15576.3218065614	
17867	11626.0706091421	
20430	12521.7883123652	
14124	10242.529449166	
25899	14542.2049642271	
13840	10140.2205685807	
29360	15744.270518303	
18198	11733.2407029966	
15206	10650.7890460318	
19497	12178.9645907371	
12985	9835.56672271135	
8442	8179.56471824067	
18118	11706.1391341063	
24983	14213.8681366173	
19153	12060.9445218281	
12492	9657.56311344801	
8493	8197.81926283511	
20301	12463.3330984336	
24874	14175.8425264507	
13108	9871.54560623297	
17179	11370.9247873029	
24257	13954.5274404597	
22620	13352.8795080971	
20910	12711.626062501	
17825	11612.9045167998	
17843	11618.2869689624	
23234	13578.7758592417	
10619	8953.62927064003	
18818	11939.2179306313	
24506	14053.4885367628	
16480	11117.9772033906	
19567	12200.3372927198	
11024	9104.91449437333	
20675	12624.202886887	
22405	13267.7470730933	
8850	8332.21780151698	
21752	13025.1721576905	
20639	12608.3027257623	
17129	11358.0498822769	
20260	12448.0721226186	
13273	9930.0332227396	
8853	8331.91649258692	
15238	10662.707069266	
25631	14439.7170126623	
16652	11185.6158874862	
29455	15778.1177907149	
28409	15432.8909476441	
21379	12888.7400240119	
11102	9125.22993289178	
15415	10730.0823939639	
27482	15107.8945394176	
24938	14194.5732488272	
10459	8895.61520186049	
26560	14777.9741169782	
16026	10966.8628363716	
12395	9621.79436610164	
25144	14273.191101045	
29538	15810.1622498642	
26151	14629.6249323662	
15921	10923.9179952647	
20515	12561.4447093389	
26591	14790.641247663	
29491	15794.0227723653	
20611	12597.300509269	
10890	9060.98738734656	
23395	13635.2294299916	
27385	15074.6502238673	
27407	15081.9362472193	
10589	8946.12106352398	
18181	11728.7267203111	
20693	12632.3909557575	
17755	11589.5165370728	
11026	9105.28321615666	
12689	9727.77040383209	
29859	15941.5123834934	
16220	11039.008294716	
16943	11291.8203711937	
26921	14913.1624954348	
12146	9526.01017501485	
18510	11834.7867260849	
19514	12185.3960213183	
9901	8690.03583522981	
29570	15828.3993377483	
11318	9209.13553666749	
26994	14945.5939973451	
21483	12923.4039545634	
16969	11304.7220908593	
14324	10326.9403773951	
12491	9657.34005051541	
17919	11645.9527069917	
13612	10059.026700472	
22274	13215.0099078263	
24315	13978.677793396	
9122	8434.13188701222	
29718	15886.6274132797	
16541	11139.3919750766	
9442	8537.89372022166	
24530	14065.406559997	
22691	13378.7296253157	
23155	13550.3864574946	
9937	8703.46756684755	
8888	8350.95470042478	
18830	11942.6189604879	
22743	13396.5032125807	
24628	14097.6914382063	
17577	11518.3780023448	
21912	13089.2900326705	
27636	15167.8447980284	
26696	14836.4617334849	
29834	15927.8545416556	
25273	14329.9739949079	
28213	15360.0286056101	
25162	14284.1520748493	
15570	10794.8382062813	
26439	14738.5219739464	
18599	11871.4088741091	
27037	14962.2419099148	
25989	14584.8872356978	
23416	13651.7065119239	
19354	12137.5834327832	
14328	10330.5073391323	
21000	12747.7098464722	
22811	13424.5961967039	
22461	13300.1683565323	
12510	9669.70001983908	
28361	15417.3810479312	
23325	13610.8387436768	
9833	8671.15132914444	
12992	9841.14299055242	
21125	12802.1204084168	
14763	10501.1145744944	
22279	13226.4138111968	
12169	9534.43287011908	
18903	11975.6237175202	
16510	11131.3191592374	
18494	11834.4413208936	
20999	12747.4168747419	
14594	10431.8961251676	
16418	11111.4440984612	
17309	11427.2159950003	
29580	15834.1139218929	
19356	12136.8772928309	
17479	11490.4786439103	
12683	9729.48550885985	
22507	13315.9787120838	
15319	10698.9980948619	
26952	14930.857832977	
16630	11183.8395871147	
12583	9695.60991306585	
19005	12015.2185391706	
19483	12177.1500651618	
13316	9953.00648452388	
9046	8413.70004807305	
11414	9241.14619253257	
16739	11219.8791183624	
18858	11955.7577203753	
15911	10926.3585037209	
26172	14642.4506039556	
18174	11726.8031927416	
26271	14680.3103902751	
24121	13907.539258668	
20178	12418.1387035261	
22541	13326.701807476	
13519	10034.3413250681	
22825	13426.7399671612	
10999	9103.56018371114	
23891	13825.5957354911	
14269	10308.5283573291	
29091	15663.519047044	
15866	10904.0806530528	
27515	15123.9919993672	
20445	12530.3457847472	
17430	11473.4431372366	
14059	10224.4905169236	
19830	12303.4695108903	
24927	14193.6300463014	
11449	9257.23120256198	
18047	11695.110687844	
29967	15984.1896444485	
27085	14970.7019249772	
9281	8486.5232149542	
14578	10426.9991565621	
27096	14975.5414160786	
23882	13825.9244513819	
9703	8624.97034325496	
9468	8548.10808997048	
21164	12812.7137631237	
8736	8293.28667758651	
10074	8755.74459915783	
27671	15175.561438862	
10481	8908.08281717267	
24637	14104.9662707862	
26337	14705.0929324259	
20200	12431.133708186	
23057	13519.6767363323	
17271	11415.9752183668	
26638	14810.1754853549	
11979	9456.13731884218	
19820	12302.7455416986	
19592	12212.4185283726	
21346	12873.4023593708	
20661	12622.3294756479	
17566	11520.3205400707	
26586	14791.529260013	
21381	12891.2265398033	
29030	15646.8042804146	
25747	14479.5633472873	
24910	14189.2095311495	
21517	12937.6766816423	
21747	13026.249072061	
15304	10698.5265178133	
27819	15231.2478158768	
26203	14658.2609595071	
21015	12756.1012677644	
24915	14193.7871753209	
17433	11480.5401021058	
22853	13442.5972874475	
28560	15500.7773560941	
11848	9409.37098181312	
21345	12878.6318771907	
19780	12290.8464205874	
23100	13532.3090579046	
12199	9552.78375817127	
9282	8487.95760818196	
13412	9995.99783588015	
10757	9019.02572858102	
23878	13825.2528523213	
27271	15042.3094290506	
20881	12704.8137805913	
10430	8887.49429252348	
28278	15383.4545609464	
29497	15801.0938837198	
28315	15392.3651461454	
18288	11771.7711160759	
13693	10097.2995656064	
18557	11864.1937393063	
26894	14906.6786164915	
8445	8184.01215606556	
10542	8934.69791157856	
10662	8978.16606284034	
13618	10068.5447426832	
26113	14623.5042319743	
17073	11355.6099959442	
18162	11729.4955270968	
20310	12477.0349210487	
12523	9676.83500129582	
28446	15446.7053112791	
13303	9948.99166466156	
25045	14237.3465328651	
13536	10039.1366342265	
24295	13973.3779309193	
28047	15309.3981292608	
8123	8046.76633702906	
28386	15424.1136645079	
29814	15921.5721077852	
28134	15341.0933014662	
16272	11069.5457174767	
16159	11032.3629318887	
21110	12795.5314241329	
18583	11872.2008112223	
12915	9821.55142809337	
28426	15437.2539182367	
12024	9484.39575055819	
19077	12050.1823891188	
23404	13642.7945111146	
15836	10897.4326340935	
29590	15838.8826697315	
15810	10886.4898434312	
15177	10658.801702158	
14308	10329.5934360146	
20531	12573.8614856144	
22354	13258.5851313819	
25939	14566.0794445156	
9094	8431.20491897278	
15580	10810.0871345075	
23478	13667.3421886132	
13915	10176.6990619603	
23861	13823.2882310745	
18980	12010.9226871333	
8801	8319.16283458432	
12247	9572.32041730188	
18603	11876.2611876597	
10211	8804.96289618544	
15203	10665.6771463648	
15881	10914.1163616041	
8186	8074.0564316856	
29383	15754.3275466907	
29931	15968.2514816375	
18533	11850.1990082907	
15454	10756.2062641402	
10179	8794.64802182962	
18606	11874.3156846027	
17188	11388.4807319327	
21839	13062.4971003563	
27600	15156.614634747	
15106	10631.2908244465	
22050	13139.1084814161	
28016	15305.4276068255	
24582	14086.7010159822	
12263	9579.60228695516	
12962	9837.95233156437	
20503	12560.215467848	
27981	15290.1899625036	
18705	11907.7530968505	
22901	13465.2751486121	
9956	8714.79279953744	
10040	8743.31868474526	
28932	15615.5614180563	
20638	12614.0265300004	
14131	10254.229919172	
22136	13164.3942395059	
22337	13246.2574864022	
27205	15021.4402447554	
20305	12476.3685895486	
14247	10299.8803939204	
24221	13945.2902404337	
26142	14632.2910220513	
26644	14818.7186041934	
11116	9136.06602751467	
23200	13568.738079429	
16519	11143.1050874028	
29664	15870.631188094	
27231	15036.2908351404	
29756	15902.5954380178	
12141	9534.94541418503	
9906	8699.54580101163	
13056	9870.10439944924	
12074	9503.58234415929	
11504	9274.59028422581	
8426	8178.79631006103	
9394	8528.23370719712	
15786	10871.2714551349	
29312	15736.5872150923	
14586	10431.3204001781	
25717	14481.21050302	
21710	13012.1049494539	
20563	12586.0712251561	
21386	12897.209799335	
22211	13200.4019977527	
13987	10199.3235620667	
28094	15330.7377469403	
8351	8138.76612863446	
17082	11354.2249516371	
12298	9595.96908911875	
23283	13591.8120246342	
17613	11548.3905354274	
21264	12852.8754398473	
26896	14912.1121423841	
15471	10762.6167064359	
11301	9211.3243943133	
18959	11998.9998023952	
25245	14320.3898772227	
24846	14169.3615793108	
9369	8517.96293655315	
25587	14436.4971995524	
13349	9967.32114347039	
23077	13523.9246327076	
28281	15387.5945244858	
14443	10372.8076826654	
21035	12765.7293476005	
26708	14844.6884000882	
27821	15239.736340586	
25283	14340.9711338305	
20190	12435.2302199394	
12657	9725.99621197488	
14216	10293.1227843711	
23015	13509.6702713099	
20564	12590.1198445773	
24347	13995.1580865286	
22441	13287.7754444665	
11723	9359.21901527756	
12691	9735.08122271629	
12351	9618.31660644073	
26955	14936.742465448	
25039	14238.0003324887	
16110	11004.3389587683	
20395	12516.4062364569	
22837	13440.3217460217	
14268	10310.7834133835	
24320	13986.5548787576	
18503	11846.6703611643	
15976	10957.9922570651	
26434	14740.9656377234	
8163	8063.2658899125	
19459	12179.7965076658	
14002	10207.8438299745	
20872	12701.9098758241	
27779	15218.6242785392	
18926	11994.8232006258	
20390	12513.8893595496	
28533	15488.1803167463	
22203	13198.4767006703	
14812	10524.4021166695	
9109	8434.6726501522	
17070	11354.6351619785	
8220	8091.00140635436	
12862	9797.79499480398	
26924	14918.9947316977	
29663	15869.9728771439	
16917	11298.6892402632	
24446	14038.7202641176	
8657	8262.75559526996	
10502	8916.95405585549	
22927	13474.8412619693	
29629	15852.1053790357	
14144	10263.9185796789	
20869	12702.0732707819	
27807	15232.6191138628	
14174	10279.9626040645	
17304	11432.158240784	
22865	13450.9149070135	
8203	8083.60288668592	
21856	13076.8111111023	
20051	12386.2528039078	
10504	8919.05898643614	
18621	11886.6961430231	
9322	8498.77070286254	
25138	14277.705243918	
8637	8255.43371227357	
28615	15518.1523820004	
23274	13591.212908547	
25185	14291.0459927707	
9618	8595.29664395158	
12011	9481.26872697904	
23802	13799.5951277202	
19394	12160.7423146073	
27743	15210.6791060468	
11239	9183.64395628853	
17697	11582.1073034695	
24759	14146.9989261343	
11290	9206.54396396435	
23296	13597.4115047592	
23203	13570.3488688778	
27166	15012.0941731204	
29877	15947.83461464	
17699	11583.9147658944	
13529	10041.0382012096	
11477	9266.12437575409	
8525	8211.16051087676	
13209	9915.87792798685	
23004	13505.7705591925	
22900	13469.2907619613	
21498	12938.6616744747	
9529	8562.66495984172	
27333	15062.9744525361	
28335	15404.5774300604	
8310	8121.66558956805	
24729	14138.1493127617	
28601	15515.6136637161	
28490	15467.9390189554	
28872	15592.2307034918	
17531	11520.089750886	
26198	14663.5610194241	
8887	8351.82049514345	
23557	13707.4763317162	
29355	15747.6742713469	
29110	15667.4589513184	
28402	15435.6853288765	
29132	15675.2461342491	
17979	11691.3630644285	
16214	11053.2394736322	
17521	11518.4293144934	
17882	11650.5118103933	
19307	12132.9636779302	
14049	10225.6142768197	
29630	15853.5034022543	
14783	10513.2540178081	
24500	14064.7169379819	
20183	12438.4181892678	
22526	13335.1442205418	
12983	9845.65794181342	
27797	15232.6463271084	
24504	14066.5447330412	
25279	14339.5557842867	
13443	10012.3818228079	
8313	8121.92214658573	
11713	9352.38431829604	
8081	8032.63168410986	
14562	10418.294274443	
25452	14395.0176976598	
19042	12039.0767250392	
10915	9072.52979328508	
12490	9668.03029257247	
19262	12114.1682845141	
25906	14554.7682226425	
23506	13686.4542130783	
26942	14933.850485335	
22235	13218.5283737343	
11607	9304.61784140422	
8499	8200.16034329318	
18691	11916.455814576	
15044	10605.3528723332	
12279	9590.87824150495	
20397	12519.7974464483	
26741	14862.6384543547	
13393	9987.34124469913	
12908	9818.77895156796	
10225	8805.69799654451	
25275	14337.050683022	
27723	15209.4710502818	
21360	12891.3234122523	
13587	10056.9486515862	
12584	9699.73112349386	
13935	10180.4694431743	
23344	13622.281077142	
8912	8359.58437638338	
22851	13453.5450178448	
8830	8324.00523513742	
25282	14339.4386723356	
23226	13585.5541851304	
25459	14395.2899530508	
28976	15634.8272672085	
21691	13017.3910544335	
11524	9280.22843658935	
29040	15652.2863393893	
13379	9980.7096803471	
13006	9850.39902192093	
28683	15536.3435258792	
23196	13578.1954552877	
20429	12539.1600637413	
10509	8919.65291691928	
22435	13294.7256440738	
20995	12760.0990965777	
19636	12238.2578459746	
11869	9418.68840596578	
27817	15240.3050694802	
23398	13641.7680856035	
12179	9546.74728659296	
28506	15476.9173299321	
8062	8025.04057810877	
25201	14303.1431950178	
9488	8546.68632175153	
12581	9695.58100108783	
16673	11208.8232241612	
12075	9503.69428540752	
13397	9982.12807345303	
28233	15372.7986697912	
28525	15487.5608493982	
25759	14491.8872073721	
24898	14195.1838462591	
8591	8232.90919523356	
26058	14609.8452501976	
26789	14879.0897013988	
18071	11719.0636562738	
12889	9804.87039024237	
19726	12281.6285473675	
23225	13587.9618178997	
8790	8310.6498049156	
21267	12867.511107059	
21305	12881.9287740076	
8355	8136.94222277819	
14210	10282.4354256887	
16724	11227.5025412568	
12873	9797.8906192807	
25148	14289.8181333625	
28877	15596.5977681785	
22436	13296.8495550085	
22862	13461.4732775192	
10101	8761.78103720852	
25416	14381.9760076618	
15366	10717.8162907799	
18657	11906.7977312518	
10352	8847.08790520536	
25222	14314.3980942268	
27950	15282.4109901127	
23926	13848.6036312993	
24167	13939.2462661207	
12898	9808.56783027228	
29439	15776.5341511818	
23457	13670.1582659363	
15052	10607.9110105559	
14435	10362.8381725228	
10834	9044.45631850718	
28258	15383.0116090286	
19788	12306.2508685078	
14283	10309.8076667217	
25526	14415.635942675	
10823	9041.03544030387	
14611	10433.3874557323	
21992	13137.0598585983	
12443	9652.34325158053	
22496	13331.1182806879	
20760	12679.236179534	
15028	10594.9885559245	
29727	15888.0983553306	
18979	12020.7077693291	
22470	13319.1837804947	
29743	15897.6903818071	
21411	12919.0050907987	
13186	9907.09651722903	
20779	12685.2785184445	
13202	9911.32539227201	
26382	14725.7798121896	
8272	8109.91119971029	
17405	11477.3675554792	
19835	12326.1114639817	
23693	13762.7573449923	
9548	8564.69160717199	
20164	12436.6526661611	
18798	11956.2667589431	
25292	14342.3822812468	
18276	11779.3939876274	
9429	8534.11565373378	
27684	15197.3528411227	
14177	10274.0177634517	
23737	13774.1040502554	
11384	9237.97910718153	
18461	11844.4909322283	
22949	13491.6397507729	
18883	11980.0104666408	
11220	9180.96182550348	
19675	12255.8141147046	
16149	11028.0858217869	
17787	11624.7211786102	
20913	12729.6327560812	
22671	13386.698010092	
27787	15227.5615517178	
25065	14252.0993492809	
25567	14426.2997388962	
16782	11261.7032207836	
9406	8529.41985080457	
24430	14041.5558843136	
21334	12889.5627394736	
23996	13869.4376339528	
10670	8984.87974749174	
9918	8696.58561828387	
17824	11637.0583603331	
10549	8934.54511879689	
18641	11905.6440535493	
29960	15980.139404526	
20437	12547.0503217294	
23946	13850.944335503	
20579	12604.3827741427	
25714	14477.1206967892	
26572	14794.6775773515	
24005	13872.9492639531	
21085	12797.0026269541	
22905	13481.8833384113	
8818	8320.97079247282	
13746	10113.9943050751	
15518	10782.7286621475	
11998	9474.69284826642	
14546	10406.0506310342	
10560	8938.9946241579	
10007	8726.13469172555	
9106	8429.46440373988	
26811	14883.2395704851	
16344	11101.0586335794	
17134	11380.2784436291	
24577	14090.6695453872	
21877	13098.5499122639	
28586	15510.6579957114	
13814	10138.3918682758	
11210	9174.94944537755	
17253	11426.8469081385	
8767	8300.82639693321	
26831	14889.8312481539	
15214	10664.678019781	
24954	14212.473093631	
12255	9577.43214516781	
13818	10137.0456899223	
8774	8303.43398838464	
29854	15938.8468786789	
22996	13511.5003462469	
28397	15432.9601449114	
16983	11330.0174900005	
29041	15651.4313405619	
20444	12550.9651249978	
21161	12830.0436012587	
26732	14856.6834921281	
9615	8589.69538313788	
12716	9745.67821330655	
24151	13931.1285568081	
19797	12312.3054338211	
9261	8478.97455863607	
27289	15054.7270025381	
17819	11635.5052532794	
18780	11950.5681153157	
22011	13143.3029422272	
9522	8555.41534375186	
12902	9813.3460477988	
9446	8535.99972675368	
23125	13554.2666751678	
23822	13814.9745081621	
15804	10881.5894922622	
21735	13036.392326018	
18030	11712.5524672272	
17261	11429.4333287652	
16197	11050.2737886506	
25775	14493.8511804183	
27099	14983.1180157993	
13802	10132.3246071731	
27913	15269.4102447803	
26432	14743.538647305	
29948	15976.9486151528	
14709	10479.2946737629	
12143	9535.84596958749	
21353	12894.5502847873	
12071	9506.03447924649	
22679	13396.1172017251	
10151	8778.03306317797	
14348	10332.2744454873	
25108	14271.0150323208	
20368	12523.5949515009	
22971	13500.9741622493	
17046	11352.8716989573	
12257	9579.52943890334	
23853	13826.0864344547	
9920	8695.97488674148	
19968	12372.1199056004	
20718	12665.3211436539	
15925	10939.2631328382	
23023	13521.3750775537	
23426	13657.0577498791	
29407	15764.086097369	
12306	9601.04596316863	
15434	10749.1673132168	
13778	10123.8723705168	
15112	10629.9108539847	
14523	10396.5678188934	
28933	15617.4650227732	
19559	12221.9980117967	
12050	9500.69133634711	
25280	14336.1924208404	
29668	15873.5654763289	
25662	14457.3707759647	
14704	10476.2679685262	
27664	15187.589909503	
19852	12335.3568186682	
24345	13999.6798848732	
23008	13518.8810329507	
26424	14740.954968492	
14623	10444.5336360692	
29349	15747.1857405022	
29437	15777.3822805739	
28508	15481.0716023115	
14149	10264.9846944329	
10785	9030.67172366691	
8788	8314.00034591276	
28647	15528.7177933048	
17350	11456.8628871147	
24042	13886.4660327725	
15398	10733.4584420237	
26241	14678.1538830503	
12932	9828.53003676447	
19030	12043.8548829611	
20592	12610.9495296194	
12328	9612.35249490121	
27078	14979.452549936	
25399	14375.9026519842	
29297	15730.1273605461	
28328	15411.9735990707	
14147	10264.6394308026	
27453	15109.4666603531	
23732	13778.6521789518	
20443	12556.0350513812	
10300	8831.5831091402	
29847	15934.8226114804	
20664	12650.0294751721	
27228	15043.6033862846	
10405	8876.60373043111	
14504	10391.9395294003	
12016	9490.72961578645	
15307	10696.2950018683	
26695	14853.2388726497	
24122	13924.3661751618	
9298	8494.72949676902	
23709	13774.1893370516	
24006	13879.6754693052	
8710	8283.01449505753	
28087	15336.0612687357	
12629	9718.49558954988	
12890	9809.87202460406	
16343	11101.1930606799	
26947	14939.7049317787	
12666	9730.99899000069	
12009	9488.53956977303	
15625	10822.5374532968	
20320	12507.6623840759	
18410	11829.7105933678	
13003	9846.42124634535	
10384	8863.91547362502	
8513	8208.13735956705	
24231	13959.454166684	
25087	14269.5525243271	
24607	14106.90743388	
20240	12476.3155376894	
16993	11335.0669757161	
13362	9968.53356155033	
16704	11221.3472291927	
26161	14649.4884931713	
14331	10330.1620829525	
19976	12380.6422484948	
11471	9270.39695962816	
26165	14652.1140628737	
10883	9064.9233577144	
20020	12395.7364169861	
8104	8037.16344015541	
29554	15824.9150104005	
18624	11904.1638616026	
17592	11549.1253861921	
26657	14836.7601925678	
18116	11732.677025596	
26288	14696.4380548785	
27226	15039.8413832485	
24353	14011.6317709962	
23248	13602.1015744666	
27589	15163.4463701227	
8419	8169.76172857441	
19033	12047.6531889512	
16251	11067.4954816082	
24349	14009.0456558434	
17249	11427.1602274045	
10264	8820.31888180427	
22147	13197.1821399392	
8030	8012.68825680608	
13942	10183.8021698332	
17548	11531.2754491024	
20134	12426.7424775412	
10052	8746.33143876974	
11927	9448.05063747244	
22043	13159.6625210529	
18338	11805.6557755012	
15193	10658.3282401126	
12397	9633.52600188624	
21639	13005.8991857832	
22498	13337.853341055	
9454	8539.4750649759	
20186	12449.0789978062	
23997	13874.7815740643	
22488	13335.2625730146	
11936	9451.37612961762	
16058	10997.6224428963	
9646	8603.49852247327	
8711	8280.58520717574	
16115	11009.6610537775	
21967	13131.238448029	
12090	9511.69930468858	
26911	14919.6127834356	
8649	8257.92075333089	
9344	8504.80585941337	
22451	13312.8691675667	
16574	11165.3052471417	
24124	13920.8803725992	
8384	8153.85174758446	
9753	8640.44283732792	
26863	14903.001855548	
17615	11560.3233666906	
19127	12073.2148196889	
26144	14639.4258060676	
26802	14881.1211878812	
10397	8864.46096788368	
17759	11610.4209626142	
27386	15078.5835716308	
14664	10456.1132241302	
25434	14389.4628651391	
16153	11031.1044170666	
10937	9074.34878548344	
21781	13062.9120529922	
13527	10033.9421974653	
9849	8673.77842994117	
21783	13062.6265094907	
15365	10714.3673723165	
14258	10294.9801545101	
26334	14712.3906159366	
12352	9616.11935199058	
16128	11011.4232129471	
15634	10823.6617049313	
9460	8539.73367462854	
13974	10187.5210861617	
15818	10881.4498087771	
9845	8672.10286514466	
20605	12611.6626656669	
19397	12168.8217242103	
8610	8241.52557935637	
19306	12135.1814699057	
13431	9994.35727391129	
24047	13884.7754029021	
14796	10504.4764925281	
10703	8993.08316455832	
24616	14102.8973302352	
12811	9777.52997436446	
20245	12466.260245287	
23805	13809.6531917386	
27136	14993.6603861831	
20254	12470.8016051309	
23897	13840.9551670034	
18702	11919.0388712655	
24758	14147.3852983431	
13155	9891.12234203663	
29955	15978.5566367109	
19073	12056.8896625456	
20194	12448.7872516964	
21329	12885.6705859702	
28825	15584.1423233897	
17313	11442.1793499227	
15043	10598.5017952502	
10408	8870.32509263154	
27736	15208.4897566626	
25877	14537.7323955939	
23350	13629.0196243809	
19149	12079.3401506168	
16140	11020.589692062	
13140	9885.69373352718	
18218	11757.9759972906	
24948	14209.0183227365	
19668	12252.7983022168	
28433	15441.5992384039	
26671	14837.0579922744	
25240	14320.9317542244	
20027	12395.1055912278	
22029	13146.3290141645	
25950	14569.8722929553	
19096	12069.8288884339	
18720	11931.0448672301	
26850	14896.2484555767	
9628	8596.36626420373	
21373	12904.7141805779	
16889	11301.319768327	
14094	10241.5890108056	
18251	11775.1641849872	
27435	15092.3843416816	
20763	12676.2764065882	
26164	14648.6113325919	
14011	10208.9644494508	
26643	14824.5601462315	
19551	12223.3156134483	
29295	15725.9920796966	
20518	12584.6794008206	
21089	12799.3462294337	
12135	9536.67967465552	
11066	9124.03218127975	
26244	14676.2856462394	
18820	11966.7440969342	
17059	11364.0635401774	
13473	10023.5571796184	
26479	14756.9402823024	
14990	10580.5665117598	
13566	10051.677194448	
10162	8784.64206344664	
8543	8218.00330291409	
25474	14399.3559285995	
21838	13081.9808789911	
29558	15826.4535441187	
22934	13496.0167508088	
15650	10832.2276225464	
22912	13487.0173695902	
8957	8378.95836326245	
10622	8954.62571874011	
9892	8687.893867813	
15703	10845.8130857189	
23516	13693.7876146723	
23159	13569.0053243046	
21541	12966.900745857	
15473	10762.5682106067	
25871	14536.6352826993	
28326	15403.0637440286	
19960	12371.9783594701	
29148	15676.7292840764	
21446	12933.4158510591	
13383	9985.7027092882	
20389	12526.8062225202	
15718	10856.9198375833	
13512	10037.7117628407	
21050	12784.2520795689	
16802	11271.0734099481	
25689	14470.0433679251	
15036	10603.1281960211	
9944	8705.76534825646	
13179	9907.48768761171	
8349	8139.3081732743	
24382	14015.7997524439	
15716	10853.0369861298	
14806	10516.6777048803	
13471	10023.5857078915	
22626	13375.8082563876	
13449	10010.4034626905	
21215	12849.8228624695	
11161	9152.59458178309	
28256	15376.7368269045	
