idEmpleado	Sueldo básico	
19837	12300.0293952879	
29824	15933.4850683499	
17988	11638.8697417634	
28020	15281.0145873954	
13159	9870.56372029267	
13916	10147.6597982215	
22891	13416.1599303671	
11100	9123.40008519748	
23151	13510.6172550053	
27788	15196.7853005961	
28243	15361.0495325928	
26957	14898.5806623933	
10320	8841.84475282293	
14238	10266.7772854989	
14442	10344.2270096132	
18389	11780.3385834118	
10301	8834.58536157132	
18183	11707.8585232179	
26945	14894.0046871519	
20952	12711.6684488541	
22218	13173.5055470716	
19893	12321.3008066273	
17289	11383.1426330764	
9262	8461.46352983148	
29268	15732.356950516	
23097	13491.6074599566	
15669	10790.4034009159	
11215	9165.46161154539	
29542	15831.7693731896	
11581	9302.30170549001	
29035	15649.5403012491	
29249	15725.7280385707	
26427	14705.8548287981	
21509	12913.9789477521	
19952	12344.0208120011	
27666	15154.0644984478	
12365	9586.3033577736	
29484	15811.0957591846	
28575	15485.5377373684	
11091	9120.87220378261	
17066	11302.735788423	
19228	12082.7131476638	
8827	8299.74027364503	
10745	8997.9328666804	
28122	15318.7080432282	
11450	9253.46928148226	
27552	15115.499738192	
25034	14199.9251089058	
22331	13215.9652175456	
24358	13950.8431879575	
10572	8934.85938801191	
29754	15907.2057604358	
9754	8641.3360129303	
15104	10582.4210842058	
24711	14081.3971450931	
29945	15978.7285886606	
20511	12550.3424352735	
16718	11177.4062119319	
28748	15548.6576368793	
20046	12378.9562603361	
28228	15357.2563973056	
19691	12250.6983188217	
11552	9291.63071200793	
19572	12208.3155495153	
28744	15547.2449993469	
28994	15635.3214940221	
8540	8192.72583359514	
18793	11927.8658050708	
24278	13922.7564734978	
16750	11190.1625111653	
14040	10194.0352256382	
10821	9023.48960238671	
19615	12222.3207858495	
23870	13773.1324833693	
11872	9408.9326604311	
11008	9090.79239940773	
19055	12021.5605329823	
14561	10385.209766396	
11155	9142.75548660325	
25795	14478.8876690338	
25505	14376.1077217646	
20622	12590.47829201	
18856	11949.4963939998	
13188	9880.92618523209	
9009	8367.4423174781	
29292	15742.3345408134	
27456	15084.3920256404	
19339	12123.4337445923	
26769	14832.581802659	
20013	12365.2922233405	
15161	10603.7220631743	
25600	14408.8971458417	
8729	8262.43812230529	
16521	11106.5814770323	
12861	9763.61580647697	
27366	15052.0374696013	
15670	10791.0824356559	
19251	12091.4247241297	
11992	9450.6878673335	
29128	15683.3865492062	
10927	9060.74344788713	
16745	11187.6339331212	
8769	8277.16863540801	
13583	10025.8027063803	
18318	11756.8079623193	
29765	15911.3697856252	
18112	11684.8849745863	
15882	10868.203529561	
11238	9173.48842377471	
21724	12990.6047456854	
18879	11957.1680556783	
13966	10165.1326688775	
13608	10034.6507253287	
10951	9069.76996784553	
24497	14002.8485385714	
15599	10766.7781052956	
8832	8301.20192482192	
28368	15410.7045267758	
18553	11840.8732320372	
29464	15804.9104585335	
9507	8550.92946838165	
19194	12069.2920890028	
22008	13095.2840024118	
12288	9557.46425015734	
9605	8586.44044799099	
18402	11785.1380797965	
10097	8761.05148008142	
11081	9115.73930881719	
19028	12009.5166768923	
14483	10356.8951908298	
25302	14299.7099637518	
29815	15930.1358088526	
10571	8934.52189906245	
12020	9459.36893739708	
22897	13418.1442211467	
16754	11188.4737886435	
19879	12313.309656602	
13309	9923.6936876195	
24826	14124.1182229128	
9247	8456.07253185291	
19165	12057.4495662271	
19608	12216.1884960794	
16103	10949.9453208176	
13086	9841.9770569736	
9121	8408.12416766217	
9204	8438.58939429679	
20049	12374.246420513	
27770	15192.6681544598	
22035	13103.7329384609	
27217	14996.8377011813	
26548	14750.8355447794	
17283	11380.3779088801	
8693	8250.55149209246	
12537	9645.77740879998	
27599	15132.4570808245	
21733	12991.4513588843	
24741	14092.3499307094	
26463	14719.7043852507	
11963	9439.3622583893	
29927	15971.6698825227	
27649	15150.3183055438	
15070	10569.1456657691	
26838	14858.6868526687	
26721	14816.5932329449	
26375	14690.8947819336	
19075	12027.0322468258	
11391	9230.6107698151	
9575	8575.28178793158	
18021	11651.6257466989	
15739	10814.374749928	
25725	14453.4684486936	
25506	14377.5082372024	
11542	9286.58630386302	
17297	11384.8007001843	
18292	11747.4608923064	
19937	12334.7409723023	
11092	9119.34676818519	
16931	11253.3069454382	
11177	9149.34008249517	
8413	8147.85105369419	
28371	15410.8916592835	
12324	9568.38332562166	
19036	12012.0063703563	
21788	13012.678975711	
17894	11606.0596460505	
16019	10919.3320548718	
29116	15679.5843167601	
28035	15288.7444902625	
14399	10326.9118565726	
9172	8426.69286226234	
22013	13096.1238579341	
23377	13593.6052713513	
9327	8484.3314292302	
24903	14152.4483403901	
11599	9305.75422630913	
12104	9488.30390045806	
22731	13357.5016434107	
19381	12133.3520878727	
16647	11151.08227504	
20070	12381.0919208364	
27812	15207.9786244817	
18439	11798.9646325814	
17717	11541.0424077609	
14300	10289.3581885329	
9487	8543.36925248772	
9025	8373.32730757693	
13772	10093.7916050171	
21385	12865.7507919081	
24216	13898.3165164936	
15693	10797.7161085222	
18648	11872.1045906991	
15806	10839.0429852712	
23312	13570.3643027555	
11558	9291.5112046951	
9537	8560.77822323925	
23347	13581.9349799221	
26015	14557.1392954128	
13100	9846.00787695777	
16814	11210.5335868944	
18368	11771.5627270618	
19979	12347.4479300657	
13359	9941.86627955263	
25168	14248.369931359	
16852	11224.9328844365	
23723	13718.2508919939	
10371	8859.86317734228	
24204	13893.1768079722	
16602	11134.1379634729	
13732	10079.0464738752	
14223	10259.1569918483	
27167	14977.2393288916	
21718	12985.9946803125	
8286	8102.22467039815	
21118	12768.2481616588	
10590	8939.8724292125	
17916	11611.9270267021	
24567	14027.3409178608	
12753	9722.64818182338	
20309	12469.3097232232	
16874	11232.7323384735	
10274	8825.5404498547	
15738	10813.833524852	
11826	9390.42797376887	
28693	15529.1957480503	
20543	12554.5882715632	
14218	10257.0808726629	
8063	8023.24096859584	
27775	15192.8202245351	
23378	13591.6701171508	
18232	11723.819246387	
16053	10931.1646050453	
17644	11511.4937664529	
10540	8922.81850097832	
28289	15379.5195479782	
8094	8033.64399077075	
22481	13266.1123449291	
23261	13550.5947012224	
8871	8316.10952332435	
20589	12571.1072965391	
29130	15683.5060751454	
14828	10480.1504996047	
27118	14959.6536415441	
15661	10786.7043180329	
17994	11639.1595246453	
18506	11820.4767796306	
26919	14886.1099103867	
15517	10736.8183148731	
10214	8802.11614109674	
8965	8351.63877548261	
21620	12948.8511965372	
28770	15554.5940620613	
21303	12834.4911135894	
22789	13376.6981537345	
29942	15977.8012484209	
16095	10946.0222772071	
12229	9533.61440521368	
9512	8551.43830578375	
26462	14719.1741833087	
26323	14670.3446128733	
17509	11461.170019331	
10309	8836.62220874644	
26407	14700.3565834371	
23239	13542.4678463221	
25448	14355.2272274882	
28147	15327.992386803	
17520	11465.7455624387	
19186	12063.1761793341	
9994	8722.70512241996	
21027	12734.604170888	
18089	11673.7600842834	
24661	14061.3323254796	
23702	13711.2313945364	
22167	13151.5408852843	
21167	12785.8036480778	
10076	8752.58183886883	
13154	9865.88680831058	
8075	8027.12920681905	
23817	13751.2684491236	
18188	11708.7189684197	
23585	13668.4783611765	
28670	15520.2625577898	
27849	15221.1248274991	
26794	14841.1814490525	
9766	8642.81892061365	
19481	12169.2251843257	
24757	14096.6734914559	
24860	14134.7956127183	
10609	8945.01725255745	
20209	12433.4972707711	
25855	14500.0295855571	
20969	12714.6740391453	
26770	14831.4205179137	
12540	9645.76491045103	
11067	9109.93727720805	
26812	14846.883866399	
18391	11779.7939161676	
11904	9417.18579522203	
20203	12431.4770905448	
19874	12311.1671378422	
8973	8354.73121719189	
15759	10822.9337310525	
13558	10014.1131924531	
19197	12067.5119702087	
20867	12677.8786911992	
26926	14887.5188710576	
13092	9843.36266752489	
29131	15682.950228305	
9621	8590.89450565674	
27863	15225.219409552	
10987	9080.13546889654	
12156	9506.48519839462	
15697	10800.1698566601	
16268	11010.455214889	
10761	9001.86625169677	
18843	11940.9074615412	
12458	9615.49738124735	
29616	15859.1751343846	
21481	12899.6489257084	
14029	10186.0020431625	
11398	9231.3188953471	
22662	13330.9499497204	
16560	11118.1589267767	
19816	12289.2078516489	
25133	14234.5745853309	
27119	14959.0860451381	
27877	15229.9118075659	
19190	12065.4664840854	
19125	12041.6036080763	
24329	13938.9197816788	
21682	12972.7879227012	
9230	8448.70101308855	
17864	11595.6521162743	
11971	9440.10131128137	
17206	11353.9877512278	
15821	10845.544630124	
23142	13506.1493653367	
16654	11153.6128572904	
13968	10163.3027578533	
12848	9755.30004955609	
14400	10325.8625168008	
25621	14413.7232631509	
23244	13543.9011070616	
12747	9719.79784300541	
17208	11353.3618018745	
21748	12993.5443871625	
13290	9914.50418248517	
18507	11820.9653030247	
9769	8643.89865875426	
22219	13169.0298156669	
22391	13231.3864851517	
18785	11920.618781783	
20442	12517.5368695136	
14185	10245.4750473823	
16455	11079.8482424951	
16304	11023.7812674715	
29191	15704.7748042758	
23748	13724.9053408042	
24046	13832.9373848778	
23731	13718.7926460611	
29055	15657.6070634916	
23896	13777.8961834395	
17995	11641.3466202288	
15286	10651.974723978	
14202	10252.4314868508	
9730	8631.43445580799	
24258	13910.8330821203	
11745	9360.06854537878	
29052	15656.4674636612	
24925	14156.3216215727	
25683	14434.7580962045	
25757	14461.884523957	
23656	13695.8723765313	
16627	11144.3488761523	
29619	15860.1395263617	
15743	10817.5956321962	
29416	15787.0488426588	
11845	9398.36108377127	
10577	8935.84604977437	
11421	9241.03019816849	
21878	13044.5818626529	
17366	11408.9465045412	
17400	11421.5678253312	
26886	14872.5737924094	
9948	8707.53329652712	
10901	9052.16914091826	
18816	11931.164143575	
11720	9350.17706889202	
25467	14360.2530687862	
8902	8330.20648375629	
16619	11140.7698258482	
29400	15781.2440245325	
22634	13320.6754724126	
20242	12444.5101117922	
13783	10097.6929860644	
20526	12547.9663333613	
15611	10772.3766429221	
15946	10891.9263830837	
28526	15467.3663561546	
15467	10721.9273460665	
27457	15082.7113050421	
9515	8554.43563710639	
19472	12164.4978393635	
14844	10487.5770371815	
26507	14734.2717194624	
26603	14769.5019611947	
25107	14224.7464052517	
11779	9373.18799336124	
14567	10385.3355210206	
8723	8262.25261029892	
16887	11236.7324248127	
25324	14306.4137205046	
21179	12789.0592910298	
20645	12591.9071867093	
9854	8674.21078340812	
19705	12248.6605589505	
14482	10356.3283581083	
21123	12768.7728278193	
13365	9944.44142745083	
11311	9200.26234593255	
20935	12700.270312233	
20561	12560.6560132283	
16236	10999.8154765925	
28145	15326.2609799049	
16281	11015.5517957246	
26280	14653.514071672	
11154	9141.20905154441	
11451	9251.36226473905	
10884	9046.6558900879	
17100	11312.1731930003	
8132	8045.2189892741	
21473	12895.1224595751	
13332	9930.99472761666	
25080	14213.9187037078	
13951	10158.3188931264	
20370	12490.1462255466	
27921	15244.4486651777	
10569	8933.99078814964	
8387	8138.30207294705	
13351	9938.03133533245	
15775	10827.4227356666	
15038	10557.9761502137	
27141	14964.8415478714	
24765	14098.0004584873	
22019	13093.4740589436	
21308	12834.3561053436	
16217	10992.1847335027	
10011	8728.76828570327	
18371	11770.2993283841	
24089	13849.032427114	
14043	10191.637975253	
24508	14003.6038151028	
10612	8947.48495563282	
25227	14267.1040102221	
24555	14021.6570338335	
14939	10522.0552918138	
23277	13554.6201605138	
21317	12838.2368594586	
28541	15472.0252414569	
8230	8080.75764779037	
23482	13628.2929096503	
21689	12973.3841405126	
8894	8326.53210327333	
27434	15073.1623280203	
8605	8217.03362102482	
25420	14341.6099652376	
20057	12375.4189928879	
26069	14575.140587322	
14700	10433.5882935829	
19524	12184.0645578616	
21777	13004.2118937728	
11920	9422.33756995869	
20744	12630.4707548723	
8017	8006.41009211839	
25509	14372.839610266	
13905	10142.2941620193	
23392	13595.8144653569	
21492	12901.8150181052	
14153	10232.7869209614	
24992	14181.195690381	
18056	11661.3293381693	
9133	8412.44076584114	
23073	13481.0629363549	
16783	11197.6234629739	
11101	9120.53521774734	
13633	10041.6151741713	
18866	11947.6375039423	
18064	11663.8907173946	
8538	8192.26166987431	
28999	15636.2636013125	
27061	14935.5260650327	
14628	10406.211805719	
12035	9461.96554669271	
8169	8057.54442515669	
19878	12309.7384256822	
24105	13854.038595154	
14150	10231.4440469404	
29708	15891.6792198511	
24177	13880.9668374625	
26561	14751.8640937059	
9259	8458.93711245569	
20170	12417.0441461806	
25300	14295.1799921203	
28862	15586.2347705226	
10331	8844.82053334118	
10127	8769.30040529431	
11786	9373.13306023047	
10598	8941.07486351443	
29716	15894.2643999561	
18676	11879.3628718142	
21559	12926.2408264569	
9796	8652.80514240861	
15173	10605.4499384972	
11563	9290.82955107597	
20177	12419.428309621	
22349	13215.8521438091	
28597	15492.3212041577	
22117	13128.9086402994	
24374	13952.6271102729	
24977	14175.4184468535	
14597	10393.9724612953	
9962	8711.52827549331	
25539	14382.8789174477	
15691	10797.3246922704	
22440	13248.5384928289	
15153	10598.0000880538	
29897	15960.372023266	
20595	12572.9263297156	
18156	11696.6716664362	
9415	8518.80101511199	
29762	15910.8501150789	
23685	13704.1352455058	
27293	15020.8481806427	
17561	11480.9228272554	
23740	13722.2585779253	
27922	15244.2851919887	
13837	10117.2607737208	
24215	13894.8281658324	
14476	10352.8029296327	
8962	8351.23481245303	
9840	8668.48211394087	
16261	11006.5626404279	
18366	11769.6263174385	
19884	12312.8987980601	
15442	10710.0227748556	
25269	14282.7209226241	
29454	15800.7618672218	
8479	8171.13599561673	
17987	11638.1161155357	
27497	15093.886281873	
25476	14361.7173909963	
22040	13102.535406641	
13350	9939.05210957818	
29193	15705.548390609	
20006	12357.8916324106	
29307	15747.4088369624	
24589	14034.1652287329	
17604	11497.8552998499	
14430	10337.6962776937	
25171	14246.8204452874	
10235	8808.92838202833	
21209	12800.2067305149	
22427	13244.4031970782	
28280	15375.4633848441	
18919	11968.5127567353	
27853	15222.1055809511	
12501	9631.95696176587	
27580	15124.5271112418	
17791	11568.5709731507	
22234	13175.1431176323	
16505	11098.5913700883	
12407	9597.49303832533	
15624	10776.1057106667	
23405	13601.3922978199	
23141	13506.9363329126	
28313	15387.4098208674	
21596	12941.9019580548	
13704	10069.9801193876	
8250	8087.30191741479	
27142	14965.8175702048	
15687	10797.238220832	
29422	15789.2360276492	
10581	8934.81021417994	
20669	12602.7853845632	
13944	10157.0836241157	
15721	10808.3147084379	
18349	11765.0831359276	
28113	15315.2997900337	
27575	15123.0311948448	
24426	13974.8497409629	
11340	9210.11996325577	
26187	14619.4054738709	
17760	11557.1318881387	
19304	12105.9824843453	
28732	15542.3064304247	
18638	11868.275383426	
23848	13762.1594433497	
20106	12394.1629325944	
8945	8344.38604132477	
17572	11487.9171939045	
20795	12650.7639608582	
9865	8676.23475597996	
20670	12602.565022466	
25765	14462.9729979033	
18991	11995.2949117847	
21106	12764.2243526709	
14394	10326.4296959743	
19945	12337.6598117583	
14055	10198.6120576964	
21678	12970.4818115432	
15709	10805.5068789076	
18906	11964.1851093453	
17367	11410.5533824351	
17254	11371.8787074889	
17471	11449.5822244555	
10814	9019.69235437908	
18629	11865.3965163349	
9756	8641.61781251506	
22356	13218.3797607284	
11209	9160.19804829741	
17492	11457.0224450235	
14368	10316.6571717321	
8003	8001.49591639708	
23387	13593.7212321878	
18913	11965.0231543766	
20339	12479.1858962174	
24612	14040.3611501867	
26332	14670.1232263214	
24664	14059.0858673952	
12518	9638.66094948662	
12479	9625.25037751778	
9495	8547.73902546043	
12763	9725.59407806284	
20665	12599.3847235103	
14365	10315.0536093465	
13843	10121.003464852	
16747	11186.6710051832	
14804	10471.8372162766	
9664	8607.49047277844	
22839	13392.8592714448	
9319	8481.88501246361	
28424	15427.4233241693	
22085	13116.6877323374	
13930	10152.5493833015	
16701	11169.3428620553	
22439	13245.9348539104	
16810	11208.8520914357	
8516	8185.25318064972	
9806	8656.40025988985	
25931	14522.6140760456	
8008	8002.87886709109	
22096	13120.5416308346	
27731	15175.783171866	
27754	15184.1879930274	
8089	8030.89474888094	
14423	10334.1067891261	
9866	8674.73883958288	
27260	15008.8437902782	
14879	10497.9498435268	
28662	15516.1090155673	
26483	14723.8632024843	
18042	11656.3064696529	
25259	14278.5739443631	
9534	8559.95110820977	
17186	11345.2314340254	
14219	10257.7678534471	
14165	10238.5910312825	
26717	14811.1686589248	
10928	9056.82509814241	
11670	9328.57875960347	
24048	13833.0213491959	
11841	9393.55930005832	
8100	8034.12733973662	
29528	15825.5204892836	
9878	8678.31303583379	
19101	12029.5991208542	
22307	13199.9694393948	
24091	13848.9465330955	
14682	10424.3783701325	
26471	14719.0883004661	
11508	9270.33380478171	
24109	13855.107969537	
24537	14013.7229664315	
28719	15536.4717913496	
12516	9635.78208239553	
20409	12504.7087466832	
11783	9371.95585359445	
14999	10541.4060850355	
20583	12568.4899746294	
29952	15980.9468202204	
11997	9446.26462526911	
19511	12177.827214905	
29932	15973.8873727498	
11020	9091.38145721116	
26326	14668.9960689605	
21283	12825.5785428107	
11183	9148.84937980624	
20551	12556.7366241276	
26706	14807.3179492761	
10512	8911.5750086082	
16263	11007.343822628	
20120	12397.6834325109	
27595	15128.4280825073	
28154	15327.8215002864	
9908	8689.59272684976	
26163	14609.3195670328	
21997	13086.414291098	
28215	15350.2626825824	
25879	14505.8749571936	
19011	12001.2956280267	
22131	13134.1373497314	
15773	10825.7923064874	
20627	12584.4654201458	
18393	11778.8615430607	
25169	14245.7752107856	
10402	8868.7552329473	
23520	13642.5835032214	
26532	14742.1021530135	
27026	14924.1690258142	
26800	14840.5226873423	
10445	8885.81199985268	
29171	15697.184946247	
14176	10242.6786842955	
10977	9075.87827792199	
29678	15882.3141343344	
12574	9655.19413429089	
11917	9419.67192730851	
27075	14942.7458825255	
11204	9156.52442032309	
18596	11852.7344930231	
15923	10880.749741048	
9762	8643.23281526716	
27345	15041.6285838194	
12180	9512.80336152427	
18199	11711.7444778382	
21412	12872.6503722708	
26486	14726.6798870297	
26366	14685.9014661451	
26816	14846.8790644998	
16316	11026.4625153628	
28396	15418.2944555852	
13573	10021.6931710121	
19113	12035.5311278419	
9552	8567.19434660263	
15833	10846.8094704891	
26185	14620.4723187818	
28880	15593.3617947592	
19553	12195.0258296891	
15826	10845.6062464256	
23950	13800.2408360132	
27749	15182.9950395892	
14631	10406.7472267927	
23488	13632.5675983134	
29912	15966.7952619338	
8072	8025.76300875552	
17091	11310.158876381	
13937	10155.0047482154	
24638	14052.5498045853	
28472	15445.507365952	
27323	15034.3985925589	
22273	13189.6476397243	
24884	14143.6684085725	
25019	14193.7382622593	
15293	10653.1404641704	
11105	9120.54588697876	
20365	12490.9045344642	
18405	11784.1637226679	
16434	11071.6620586215	
8201	8067.11706522252	
11788	9373.12483851478	
13898	10142.0753459176	
27111	14956.6820370763	
29717	15895.2230885137	
18724	11897.7065104515	
28406	15422.2282317571	
26858	14864.1188288406	
18050	11661.6538184051	
12626	9675.48433769284	
25115	14229.0688074329	
11483	9261.8418155526	
13681	10061.8323395317	
22371	13224.6460976194	
19283	12097.1396360999	
17215	11356.2835843099	
20848	12669.7394534339	
9295	8474.00251425523	
16270	11010.6652169538	
27436	15074.8333218856	
12108	9487.04035276875	
9101	8401.5856014572	
15459	10717.6456240554	
9859	8674.13008244435	
27909	15240.3941001931	
29487	15812.4804719409	
24045	13836.8148756385	
11518	9274.62604701269	
18524	11827.9549087528	
11813	9382.39066367149	
28475	15446.6484596239	
25450	14355.9049360249	
15801	10836.3085961138	
20450	12521.6997361377	
19372	12127.9087644666	
12069	9472.48140791081	
18041	11658.1654900956	
8632	8226.31300251294	
14916	10511.524138279	
12796	9734.86108786187	
9484	8544.56703017678	
11219	9161.64417991491	
29029	15648.5050579759	
9312	8479.52041052259	
29517	15823.4809971524	
24989	14183.6655503994	
21684	12972.5662530272	
29907	15965.0015421049	
13645	10046.5287724726	
15808	10837.4546779494	
24444	13983.4010107365	
9778	8646.54337272353	
12093	9480.23931751039	
20963	12709.3304007823	
12380	9584.62170585274	
29074	15665.5314637653	
26277	14655.4792144594	
12058	9467.94526347329	
29220	15716.2879368832	
8241	8082.74261657276	
24655	14060.891634813	
24891	14147.6021847444	
16345	11036.1639200878	
14281	10279.2631547336	
14143	10228.835878069	
29650	15873.1638714081	
25654	14425.5332194388	
23224	13540.1326033939	
11032	9096.73733315279	
15225	10624.6582281891	
29169	15698.1180942143	
20237	12443.426450921	
24385	13962.4783759762	
11522	9275.80412909193	
25936	14530.2662917088	
8891	8325.39617285384	
10084	8753.08054348132	
14170	10238.1252135328	
10351	8850.64908529196	
10923	9056.7285497937	
15819	10839.9142189137	
24141	13871.8133335336	
27868	15228.09727454	
10733	8990.50023080339	
17344	11398.9896529349	
26677	14800.1050869003	
21418	12875.6656185145	
24830	14126.9781953315	
16075	10937.078030285	
20287	12462.3773007013	
15751	10817.0021934514	
14039	10190.2202266223	
9390	8510.02506562975	
14698	10428.7815217063	
18096	11673.9694530489	
14610	10396.9648454324	
24828	14125.4802598271	
22767	13369.2419032423	
25177	14250.6845324536	
29868	15950.3171257443	
29334	15758.1323309607	
28431	15432.4336496333	
26869	14868.2642089521	
28398	15421.8705442836	
16625	11139.3365837351	
12258	9539.97455981559	
15378	10684.0649967473	
8574	8204.43518841846	
24973	14179.0641090735	
11479	9259.2255329989	
26988	14912.450920284	
20166	12417.3540009266	
9691	8617.29617818133	
26287	14659.5593870895	
22421	13242.828397659	
8530	8189.07830127938	
27006	14919.5049102043	
13642	10045.6636892844	
26900	14880.2735017986	
17427	11428.7307911686	
16238	10997.4982528936	
8822	8298.55502410725	
15170	10603.0545731089	
20756	12634.3600324515	
29471	15807.6560347377	
23134	13507.897867592	
18825	11933.4013852912	
17705	11533.6968542699	
23396	13601.8346760431	
19388	12133.3014462764	
14064	10199.9159130267	
17301	11383.838640239	
18977	11987.4406810791	
10483	8900.33195954763	
11590	9298.59621883305	
17370	11407.4805692804	
27237	15003.5491245815	
29466	15806.2267302564	
24077	13851.1636470683	
13137	9859.01509311936	
19341	12116.040090153	
20856	12671.230430096	
29861	15947.914086258	
12639	9677.85249728609	
23249	13549.9263804173	
25575	14399.6481925247	
12348	9572.92404844096	
13113	9850.46567854027	
22260	13185.9531240472	
17574	11484.8911517695	
17554	11477.4599352281	
19241	12079.8165705427	
25821	14488.9684014437	
15763	10821.953741285	
21630	12952.8188728508	
28503	15459.5773068534	
21288	12829.3790765243	
14156	10233.9041765006	
28929	15614.2145095459	
23477	13631.4387161431	
23411	13606.5731745244	
27650	15150.3681424774	
15163	10602.6005123754	
13636	10045.7626627971	
27387	15059.3096199722	
17691	11528.612280045	
9177	8429.91331984751	
29219	15716.9642186337	
22740	13360.9631682564	
13068	9835.3478283786	
11277	9185.52917669785	
27542	15113.2781799479	
19554	12194.5000422162	
21817	13021.2584086793	
28100	15312.6907010156	
25368	14326.2678227975	
8959	8350.64093784925	
10548	8925.20207582284	
27455	15084.4336520342	
11884	9408.00784221292	
18826	11934.973819151	
13739	10082.9357067509	
25423	14347.7437302227	
13832	10116.9435242736	
9803	8655.8415110483	
24807	14120.0993424841	
21464	12894.8702387954	
11228	9165.48693979415	
18864	11947.5130866969	
13080	9839.01891197964	
26063	14578.1014927561	
21121	12769.6449480809	
8539	8192.01222071052	
8615	8219.72493092517	
19714	12252.441918595	
21662	12965.6719476756	
13703	10068.6299177206	
24222	13902.1514234609	
15210	10618.5428773139	
13570	10021.3141003723	
24402	13969.7348726772	
13129	9855.95982980726	
20363	12489.5025102838	
17200	11350.6052956686	
14336	10299.3619750717	
20023	12364.1817552802	
29685	15885.3165283265	
12055	9467.70999276438	
17641	11509.2630402694	
26196	14626.5510500532	
27531	15108.9363690042	
18744	11904.1770007015	
16651	11149.4705244663	
25051	14206.206667333	
12687	9696.46489699207	
17680	11523.6374677735	
10218	8802.62441225472	
9328	8485.65698810185	
11833	9389.92115174882	
10594	8939.21027748809	
26218	14633.7420412496	
27973	15264.4263800534	
18365	11769.4511319368	
17675	11521.9442562768	
16952	11257.2463356225	
20165	12415.8842286169	
27011	14921.2659592374	
18945	11974.775111291	
10126	8768.81649008431	
14468	10347.01875334	
19732	12257.6379050769	
14751	10448.4895143884	
25320	14306.6591985089	
21933	13063.1195516619	
17448	11438.2729695357	
13729	10079.0139893438	
23371	13593.4331964671	
16234	10997.138434554	
29500	15817.5815492019	
19826	12291.6597557681	
25128	14234.7828141576	
17419	11427.160246031	
23547	13656.2238995248	
22636	13320.9620366436	
15497	10730.0825429755	
15351	10673.9244920546	
12471	9620.1744236146	
13474	9985.80555337752	
25917	14523.2600339331	
10015	8728.80445082151	
19470	12163.0475354209	
12372	9582.97292961877	
20431	12512.2302717121	
12640	9679.33259982585	
17308	11387.5720591226	
26419	14705.3084926239	
24721	14086.5086978704	
10669	8967.55825400704	
8268	8093.35896004613	
24169	13883.4777464548	
22963	13442.9157960428	
18763	11910.5414170355	
9931	8698.89350268007	
11217	9162.24428692937	
14533	10368.9131449763	
20830	12660.4468546158	
23385	13597.5178021926	
24723	14086.3509728044	
15605	10767.9336977973	
28941	15617.4509076483	
24300	13930.2042713064	
23956	13805.4859777007	
9836	8668.07543889995	
22026	13098.2613959807	
15430	10704.4274633305	
16808	11206.5817952187	
12441	9608.2024805286	
25718	14448.4890952932	
10188	8791.86171330133	
9593	8583.32184356792	
15690	10795.7098050023	
21583	12935.4604058598	
22986	13451.5150773579	
8121	8040.01203926281	
24995	14183.9712179191	
15355	10674.6649754581	
24317	13936.2592426763	
20740	12627.3265986831	
12630	9675.5474925393	
21031	12732.9644769118	
18994	11992.5052914734	
20736	12625.87494246	
15990	10903.7794745079	
13336	9934.10380274714	
26819	14848.7439597252	
14402	10324.241397122	
15496	10728.2667433509	
20382	12493.9796125954	
16120	10952.0488916673	
24682	14069.6356883597	
21970	13076.406689862	
17712	11533.8234508102	
27843	15217.8718555802	
26977	14905.8091262848	
15698	10798.6001795151	
25461	14357.5615577202	
10517	8914.89749071882	
28382	15413.9688757313	
27168	14974.9051364953	
8504	8180.99026390397	
22025	13097.1060120953	
28998	15638.0196025772	
8491	8175.69654070572	
28643	15510.0371164782	
16486	11087.7679414525	
9381	8507.455390183	
25748	14459.0263396776	
9812	8658.88146341726	
16187	10978.2730690102	
29159	15694.2481695182	
26475	14724.1876119395	
10679	8970.19120350955	
20150	12410.8034802651	
24578	14034.9692208855	
17956	11624.9456161749	
11602	9304.32932884634	
15983	10901.7065031928	
26505	14733.9716361528	
25174	14249.5174362555	
9042	8380.18606620849	
9304	8478.31505186777	
22072	13114.2228679332	
17609	11496.4402036259	
15475	10722.2260249416	
17638	11506.9151537059	
27969	15261.8863541921	
23712	13717.5885502797	
25983	14545.7059510731	
22419	13241.4118597477	
29529	15826.4096601989	
12864	9759.76748473931	
25915	14522.290366945	
23534	13652.4214621877	
12128	9494.55722863533	
28990	15635.8584648165	
19993	12354.4856888961	
20257	12450.1784017543	
17325	11393.7423580297	
26808	14846.3358612947	
25410	14341.2885695422	
18633	11865.2150574444	
13701	10069.3852799336	
12184	9515.70654358515	
16951	11257.8007221491	
28200	15345.4480764202	
19311	12106.2154863524	
27576	15123.0199705451	
11270	9182.90263469466	
17015	11280.8635101099	
12125	9494.27085066879	
17497	11455.8550545275	
14012	10180.925854566	
11222	9164.45143947585	
26112	14594.7190702868	
29183	15702.6752120362	
29958	15982.8831441621	
19415	12141.5793989513	
22987	13453.4705157641	
19021	12003.1219627723	
18519	11825.8815872603	
15664	10789.8668399033	
29771	15913.3203886046	
17391	11417.4696036696	
16655	11151.8634088113	
24307	13934.4806847789	
8566	8201.89724499448	
17112	11317.7697413218	
16016	10916.2462516298	
25577	14399.110756069	
27990	15270.4599272788	
21358	12854.150927092	
28634	15507.9641451631	
29694	15887.6357748581	
29752	15908.2288667132	
20435	12514.9710087641	
25603	14408.9297719341	
17879	11598.5163243481	
8663	8238.63948147681	
17269	11376.7779485214	
28340	15400.6996673535	
8390	8138.86638364702	
20489	12534.685915585	
16968	11264.8424409632	
18300	11747.1410090789	
20040	12370.5546056715	
28832	15578.8416301733	
22730	13357.8389274691	
27381	15057.7023919009	
12948	9791.88201659912	
29034	15652.9753206544	
8597	8212.90628994485	
27216	14996.7078859902	
28312	15390.6203952574	
16298	11020.4542740343	
17753	11551.4217296389	
18876	11951.8946688398	
26262	14651.9156762641	
25466	14363.8431347738	
22635	13323.3200373702	
27628	15143.5508314257	
10177	8788.44574503063	
19586	12206.7737189153	
15636	10783.7918786257	
19041	12010.4035828311	
20772	12640.1199235768	
18861	11947.8909093644	
14306	10293.2900797079	
11462	9256.22257276262	
13722	10079.7480615227	
11565	9293.74544010206	
20082	12384.366819814	
18737	11902.9399174745	
13715	10076.6925672426	
20677	12602.4222954188	
18130	11687.0152036133	
25181	14255.1809243183	
20800	12648.4779476414	
29083	15670.3285945907	
26627	14781.3088031399	
25440	14355.6390546056	
15816	10844.0583175253	
19734	12260.0673494209	
11106	9124.36423503066	
26530	14746.1354354146	
27380	15057.5536373339	
24085	13857.4430411018	
8331	8117.34374990563	
21394	12867.1815008238	
19999	12356.8071370743	
9538	8563.07633992428	
29330	15757.0140956701	
22395	13234.6731895742	
16005	10915.3194441066	
19660	12233.2271170957	
26155	14612.2539223229	
18810	11932.0926647317	
12832	9750.89403695934	
27943	15254.4388581321	
27523	15107.0210855021	
9154	8422.66369630707	
22528	13285.5515504654	
19293	12101.6163547065	
21700	12977.9543303782	
9358	8498.13657649706	
16970	11268.6085008404	
19870	12309.9663724704	
21537	12920.0153187476	
15644	10788.1980998387	
28162	15333.439070421	
22565	13296.2408053206	
28079	15303.4167211984	
27176	14981.5870816734	
28842	15582.534331634	
27135	14967.6809827647	
19839	12299.4925139004	
20468	12528.3783956097	
16454	11082.4094838847	
19114	12037.6564432111	
21628	12952.8499454972	
26628	14782.676882475	
18517	11830.5471594588	
22914	13426.1085788841	
21477	12899.4154356883	
12177	9516.67172159845	
12236	9536.73134443198	
27648	15149.6936302398	
10716	8987.62047336792	
24049	13843.4654501469	
24449	13990.1683730959	
29324	15754.9225388816	
20400	12504.286887359	
22826	13394.0390895093	
9535	8563.30750908857	
25445	14358.6451068328	
10950	9070.08750414014	
26517	14742.4419628188	
28017	15282.1130190427	
9709	8626.2276585336	
17536	11477.5269345741	
15524	10747.5872648636	
10583	8937.42772235415	
22651	13329.145650067	
23199	13533.7424304028	
27388	15060.5663317538	
11470	9259.65961872584	
10141	8775.42701399672	
23528	13652.1388579403	
18850	11947.6384613419	
29823	15933.7346031953	
13730	10083.8755267131	
10341	8849.68318084706	
23689	13713.2375937483	
14325	10301.5889126349	
8885	8324.34420302713	
20641	12592.1165368483	
29611	15859.4429715813	
27794	15202.2009190182	
17493	11461.2826087797	
27110	14961.4052320651	
19334	12118.9148706006	
17106	11322.3458991024	
27430	15076.5498686007	
21198	12798.0297267428	
28830	15578.5165315394	
10184	8791.95391796155	
13260	9909.37763168913	
25620	14418.2795725848	
11373	9223.88922480116	
24196	13897.5934786245	
23258	13557.0505510816	
22422	13246.265376567	
14750	10456.1818253511	
9525	8560.12950863695	
14066	10205.2626806336	
24052	13845.2491601208	
25845	14501.4015093918	
29706	15892.3661484813	
24030	13838.8491039345	
8712	8257.0121028726	
10100	8761.30433043526	
12130	9497.55477229951	
21859	13039.982012026	
24232	13909.7308469516	
18730	11906.2928463827	
26960	14905.2393580346	
26646	14791.0492936108	
16476	11092.4501768744	
8664	8238.96330606144	
12874	9766.5285699845	
11339	9210.64453255881	
28721	15540.2410438006	
18487	11820.830410263	
12595	9664.82242646852	
28231	15358.6120639735	
28412	15425.2413657611	
13133	9860.87785375345	
9441	8531.11592332419	
24354	13955.2258988634	
25208	14268.6124137922	
28206	15350.2819870367	
14481	10357.1474414119	
20188	12428.2496331391	
24606	14050.0449827174	
14537	10376.6840521138	
21300	12837.6101501461	
25545	14393.501355496	
22161	13153.1080851113	
8275	8096.32623200134	
14815	10479.0950429063	
24718	14090.7150274565	
29914	15967.0768231	
11752	9363.35181508369	
16781	11204.2705059071	
25018	14200.1009016298	
15194	10621.3600983011	
25244	14282.3638870764	
11224	9166.81902164911	
10454	8891.73688036005	
9851	8673.27717350483	
13504	10000.9046243508	
26712	14816.9274548147	
24957	14179.3162665234	
28497	15457.3606548167	
20891	12686.9489460657	
24512	14016.809507281	
11926	9425.43496630408	
10185	8791.35939888254	
11317	9201.51744466346	
15619	10780.0213148724	
18954	11984.3713063674	
24389	13970.2855860676	
13335	9937.14024961793	
28810	15570.2366901423	
10494	8906.7301158359	
25579	14404.1568890233	
21932	13069.3051391604	
27194	14989.9370293086	
17692	11533.0467948378	
27406	15068.6826962366	
9389	8511.73800253856	
12520	9637.94120849946	
16213	10996.123944873	
23809	13759.8682631552	
18082	11675.813542528	
11429	9243.56770945879	
24951	14176.8892287169	
9683	8616.55990435582	
17504	11464.7215248387	
21029	12737.2519656724	
11158	9142.87747868471	
9915	8694.05883210435	
29001	15639.3790429641	
22508	13281.9487253586	
19742	12267.7077894414	
9445	8533.35453222196	
19495	12177.8311748886	
21666	12970.8889783225	
11757	9363.09603665168	
19998	12359.8745448328	
17357	11412.175183842	
23380	13602.1419566135	
18860	11951.5906404478	
22611	13316.3049171289	
25830	14494.7237365389	
8339	8120.4294413889	
24550	14029.9365734821	
12955	9793.11512494139	
14318	10297.5403900712	
29436	15795.9440126065	
23237	13552.0549591407	
28044	15292.4268577678	
23469	13633.7722268113	
13031	9823.05418412343	
8449	8161.53917096627	
8993	8362.96341585133	
18486	11820.8035099417	
9143	8419.4480033682	
18381	11781.5471122887	
17444	11443.3812366069	
29562	15839.9202785641	
10238	8808.87506194826	
22639	13326.6378740438	
20283	12464.2654789911	
12522	9637.14383618773	
17022	11290.312474263	
25374	14330.9065431035	
20805	12655.1915242594	
17052	11302.5289007009	
9021	8373.37558361393	
14128	10226.3257141348	
8280	8098.41616083794	
23455	13626.8409926569	
27713	15173.172250005	
18026	11656.5075123946	
15985	10909.5960459251	
23611	13686.3505680516	
23594	13679.8190277441	
27970	15265.1445266163	
17750	11555.3841011391	
16804	11213.6311359767	
20067	12383.7741037755	
25344	14319.0195142846	
18062	11668.7775122322	
27747	15185.1970065316	
13106	9850.45062091688	
16392	11060.2866052931	
23972	13816.3248588407	
22074	13120.4095543923	
18727	11904.7443735901	
20962	12712.5510222803	
18313	11758.3831715204	
11286	9189.34186603378	
24256	13919.7148000448	
20438	12519.9542662687	
15143	10603.3001218938	
8761	8275.50408256962	
28579	15487.3251614567	
18091	11679.1610809412	
16777	11204.4112622758	
12940	9789.52289828543	
11790	9374.74504922272	
25822	14490.5862242405	
13304	9924.16480645731	
23289	13569.6182984717	
22976	13453.6387983028	
12599	9665.5858651109	
25745	14460.5999768063	
24930	14166.5466717289	
22433	13251.9431250412	
15334	10676.6128477997	
24859	14140.9844821975	
11187	9154.30347675192	
8630	8226.16301114958	
8642	8229.75010063022	
17477	11456.1461747885	
14846	10489.8555476637	
12579	9657.86036181164	
22502	13279.0684724595	
29410	15786.6932152709	
8643	8230.02586896998	
9401	8514.58168426276	
28705	15534.7819698671	
28334	15397.7845271108	
18038	11660.8245613337	
25764	14467.9425426144	
26972	14909.0742948042	
29195	15707.1261926122	
15276	10653.2179837363	
10905	9053.20739050079	
15229	10634.0919633555	
25021	14199.0254065949	
13510	10000.657946803	
19174	12060.7332643404	
12876	9765.86120285367	
13075	9838.88608675398	
24180	13893.187879535	
20100	12394.8547078273	
24746	14099.1592137605	
12780	9731.55820822881	
8512	8184.86475580598	
20658	12599.6866284868	
29027	15649.7781871118	
29638	15868.4664293511	
11388	9228.13152579038	
26045	14571.5665400827	
15149	10604.0796947685	
10658	8963.1788548842	
23618	13689.9646994145	
10938	9063.8080914802	
8319	8113.44457423009	
26170	14617.643720758	
14081	10208.2566889973	
18697	11892.4678656703	
16158	10974.3853933059	
11520	9274.94121402267	
13082	9839.96307935564	
27478	15092.8016971298	
25198	14263.3402451236	
27507	15101.6757558573	
25973	14544.5645034986	
13403	9958.45967249873	
18455	11807.38199307	
22051	13113.3392812281	
15189	10617.8511616857	
20322	12477.5874412049	
19402	12140.3265353946	
21995	13093.5702124115	
25741	14460.3018082959	
25541	14390.8640138762	
23268	13562.9582952536	
24730	14095.0008398364	
17757	11558.7011480512	
17727	11547.5102642307	
28897	15601.8284594649	
17951	11630.3392404832	
10385	8864.80349715092	
29075	15666.315540516	
24934	14169.6530013204	
21980	13089.258021251	
18612	11863.8628478459	
24324	13945.89543992	
13552	10017.1614931976	
12383	9589.4098922561	
10593	8939.7628162707	
19048	12016.4482425975	
18974	11990.7687175976	
24769	14108.1900811327	
10997	9086.34787103457	
9337	8490.919988831	
29998	15998.9230073983	
26672	14800.3861824052	
24825	14131.5144627036	
27215	14997.4834579031	
16728	11186.9937047302	
25093	14226.4050833073	
10189	8792.30463541686	
14966	10536.4389058838	
22424	13250.6152676654	
21063	12750.5440845855	
14687	10431.2400046881	
23120	13510.509482357	
14878	10502.8770465883	
28068	15299.1006855383	
17595	11500.8497962266	
13556	10018.4437343937	
16388	11058.9425727068	
26290	14660.7464247666	
19803	12290.6394062055	
28191	15344.0461528227	
9119	8410.13771687175	
13985	10173.6475388397	
10539	8923.14869580937	
11247	9174.08222387269	
16869	11237.8129080114	
9635	8598.66906357867	
29846	15941.2981793011	
14104	10217.9721008139	
19487	12173.5764649574	
26124	14601.4029190882	
9324	8486.81872360726	
24552	14032.1364542619	
19022	12007.2223413769	
24384	13969.3818194649	
25549	14391.9410064779	
26574	14762.5721128483	
29902	15963.4863771328	
20550	12561.217690148	
8986	8360.51655950049	
11794	9375.42337615761	
15792	10838.0346050663	
25365	14328.3645912671	
14646	10415.7002728506	
11912	9419.10891673486	
15295	10658.0180165628	
25431	14353.353365489	
17440	11443.0183933317	
15447	10718.0608076593	
24706	14088.5600960295	
27008	14921.319081877	
10642	8957.50566989067	
22642	13330.022292831	
13016	9817.55067492721	
12809	9742.30171821187	
8228	8080.78227195925	
23988	13825.2754685587	
24131	13877.2374865959	
21625	12957.4322388309	
18319	11759.6705498917	
15107	10588.3246411515	
25255	14285.1069040061	
26055	14574.332534603	
25462	14362.8624409264	
26258	14649.2123485772	
19730	12263.7253609783	
20110	12399.1035504262	
12147	9503.28714098003	
20476	12533.4952271234	
10493	8907.15967906041	
21033	12738.2776833783	
13659	10054.9573572608	
25846	14497.7248825588	
25291	14300.2298652661	
16000	10915.2160300478	
20398	12506.0115477564	
13733	10081.7731256046	
29335	15757.9472659891	
28622	15504.0397790745	
25895	14516.0642073099	
21424	12884.4595425224	
22162	13155.650670247	
22339	13223.2373716418	
19362	12129.4120047844	
22428	13252.2573830803	
23491	13643.8972491975	
16642	11156.7964307763	
19593	12214.5857793347	
14231	10264.9206231651	
24158	13888.5995475057	
9549	8566.66553791923	
10435	8885.33462625245	
16239	11006.0541383019	
10213	8801.54714025629	
23842	13772.191918349	
16469	11090.3164721515	
19727	12263.7020704633	
29908	15965.5021503407	
18331	11766.4879242734	
22160	13155.3835557566	
25184	14258.9144661366	
21328	12850.0662245089	
26980	14909.5231662083	
12995	9810.90112859891	
11717	9350.28241265113	
21372	12866.3617246162	
14760	10459.7807873319	
27308	15029.7924275649	
26958	14902.3346448794	
22378	13236.2901704555	
24461	13999.0091463546	
24648	14067.3282025695	
25493	14373.1977075214	
25693	14441.368031521	
26885	14875.2110073693	
22911	13432.6739709045	
10929	9061.86953236436	
14717	10444.9205298186	
11060	9110.60505784611	
10766	9005.31509937966	
11052	9106.928930202	
8510	8184.51777109155	
27899	15238.366517815	
26248	14644.8956796177	
8929	8340.49414114118	
18572	11852.9430571259	
27357	15048.9032189589	
23623	13696.1777423025	
9433	8528.03794691713	
29521	15824.8995578964	
8674	8242.30947729308	
13823	10116.2709752639	
18965	11991.4593417158	
14453	10348.6562233179	
8715	8257.14974117333	
8096	8034.39331801347	
25143	14246.1275040387	
17349	11412.3362430429	
15615	10779.1295921333	
9059	8385.89565846412	
16722	11184.1164618657	
19355	12127.0040032114	
22590	13312.2511344553	
21818	13028.6304527096	
29698	15889.590401151	
14869	10499.3373353497	
14906	10512.1369187311	
20557	12564.6861067809	
13308	9926.33613288698	
8930	8339.51794744447	
13582	10028.4469397871	
13019	9818.78154064472	
26830	14854.8970924946	
15567	10761.1728248937	
19137	12048.4546255546	
24670	14074.396695045	
23399	13611.699706694	
8737	8264.62748659059	
12057	9470.40698745773	
23084	13497.3393555253	
23962	13817.4585056573	
21093	12763.6030450294	
25860	14501.7544806477	
27443	15077.435086983	
21725	12993.9806931624	
18659	11882.7381710907	
13713	10075.8688608538	
19067	12024.5414842034	
24972	14184.2182903477	
26788	14840.8176893558	
27760	15186.5464668658	
23505	13649.5332893215	
29073	15665.7909376853	
10001	8724.70939938198	
23973	13821.198637514	
21677	12979.9249269906	
15888	10872.2666366362	
14079	10209.7360651054	
26559	14755.3052784667	
24023	13841.1568057915	
11695	9340.80613839478	
14826	10484.2171121781	
18336	11769.8416094155	
8523	8188.51999947267	
23903	13796.4526181093	
25647	14423.5279366484	
16934	11261.3738827693	
11394	9230.28651682208	
25293	14300.2015977633	
14006	10182.7530461283	
14660	10422.6936113195	
24412	13981.5000174481	
13347	9941.92925558515	
22497	13281.790236608	
15053	10568.4371528069	
25639	14420.5134168363	
23432	13625.2495225637	
25113	14234.8160474723	
8099	8034.64975954716	
19009	12006.8522300603	
9159	8423.46847449591	
25819	14487.5954345277	
25517	14380.4678164332	
16457	11085.5184435311	
11185	9152.97148057864	
20042	12378.9136504656	
13923	10152.9906029594	
24819	14130.1876931126	
21564	12939.9741873797	
27420	15068.529698564	
16772	11202.1300584088	
17318	11401.9636415886	
12163	9509.3222081239	
17940	11629.2501816662	
19436	12156.5332171305	
17130	11333.2413934792	
10737	8993.76143561386	
25330	14313.2344811751	
11533	9280.98246887372	
26053	14570.4527565141	
9700	8621.3642883214	
10330	8845.5823440317	
23701	13724.3398864401	
18996	12001.4652442194	
20154	12418.1240780363	
11328	9205.04644941774	
18165	11707.6040337363	
14556	10384.0007010773	
24896	14156.2722465751	
28350	15400.6852206777	
28230	15354.675404427	
20749	12637.4505891639	
13986	10175.0863055583	
15531	10748.4530484064	
22868	13417.6883312956	
15839	10853.2107038671	
19286	12103.7492957449	
9890	8684.32316588439	
27328	15035.548518894	
11907	9417.53896764365	
19748	12270.5373336889	
22093	13131.1861896567	
19800	12290.3123294424	
27889	15231.6718991993	
27182	14980.6229877195	
27288	15020.7299697309	
20298	12472.1778093242	
25327	14312.6790739189	
11110	9125.25701947755	
27898	15235.1957593277	
22890	13426.7519812224	
28110	15312.0150413886	
21604	12953.8335785986	
12037	9464.1970030331	
17265	11385.4879417389	
28837	15577.8861304642	
10104	8763.25554808753	
14539	10379.0025722138	
26315	14667.3943654948	
29862	15947.9250311609	
9844	8671.3096167293	
29364	15768.9899018821	
29934	15973.9154465375	
23187	13539.288966702	
29213	15713.854294137	
26031	14564.6794692449	
11383	9226.8773360303	
26573	14760.8691597175	
25044	14211.5618503706	
11597	9303.32251326336	
27876	15229.4920977342	
8848	8309.43826972946	
28010	15277.685962281	
29624	15863.4435012301	
14319	10299.9154228251	
17559	11490.1780986647	
20521	12555.2700145893	
25826	14492.6679872408	
21787	13020.8422564998	
22807	13397.3941083054	
21001	12732.8686400935	
22800	13394.9249598174	
11473	9258.74368159973	
27012	14921.0764872474	
13430	9973.9332394553	
8126	8042.66036303838	
29124	15683.6170105653	
9960	8710.88930252515	
28250	15362.9651066675	
24011	13839.8022008314	
13749	10089.9551557796	
12754	9724.74672353116	
13544	10016.9288003896	
27469	15087.6234877331	
10056	8746.22935091435	
20372	12501.5474318068	
22151	13157.2707431192	
26542	14751.0233627404	
28661	15517.8176050623	
9136	8415.94351847467	
23885	13793.8526337006	
23652	13711.3086496067	
8287	8101.11722354829	
29509	15821.9345062142	
8016	8005.70366159347	
22038	13117.313711493	
8098	8034.32907910753	
21963	13090.3900773685	
27691	15164.281580208	
29715	15895.3098430742	
16285	11022.6161158749	
14246	10270.5875608467	
22700	13358.1603157139	
11505	9270.00025718939	
16800	11215.0563910674	
16976	11276.3846569119	
25876	14510.2462202824	
10896	9052.83895929011	
17766	11565.3557272467	
29087	15671.1939310987	
26895	14881.0624586796	
9404	8515.98803350515	
28337	15397.90405305	
9020	8371.75964953925	
27824	15213.3673574838	
23087	13504.7453742031	
25260	14292.5094693399	
8532	8190.06247454791	
27555	15117.2141503157	
23893	13798.3679910183	
25367	14332.9073555455	
23909	13804.2466518489	
27153	14974.8503821785	
20648	12604.8987380252	
28901	15603.5414746048	
27278	15021.5599904869	
22512	13293.8077362691	
11966	9436.80917538554	
26986	14915.3728256539	
21320	12856.6195279623	
8024	8008.33128393084	
15116	10593.2269331968	
12272	9546.60772231715	
28527	15467.6552635933	
15725	10817.1860849565	
29502	15819.3675949328	
19987	12366.5864078172	
10061	8746.92854320022	
18613	11872.5670966658	
22992	13469.8446940025	
24422	13991.3012115244	
19269	12104.4317838291	
16711	11185.6676354938	
29577	15846.6236739637	
12239	9534.8810597951	
22469	13277.8646001955	
25311	14313.4045965566	
29255	15729.357574009	
9665	8608.56714873042	
14871	10500.9582873904	
26731	14824.8042421531	
29571	15844.2666045596	
24370	13973.1759270528	
11764	9365.91358918972	
12313	9562.4024875287	
22298	13218.369464026	
17023	11295.7371786683	
10079	8753.26157768875	
12601	9666.45878258462	
19517	12193.4964005805	
24398	13982.5769206428	
21907	13073.4370448969	
