10026
10038
10069
10082
10120
10128
10185
10192
10219
10278
10302
10307
10598
10611
10640
10643
10727
10772
10778
10810
10862
10995
11016
11038
11089
11112
11120
11195
11237
11246
11305
11306
11387
11388
11402
11473
11494
11502
11562
11602
11633
11702
11714
11726
11736
11770
11815
11838
11848
11849
11870
11892
11916
11941
11950
11952
11960
11962
11978
12006
12147
12170
12192
12219
12230
12238
12264
12281
12320
12329
12375
12388
12433
12447
12485
12589
12594
12606
12615
12640
12653
12670
12694
12793
12797
12813
12838
12853
12872
12875
12877
12903
12905
12912
12918
12922
12933
12955
12998
13057
13106
13143
13152
13183
13216
13221
13245
13292
13326
13429
13430
13465
13589
13600
13645
13650
13659
13742
13749
13769
13785
13919
14074
14084
14100
14107
14112
14138
14158
14159
14162
14192
14227
14246
14254
14369
14482
14520
14521
14549
14575
14734
14757
14813
14820
14893
14927
14936
14964
14967
